0 0.04836309523809524 0.5115740740740741 0.00992063492063492 0.023809523809523808
0 0.07415674603174603 0.5367063492063492 0.025793650793650792 0.04365079365079365
0 0.0744047619047619 0.40674603174603174 0.016865079365079364 0.016534391534391533
0 0.16939484126984128 0.6099537037037037 0.011904761904761904 0.023478835978835978
0 0.1810515873015873 0.6349206349206349 0.015873015873015872 0.0205026455026455
0 0.15290178571428573 0.4750330687830688 0.017609126984126984 0.016865079365079364
0 0.18030753968253968 0.4965277777777778 0.041666666666666664 0.06514550264550265
0 0.18018353174603174 0.45866402116402116 0.020089285714285716 0.016534391534391533
0 0.11941964285714286 0.46478174603174605 0.018601190476190476 0.011574074074074073
0 0.14583333333333334 0.40062830687830686 0.01636904761904762 0.020833333333333332
0 0.12735615079365079 0.44246031746031744 0.01711309523809524 0.025793650793650792
0 0.0876736111111111 0.42311507936507936 0.009176587301587302 0.008928571428571428
0 0.32626488095238093 0.5077711640211641 0.01066468253968254 0.04133597883597884
0 0.3236607142857143 0.4538690476190476 0.029265873015873016 0.022156084656084655
0 0.4289434523809524 0.43154761904761907 0.023065476190476192 0.013227513227513227
0 0.4564732142857143 0.40757275132275134 0.029513888888888888 0.06845238095238096
0 0.474578373015873 0.5209986772486772 0.019593253968253968 0.018849206349206348
0 0.7607886904761905 0.40691137566137564 0.03298611111111111 0.060515873015873016
0 0.712921626984127 0.37020502645502645 0.00818452380952381 0.010912698412698412
0 0.6950644841269841 0.3683862433862434 0.007688492063492063 0.007936507936507936
0 0.4712301587301587 0.2080026455026455 0.010912698412698412 0.007936507936507936
0 0.4781746031746032 0.19907407407407407 0.003472222222222222 0.004629629629629629
0 0.45808531746031744 0.2099867724867725 0.004464285714285714 0.005952380952380952