0 0.06716666666666667 0.577125 0.025 0.01675
0 0.07133333333333333 0.621625 0.08333333333333333 0.06075
0 0.053 0.61975 0.014666666666666666 0.0145
0 0.12716666666666668 0.5875 0.057666666666666665 0.0335
0 0.078 0.74425 0.046 0.049
0 0.10366666666666667 0.73 0.026 0.037
0 0.19683333333333333 0.609125 0.019666666666666666 0.01425
0 0.23866666666666667 0.63575 0.028666666666666667 0.05
0 0.2585 0.662875 0.019 0.04525
0 0.3383333333333333 0.6635 0.03266666666666666 0.0435
0 0.31966666666666665 0.635875 0.02666666666666667 0.03475
0 0.36533333333333334 0.617 0.037333333333333336 0.044
0 0.36 0.589 0.009333333333333334 0.0075
0 0.42533333333333334 0.57925 0.026 0.0195
0 0.4543333333333333 0.581625 0.03333333333333333 0.04825
0 0.49466666666666664 0.592125 0.027333333333333334 0.03125
0 0.4815 0.623375 0.043666666666666666 0.04775
0 0.426 0.698 0.017333333333333333 0.023
0 0.5551666666666667 0.616875 0.034333333333333334 0.03175
0 0.7615 0.5775 0.023666666666666666 0.023
0 0.7916666666666666 0.6145 0.025333333333333333 0.0305
0 0.8276666666666667 0.605125 0.026 0.02175
0 0.9203333333333333 0.569375 0.03133333333333333 0.04375
0 0.9511666666666667 0.5975 0.037 0.046
0 0.9725 0.561375 0.029666666666666668 0.03675
0 0.9488333333333333 0.569875 0.014333333333333333 0.01175
0 0.574 0.646125 0.027333333333333334 0.02175
0 0.5776666666666667 0.613375 0.021333333333333333 0.00675
0 0.1505 0.670625 0.009 0.00375