0 0.0954861111111111 0.4634589947089947 0.006448412698412698 0.008267195767195767
0 0.12748015873015872 0.48330026455026454 0.01636904761904762 0.03141534391534392
0 0.10788690476190477 0.5127314814814815 0.010912698412698412 0.020833333333333332
0 0.22321428571428573 0.546957671957672 0.016865079365079364 0.018518518518518517
0 0.2465277777777778 0.5238095238095238 0.023809523809523808 0.04894179894179894
0 0.2465277777777778 0.43353174603174605 0.0248015873015873 0.023809523809523808
0 0.25210813492063494 0.45634920634920634 0.021081349206349208 0.021164021164021163
0 0.13132440476190477 0.26355820105820105 0.013640873015873016 0.021825396825396824
0 0.34337797619047616 0.5319113756613757 0.018105158730158732 0.05853174603174603
0 0.3695436507936508 0.4675925925925926 0.030257936507936508 0.037037037037037035
0 0.3709077380952381 0.5219907407407407 0.05084325396825397 0.08961640211640212
0 0.4242311507936508 0.5183531746031746 0.04241071428571429 0.06448412698412699
0 0.4383680555555556 0.5309193121693122 0.017609126984126984 0.04794973544973545
0 0.45808531746031744 0.5239748677248677 0.025297619047619048 0.08300264550264551
0 0.4992559523809524 0.4583333333333333 0.03273809523809524 0.06878306878306878
0 0.5337301587301587 0.416005291005291 0.017857142857142856 0.021825396825396824
0 0.48127480158730157 0.40575396825396826 0.015128968253968254 0.03306878306878307
0 0.6656746031746031 0.46924603174603174 0.010416666666666666 0.013888888888888888
0 0.7302827380952381 0.4623015873015873 0.05233134920634921 0.07671957671957672
0 0.7529761904761905 0.4021164021164021 0.024305555555555556 0.041666666666666664
0 0.8050595238095238 0.4699074074074074 0.02976190476190476 0.03968253968253968
0 0.7922867063492064 0.3921957671957672 0.021081349206349208 0.04894179894179894
0 0.8029513888888888 0.5216600529100529 0.021081349206349208 0.02017195767195767
0 0.7979910714285714 0.5537367724867724 0.006200396825396825 0.01951058201058201
0 0.8311011904761905 0.5479497354497355 0.032242063492063495 0.06878306878306878
0 0.8441220238095238 0.33664021164021163 0.015625 0.015873015873015872
0 0.8010912698412699 0.4158399470899471 0.022817460317460316 0.015542328042328041