0 0.2145 0.57675 0.03233333333333333 0.035
0 0.2618333333333333 0.579375 0.029 0.02375
0 0.32916666666666666 0.57 0.041 0.0615
0 0.4533333333333333 0.705375 0.02 0.02775
0 0.6183333333333333 0.490625 0.03333333333333333 0.02325
0 0.6583333333333333 0.556375 0.04133333333333333 0.07425
0 0.6886666666666666 0.5675 0.021333333333333333 0.031
0 0.7171666666666666 0.613 0.026333333333333334 0.0395
0 0.7401666666666666 0.592625 0.019666666666666666 0.03325
0 0.7675 0.538625 0.028333333333333332 0.02425
0 0.9098333333333334 0.536875 0.041 0.02125
0 0.9408333333333333 0.552125 0.019 0.02825
0 0.9895 0.537875 0.02033333333333333 0.05725