0 0.02068014705882353 0.4977532679738562 0.0352328431372549 0.07066993464052287
0 0.45143995098039214 0.5357434640522876 0.022365196078431373 0.025735294117647058
0 0.4693627450980392 0.5249183006535948 0.0196078431372549 0.05473856209150327
0 0.48514093137254904 0.5053104575163399 0.01011029411764706 0.008169934640522876
0 0.5545343137254902 0.5247140522875817 0.03982843137254902 0.0559640522875817
0 0.5893075980392157 0.5383986928104575 0.02665441176470588 0.058823529411764705
0 0.6018688725490197 0.5806781045751634 0.02971813725490196 0.05269607843137255
0 0.9915747549019608 0.6039624183006536 0.016237745098039217 0.020016339869281044
0 0.7411151960784313 0.6098856209150327 0.03676470588235294 0.0718954248366013
0 0.8040747549019608 0.6168300653594772 0.026041666666666668 0.05555555555555555
0 0.5162377450980392 0.5018382352941176 0.003676470588235294 0.0053104575163398695
0 0.9315257352941176 0.6213235294117647 0.012561274509803922 0.008986928104575163
0 0.9724264705882353 0.6084558823529411 0.00428921568627451 0.006127450980392157