0 0.033166666666666664 0.53225 0.053 0.064
0 0.07966666666666666 0.423 0.02 0.0215
0 0.10683333333333334 0.48825 0.015666666666666666 0.0205
0 0.193 0.50275 0.035333333333333335 0.0405
0 0.22583333333333333 0.520125 0.03233333333333333 0.02475
0 0.26666666666666666 0.580125 0.062 0.05425
0 0.2841666666666667 0.51375 0.025666666666666667 0.0155
0 0.3215 0.5345 0.017666666666666667 0.0205
0 0.3938333333333333 0.56775 0.051666666666666666 0.0325
0 0.4056666666666667 0.602125 0.03866666666666667 0.02075
0 0.4488333333333333 0.5935 0.035 0.032
0 0.4405 0.535375 0.043666666666666666 0.03175
0 0.39016666666666666 0.5075 0.025666666666666667 0.018
0 0.3526666666666667 0.48325 0.015333333333333332 0.014
0 0.362 0.49925 0.016 0.011
0 0.7168333333333333 0.63875 0.041 0.041
0 0.7388333333333333 0.580875 0.024333333333333332 0.01925
0 0.7685 0.57025 0.036333333333333336 0.018
0 0.818 0.53125 0.028666666666666667 0.017
0 0.8706666666666667 0.60875 0.037333333333333336 0.0355
0 0.7601666666666667 0.610625 0.049 0.05275
0 0.973 0.57125 0.03933333333333333 0.0245
0 0.6493333333333333 0.547 0.013333333333333334 0.019
0 0.2095 0.614125 0.035 0.05675
0 0.17433333333333334 0.5435 0.028666666666666667 0.0245