0 0.17283333333333334 0.615125 0.035666666666666666 0.04125
0 0.18783333333333332 0.577625 0.023666666666666666 0.02075
0 0.217 0.556 0.022 0.0055
0 0.25416666666666665 0.59375 0.037 0.0435
0 0.332 0.5795 0.034666666666666665 0.0425
0 0.33516666666666667 0.612875 0.009666666666666667 0.01025
0 0.39466666666666667 0.57175 0.03266666666666666 0.0545
0 0.41833333333333333 0.564125 0.04666666666666667 0.05525
0 0.47883333333333333 0.565125 0.047 0.06725
0 0.5028333333333334 0.52725 0.01633333333333333 0.013
0 0.5323333333333333 0.56475 0.036 0.051
0 0.531 0.529 0.016 0.0085
0 0.7881666666666667 0.545125 0.037 0.03725
0 0.7613333333333333 0.556125 0.024666666666666667 0.03325
0 0.7718333333333334 0.511125 0.02033333333333333 0.01375
0 0.7453333333333333 0.510875 0.024666666666666667 0.01425
0 0.8618333333333333 0.519 0.03833333333333333 0.036
0 0.883 0.54175 0.02266666666666667 0.0135