0 0.01 0.579125 0.02 0.02925
0 0.028166666666666666 0.60125 0.021 0.0125
0 0.059666666666666666 0.60925 0.042 0.0295
0 0.06133333333333333 0.5805 0.027333333333333334 0.0205
0 0.2848333333333333 0.55675 0.04566666666666667 0.034
0 0.36133333333333334 0.505875 0.02266666666666667 0.02175
0 0.37483333333333335 0.578125 0.027666666666666666 0.04075
0 0.39816666666666667 0.548 0.02033333333333333 0.014
0 0.4251666666666667 0.582125 0.07033333333333333 0.04325
0 0.4085 0.618375 0.053 0.02275
0 0.4835 0.56325 0.033666666666666664 0.0245
0 0.18866666666666668 0.601125 0.016666666666666666 0.01025