0 0.038449754901960786 0.5843545751633987 0.027879901960784315 0.0559640522875817
0 0.1410845588235294 0.5669934640522876 0.0352328431372549 0.0718954248366013
0 0.22319240196078433 0.5012254901960784 0.03829656862745098 0.09395424836601307
0 0.2864583333333333 0.5388071895424836 0.041666666666666664 0.10049019607843138
0 0.3772977941176471 0.48427287581699346 0.04136029411764706 0.051879084967320264
0 0.4018075980392157 0.4424019607843137 0.03829656862745098 0.05555555555555555
0 0.46721813725490197 0.4528186274509804 0.009191176470588236 0.01184640522875817
0 0.5471813725490197 0.4297385620915033 0.027573529411764705 0.032679738562091505
0 0.6263786764705882 0.46895424836601307 0.046875 0.11601307189542484
0 0.6712622549019608 0.44342320261437906 0.04350490196078431 0.08946078431372549
0 0.7303921568627451 0.35947712418300654 0.013480392156862746 0.02287581699346405
0 0.7279411764705882 0.3958333333333333 0.02144607843137255 0.049836601307189546
0 0.7449448529411765 0.4244281045751634 0.020526960784313725 0.03758169934640523
0 0.8097426470588235 0.3790849673202614 0.05698529411764706 0.09722222222222222
0 0.8527879901960784 0.37030228758169936 0.03400735294117647 0.09844771241830065
0 0.8777573529411765 0.2959558823529412 0.03125 0.046977124183006536