0 0.03993055555555555 0.4307208994708995 0.026785714285714284 0.05919312169312169
0 0.1427331349206349 0.41335978835978837 0.019593253968253968 0.03968253968253968
0 0.10032242063492064 0.30952380952380953 0.023561507936507936 0.027116402116402115
0 0.20498511904761904 0.44229497354497355 0.013640873015873016 0.01488095238095238
0 0.38244047619047616 0.35714285714285715 0.02132936507936508 0.037037037037037035
0 0.3810763888888889 0.40046296296296297 0.019593253968253968 0.03902116402116402
0 0.4176587301587302 0.40062830687830686 0.01984126984126984 0.03273809523809524
0 0.4227430555555556 0.43039021164021163 0.031001984126984128 0.02414021164021164
0 0.44308035714285715 0.5901124338624338 0.017609126984126984 0.044642857142857144
0 0.4429563492063492 0.5562169312169312 0.01240079365079365 0.021825396825396824
0 0.45089285714285715 0.5424933862433863 0.005456349206349206 0.018849206349206348
0 0.7297867063492064 0.501984126984127 0.024553571428571428 0.03835978835978836
0 0.7203621031746031 0.45353835978835977 0.024057539682539684 0.023478835978835978
0 0.9501488095238095 0.5472883597883598 0.019345238095238096 0.046957671957671955
0 0.9543650793650794 0.5087632275132276 0.01984126984126984 0.0248015873015873