0 0.011182598039215686 0.5735294117647058 0.022365196078431373 0.08333333333333333
0 0.058363970588235295 0.5098039215686274 0.02297794117647059 0.03676470588235294
0 0.12162990196078431 0.4426062091503268 0.024509803921568627 0.060866013071895424
0 0.2026654411764706 0.5075571895424836 0.01133578431372549 0.05106209150326797
0 0.22855392156862744 0.48856209150326796 0.024509803921568627 0.08169934640522876
0 0.22441789215686275 0.5410539215686274 0.020526960784313725 0.01838235294117647
0 0.3017769607843137 0.497140522875817 0.025122549019607844 0.032679738562091505
0 0.35860906862745096 0.5388071895424836 0.029105392156862746 0.051470588235294115
0 0.37331495098039214 0.49754901960784315 0.029105392156862746 0.03104575163398693
0 0.4174325980392157 0.5496323529411765 0.04258578431372549 0.1090686274509804
0 0.4384191176470588 0.4789624183006536 0.030637254901960783 0.04861111111111111
0 0.4722732843137255 0.5008169934640523 0.02297794117647059 0.058823529411764705
0 0.5064338235294118 0.5120506535947712 0.023284313725490197 0.0298202614379085
0 0.5287990196078431 0.46711601307189543 0.02022058823529412 0.0428921568627451
0 0.6174938725490197 0.5038807189542484 0.03768382352941176 0.09436274509803921
0 0.6524203431372549 0.5002042483660131 0.03155637254901961 0.07720588235294118
0 0.6868872549019608 0.5392156862745098 0.034926470588235295 0.08986928104575163
0 0.6884191176470589 0.4164624183006536 0.032475490196078434 0.046977124183006536
0 0.7406556372549019 0.4199346405228758 0.036458333333333336 0.042483660130718956
0 0.7593443627450981 0.5044934640522876 0.03155637254901961 0.0857843137254902
0 0.7875306372549019 0.3984885620915033 0.03829656862745098 0.056781045751633986
0 0.8108149509803921 0.44485294117647056 0.0070465686274509805 0.03104575163398693
0 0.9151348039215687 0.4244281045751634 0.03676470588235294 0.08823529411764706
0 0.9558823529411765 0.3772467320261438 0.02389705882352941 0.05024509803921569