0 0.13816666666666666 0.5955 0.028333333333333332 0.0355
0 0.1705 0.60975 0.023 0.038
0 0.20216666666666666 0.60075 0.022333333333333334 0.031
0 0.2771666666666667 0.549375 0.029 0.04475
0 0.3315 0.581875 0.023 0.03775
0 0.37133333333333335 0.564625 0.025333333333333333 0.04275
0 0.448 0.635125 0.02666666666666667 0.02775
0 0.49416666666666664 0.638125 0.024333333333333332 0.04075
0 0.5586666666666666 0.667875 0.03 0.03425
0 0.6886666666666666 0.56775 0.042 0.027
0 0.8363333333333334 0.634625 0.086 0.07325
0 0.7663333333333333 0.57975 0.013333333333333334 0.0155
0 0.7965 0.582375 0.014333333333333333 0.02325
0 0.846 0.5615 0.043333333333333335 0.0155
0 0.9015 0.570875 0.011666666666666667 0.02275
0 0.964 0.550625 0.030666666666666665 0.02875
0 0.546 0.5735 0.015333333333333332 0.0105
0 0.6205 0.5425 0.026333333333333334 0.007