0 0.0135 0.58625 0.026333333333333334 0.043
0 0.04666666666666667 0.601375 0.012666666666666666 0.01775
0 0.24333333333333335 0.642875 0.03933333333333333 0.05025
0 0.29533333333333334 0.649625 0.021333333333333333 0.02775
0 0.2781666666666667 0.5225 0.018333333333333333 0.0145
0 0.342 0.573125 0.04066666666666666 0.01625
0 0.3295 0.599125 0.029 0.01125
0 0.5331666666666667 0.571375 0.034333333333333334 0.01825
0 0.5236666666666666 0.627625 0.023333333333333334 0.01375
0 0.5096666666666667 0.597 0.015333333333333332 0.0205
0 0.5446666666666666 0.616625 0.020666666666666667 0.00825
0 0.6118333333333333 0.585125 0.029 0.04625
0 0.6691666666666667 0.533875 0.013666666666666667 0.01275
0 0.8816666666666667 0.599 0.017333333333333333 0.011
0 0.794 0.601125 0.016 0.00925