0 0.007688492063492063 0.4718915343915344 0.015376984126984126 0.07539682539682539
0 0.029389880952380952 0.47470238095238093 0.04439484126984127 0.08498677248677249
0 0.0597718253968254 0.5067791005291006 0.024305555555555556 0.027447089947089946
0 0.07514880952380952 0.4460978835978836 0.04712301587301587 0.07341269841269842
0 0.12958829365079366 0.41964285714285715 0.057787698412698416 0.05886243386243386
0 0.2537202380952381 0.5724206349206349 0.025297619047619048 0.0496031746031746
0 0.30009920634920634 0.5109126984126984 0.047619047619047616 0.07407407407407407
0 0.3322172619047619 0.42857142857142855 0.03149801587301587 0.04034391534391534
0 0.3687996031746032 0.4806547619047619 0.02628968253968254 0.05787037037037037
0 0.3865327380952381 0.41203703703703703 0.046875 0.09788359788359788
0 0.40066964285714285 0.46808862433862436 0.02703373015873016 0.04332010582010582
0 0.4228670634920635 0.4525462962962963 0.03273809523809524 0.07705026455026455
0 0.46403769841269843 0.42923280423280424 0.05505952380952381 0.06018518518518518
0 0.5455109126984127 0.34077380952380953 0.022569444444444444 0.03670634920634921
0 0.5411706349206349 0.5421626984126984 0.015873015873015872 0.03736772486772487
0 0.5192212301587301 0.5729166666666666 0.028521825396825396 0.07043650793650794
0 0.4897073412698413 0.5912698412698413 0.04241071428571429 0.083994708994709
0 0.6223958333333334 0.42162698412698413 0.036458333333333336 0.08134920634920635
0 0.6711309523809523 0.4451058201058201 0.03968253968253968 0.0787037037037037
0 0.6392609126984127 0.45205026455026454 0.03447420634920635 0.07208994708994709
0 0.6555059523809523 0.36706349206349204 0.025297619047619048 0.042328042328042326
1 0.8185416666666667 0.36836309523809524 0.036671626984126904 0.04747685185185191