0 0.016493055555555556 0.5264550264550265 0.03298611111111111 0.056216931216931214
0 0.09995039682539683 0.5709325396825397 0.04861111111111111 0.09226190476190477
0 0.13120039682539683 0.5423280423280423 0.020337301587301588 0.013888888888888888
0 0.13169642857142858 0.5806878306878307 0.016865079365079364 0.026455026455026454
0 0.19928075396825398 0.6071428571428571 0.02703373015873016 0.047619047619047616
0 0.23053075396825398 0.5590277777777778 0.031994047619047616 0.05324074074074074
0 0.25570436507936506 0.5844907407407407 0.017857142857142856 0.020833333333333332
0 0.23077876984126985 0.5092592592592593 0.04141865079365079 0.04497354497354497
0 0.11259920634920635 0.4093915343915344 0.0248015873015873 0.03968253968253968
0 0.1158234126984127 0.460978835978836 0.05505952380952381 0.08465608465608465
0 0.1753472222222222 0.5132275132275133 0.02628968253968254 0.0496031746031746
0 0.40625 0.48412698412698413 0.011408730158730158 0.016534391534391533
0 0.37189980158730157 0.4793320105820106 0.011160714285714286 0.012896825396825396
0 0.3890128968253968 0.49074074074074076 0.01066468253968254 0.015873015873015872
0 0.5017361111111112 0.5183531746031746 0.023809523809523808 0.03207671957671958
0 0.49107142857142855 0.5525793650793651 0.023313492063492064 0.06613756613756613
0 0.5936259920634921 0.45171957671957674 0.018601190476190476 0.037037037037037035
0 0.5828373015873016 0.49289021164021163 0.033234126984126984 0.07572751322751323
0 0.5456349206349206 0.4923941798941799 0.016865079365079364 0.023148148148148147
0 0.6786954365079365 0.4742063492063492 0.008680555555555556 0.03439153439153439
0 0.6910962301587301 0.5125661375661376 0.017609126984126984 0.01984126984126984
0 0.7088293650793651 0.3878968253968254 0.01240079365079365 0.017857142857142856
0 0.7521081349206349 0.42328042328042326 0.02554563492063492 0.021825396825396824
0 0.796875 0.45089285714285715 0.02132936507936508 0.0419973544973545
0 0.7813740079365079 0.4837962962962963 0.015625 0.037037037037037035
0 0.7471478174603174 0.5353835978835979 0.028025793650793652 0.032407407407407406
0 0.8562748015873016 0.47585978835978837 0.026041666666666668 0.05357142857142857
0 0.8608630952380952 0.41451719576719576 0.028273809523809524 0.03273809523809524
0 0.8694196428571429 0.38078703703703703 0.022569444444444444 0.03869047619047619
0 0.8907490079365079 0.39269179894179895 0.040426587301587304 0.05787037037037037
0 0.8953373015873016 0.4573412698412698 0.053075396825396824 0.07473544973544974
0 0.7315228174603174 0.43468915343915343 0.014136904761904762 0.03273809523809524
0 0.9544890873015873 0.2878637566137566 0.018105158730158732 0.022817460317460316
0 0.9397321428571429 0.3463955026455027 0.05803571428571429 0.08366402116402116
0 0.9810267857142857 0.3740079365079365 0.037450396825396824 0.0701058201058201