0 0.0430453431372549 0.494281045751634 0.03952205882352941 0.08415032679738563
0 0.005208333333333333 0.5747549019607843 0.009191176470588236 0.04656862745098039
0 0.24877450980392157 0.4891748366013072 0.030637254901960783 0.06004901960784314
0 0.38817401960784315 0.5024509803921569 0.028799019607843136 0.06045751633986928
0 0.3799019607843137 0.43852124183006536 0.015931372549019607 0.03880718954248366
0 0.4494485294117647 0.4791666666666667 0.017769607843137254 0.024509803921568627
0 0.4794730392156863 0.5622957516339869 0.028799019607843136 0.030637254901960783
0 0.6213235294117647 0.6503267973856209 0.03860294117647059 0.056372549019607844
0 0.6237745098039216 0.6125408496732027 0.027573529411764705 0.02246732026143791
0 0.6579350490196079 0.5780228758169934 0.021752450980392156 0.04003267973856209
0 0.6698835784313726 0.6256127450980392 0.030943627450980393 0.054330065359477125
0 0.6968443627450981 0.5684232026143791 0.02665441176470588 0.05269607843137255
0 0.7149203431372549 0.5819035947712419 0.013174019607843137 0.03227124183006536
0 0.8371629901960784 0.6004901960784313 0.023590686274509803 0.05228758169934641