0 0.05683333333333333 0.659875 0.053 0.03125
0 0.14916666666666667 0.600875 0.037 0.03625
0 0.23616666666666666 0.649 0.052333333333333336 0.0645
0 0.272 0.61275 0.014666666666666666 0.012
0 0.311 0.615125 0.058666666666666666 0.06025
0 0.27466666666666667 0.536875 0.05266666666666667 0.03575
0 0.4355 0.553625 0.049 0.03325
0 0.43916666666666665 0.580625 0.007666666666666666 0.01925
0 0.4528333333333333 0.602125 0.009 0.00925
0 0.48483333333333334 0.618875 0.027 0.03675
0 0.5425 0.546125 0.05566666666666667 0.05025
0 0.5783333333333334 0.58275 0.048 0.068
0 0.3328333333333333 0.646875 0.041 0.02525
0 0.6956666666666667 0.545875 0.04666666666666667 0.03675
0 0.6283333333333333 0.515125 0.04466666666666667 0.05575
0 0.6426666666666667 0.5655 0.019333333333333334 0.0125
0 0.9766666666666667 0.568 0.014666666666666666 0.0285