0 0.3353174603174603 0.5621693121693122 0.02976190476190476 0.08928571428571429
0 0.3679315476190476 0.5441468253968254 0.03546626984126984 0.08167989417989419
0 0.34685019841269843 0.4740410052910053 0.019097222222222224 0.022817460317460316
0 0.37462797619047616 0.43716931216931215 0.030009920634920636 0.04298941798941799
0 0.6196676587301587 0.3888888888888889 0.033482142857142856 0.08796296296296297
0 0.5465029761904762 0.38392857142857145 0.01711309523809524 0.051587301587301584
0 0.5662202380952381 0.37863756613756616 0.016865079365079364 0.041005291005291
0 0.5894097222222222 0.4150132275132275 0.024553571428571428 0.06084656084656084
0 0.7564484126984127 0.5016534391534392 0.027281746031746032 0.05357142857142857
0 0.7103174603174603 0.4158399470899471 0.028769841269841268 0.049933862433862435
0 0.7473958333333334 0.3725198412698413 0.018105158730158732 0.026124338624338623
0 0.8359375 0.373015873015873 0.014136904761904762 0.027777777777777776
0 0.8774801587301587 0.427744708994709 0.010416666666666666 0.014219576719576719
0 0.9724702380952381 0.4851190476190476 0.054563492063492064 0.16468253968253968
0 0.8384176587301587 0.5249669312169312 0.02058531746031746 0.06316137566137567
0 0.9050099206349206 0.5013227513227513 0.01488095238095238 0.012566137566137565