0 0.07837301587301587 0.45453042328042326 0.03373015873015873 0.05654761904761905
0 0.08506944444444445 0.41418650793650796 0.014384920634920634 0.018187830687830687
0 0.09213789682539683 0.38740079365079366 0.04092261904761905 0.08366402116402116
0 0.09325396825396826 0.32159391534391535 0.03125 0.045965608465608467
0 0.21825396825396826 0.40244708994708994 0.012896825396825396 0.01521164021164021
0 0.2917906746031746 0.44328703703703703 0.03844246031746032 0.07374338624338625
0 0.29650297619047616 0.39467592592592593 0.014136904761904762 0.028769841269841268
0 0.3272569444444444 0.4479166666666667 0.011656746031746032 0.022817460317460316
0 0.4375 0.5309193121693122 0.020833333333333332 0.059854497354497355
0 0.5002480158730159 0.4097222222222222 0.022817460317460316 0.03306878306878307
0 0.9558531746031746 0.4978505291005291 0.028769841269841268 0.02414021164021164
0 0.9816468253968254 0.5423280423280423 0.015376984126984126 0.027777777777777776
0 0.9658978174603174 0.5707671957671958 0.023561507936507936 0.04828042328042328
0 0.9661458333333334 0.5406746031746031 0.034970238095238096 0.046957671957671955