0 0.10974702380952381 0.6412037037037037 0.043402777777777776 0.09060846560846561
0 0.1566220238095238 0.656084656084656 0.033482142857142856 0.015873015873015872
0 0.1463293650793651 0.6033399470899471 0.030257936507936508 0.023478835978835978
0 0.13541666666666666 0.6311177248677249 0.010912698412698412 0.030753968253968252
0 0.009176587301587302 0.6321097883597884 0.018353174603174604 0.018849206349206348
0 0.28410218253968256 0.4537037037037037 0.01314484126984127 0.02447089947089947
0 0.39112103174603174 0.5109126984126984 0.044642857142857144 0.10714285714285714
0 0.4224950396825397 0.4991732804232804 0.017609126984126984 0.04927248677248677
0 0.41976686507936506 0.45271164021164023 0.021081349206349208 0.041666666666666664
0 0.4982638888888889 0.39533730158730157 0.020833333333333332 0.01488095238095238
0 0.5827132936507936 0.3921957671957672 0.030009920634920636 0.04828042328042328
0 0.576140873015873 0.4538690476190476 0.02132936507936508 0.018849206349206348
0 0.6505456349206349 0.3463955026455027 0.037698412698412696 0.060515873015873016
0 0.6764632936507936 0.32275132275132273 0.01711309523809524 0.02447089947089947
0 0.9304315476190477 0.32043650793650796 0.035962301587301584 0.01984126984126984
0 0.9417162698412699 0.38673941798941797 0.014384920634920634 0.02943121693121693