0 0.016741071428571428 0.4437830687830688 0.033482142857142856 0.056216931216931214
0 0.043402777777777776 0.4781746031746032 0.03968253968253968 0.0873015873015873
0 0.053695436507936505 0.43716931216931215 0.031994047619047616 0.06283068783068783
0 0.22358630952380953 0.4861111111111111 0.018601190476190476 0.027777777777777776
0 0.21465773809523808 0.4290674603174603 0.023561507936507936 0.026785714285714284
0 0.2533482142857143 0.35102513227513227 0.041914682539682536 0.05324074074074074
0 0.24913194444444445 0.42956349206349204 0.03943452380952381 0.09854497354497355
0 0.30964781746031744 0.41881613756613756 0.028521825396825396 0.06183862433862434
0 0.2945188492063492 0.3501984126984127 0.027529761904761904 0.07076719576719577
0 0.45424107142857145 0.34970238095238093 0.012648809523809524 0.01951058201058201
0 0.4991319444444444 0.4052579365079365 0.03546626984126984 0.05720899470899471
0 0.5720486111111112 0.3878968253968254 0.019593253968253968 0.03902116402116402
0 0.5932539682539683 0.42311507936507936 0.031746031746031744 0.0419973544973545
0 0.630828373015873 0.3578042328042328 0.03050595238095238 0.027116402116402115
0 0.6675347222222222 0.40128968253968256 0.03050595238095238 0.016865079365079364
0 0.7255704365079365 0.4305555555555556 0.03149801587301587 0.031084656084656083
0 0.7377232142857143 0.3915343915343915 0.015625 0.01917989417989418
0 0.7588045634920635 0.35912698412698413 0.03943452380952381 0.05092592592592592
0 0.7548363095238095 0.30952380952380953 0.011656746031746032 0.015873015873015872
0 0.7589285714285714 0.4264219576719577 0.008432539682539682 0.01488095238095238
0 0.7688492063492064 0.40691137566137564 0.011408730158730158 0.021494708994708994
0 0.8737599206349206 0.4662698412698413 0.029265873015873016 0.10185185185185185
0 0.8487103174603174 0.4634589947089947 0.006448412698412698 0.020833333333333332
0 0.9825148809523809 0.48313492063492064 0.03447420634920635 0.08333333333333333
0 0.7082093253968254 0.36408730158730157 0.011656746031746032 0.013888888888888888
1 0.862844742063492 0.35939814814814813 0.04301339285714293 0.05505621693121697