0 0.0155 0.44383333333333336 0.031 0.04633333333333333
0 0.048375 0.4043333333333333 0.01975 0.04466666666666667
0 0.055375 0.36666666666666664 0.01275 0.014666666666666666
0 0.2025 0.4665 0.014 0.015
0 0.322875 0.33166666666666667 0.02625 0.037333333333333336
0 0.337375 0.3645 0.02225 0.025
0 0.423875 0.337 0.01425 0.034
0 0.411875 0.3423333333333333 0.00475 0.012
0 0.45975 0.3458333333333333 0.0135 0.018333333333333333
0 0.621875 0.31816666666666665 0.02025 0.049
0 0.5765 0.2931666666666667 0.035 0.061
0 0.766875 0.30233333333333334 0.01675 0.012666666666666666
0 0.839875 0.32416666666666666 0.01925 0.043666666666666666
0 0.832125 0.259 0.01375 0.03133333333333333