0 0.0285 0.25366666666666665 0.0265 0.05466666666666667
0 0.231 0.37533333333333335 0.029 0.06533333333333333
0 0.3545 0.3496666666666667 0.0335 0.068
0 0.35975 0.3011666666666667 0.026 0.047
0 0.4435 0.3586666666666667 0.0225 0.07133333333333333
0 0.46475 0.34883333333333333 0.03 0.08233333333333333
0 0.52875 0.33116666666666666 0.024 0.059
0 0.56575 0.29683333333333334 0.0235 0.029
0 0.56375 0.35883333333333334 0.0365 0.097
0 0.589 0.32216666666666666 0.0185 0.04033333333333333
0 0.5825 0.28983333333333333 0.0055 0.008333333333333333
0 0.62075 0.3468333333333333 0.0325 0.06966666666666667
0 0.795875 0.31933333333333336 0.02225 0.07066666666666667
0 0.87625 0.3195 0.0335 0.047
0 0.96075 0.3481666666666667 0.0435 0.06633333333333333
0 0.97875 0.24716666666666667 0.041 0.063
0 0.991375 0.33066666666666666 0.01675 0.06266666666666666
0 0.653875 0.248 0.01175 0.021333333333333333