0 0.08655024509803921 0.5241013071895425 0.04258578431372549 0.10049019607843138
0 0.11243872549019608 0.46343954248366015 0.026348039215686275 0.06658496732026144
0 0.2617953431372549 0.45588235294117646 0.035845588235294115 0.07924836601307189
0 0.3229166666666667 0.44342320261437906 0.03860294117647059 0.0951797385620915
0 0.33746936274509803 0.5269607843137255 0.018688725490196078 0.024509803921568627
0 0.4577205882352941 0.49611928104575165 0.031862745098039214 0.11887254901960784
0 0.5159313725490197 0.5247140522875817 0.02696078431372549 0.053513071895424834
0 0.5877757352941176 0.4542483660130719 0.02542892156862745 0.05718954248366013
0 0.6761642156862745 0.528390522875817 0.05024509803921569 0.0959967320261438
0 0.7395833333333334 0.49959150326797386 0.05821078431372549 0.05800653594771242
0 0.9217218137254902 0.4861111111111111 0.03400735294117647 0.059640522875817
0 0.9492953431372549 0.4389297385620915 0.027879901960784315 0.03553921568627451
0 0.9920343137254902 0.4832516339869281 0.015318627450980392 0.07924836601307189
0 0.9796262254901961 0.4221813725490196 0.017463235294117647 0.044526143790849675