0 0.069 0.61775 0.020666666666666667 0.0165
0 0.1075 0.62775 0.027666666666666666 0.025
0 0.2185 0.65325 0.033 0.0495
0 0.236 0.565125 0.051333333333333335 0.04975
0 0.23783333333333334 0.529375 0.025 0.01825
0 0.259 0.54825 0.04066666666666666 0.0375
0 0.32266666666666666 0.527125 0.037333333333333336 0.04525
0 0.3605 0.522375 0.04633333333333333 0.04825
0 0.3501666666666667 0.560875 0.037 0.03425
0 0.3935 0.564625 0.04766666666666667 0.03675
0 0.43 0.566625 0.058 0.07375
0 0.402 0.48025 0.04466666666666667 0.0365
0 0.4726666666666667 0.564625 0.009333333333333334 0.01725
0 0.5061666666666667 0.579 0.037 0.06
0 0.5121666666666667 0.532 0.029 0.036
0 0.6233333333333333 0.5365 0.026 0.0285
0 0.6725 0.563125 0.07166666666666667 0.08225
0 0.7101666666666666 0.51175 0.043 0.052
0 0.7523333333333333 0.522 0.024666666666666667 0.023
0 0.7681666666666667 0.564125 0.059 0.07325
0 0.798 0.551625 0.03266666666666666 0.06275
0 0.8001666666666667 0.491 0.041 0.021
0 0.22216666666666668 0.48 0.019 0.017
0 0.5888333333333333 0.497625 0.04833333333333333 0.05325
0 0.5626666666666666 0.533375 0.056666666666666664 0.04875
0 0.629 0.769 0.04666666666666667 0.0155
0 0.7023333333333334 0.75525 0.02 0.023
0 0.6676666666666666 0.7675 0.04133333333333333 0.02
0 0.9788333333333333 0.4805 0.041666666666666664 0.05
0 0.9585 0.5245 0.08233333333333333 0.0475
0 0.9006666666666666 0.5855 0.012 0.0115