0 0.06 0.630375 0.03866666666666667 0.03225
0 0.028166666666666666 0.551625 0.029 0.02775
0 0.0975 0.57275 0.043 0.0295
0 0.12416666666666666 0.4635 0.018333333333333333 0.0095
0 0.35533333333333333 0.59425 0.014 0.016
0 0.38716666666666666 0.62125 0.03233333333333333 0.061
0 0.44083333333333335 0.598375 0.025 0.02575
0 0.3895 0.547625 0.036333333333333336 0.01875
0 0.5841666666666666 0.595125 0.018333333333333333 0.03675
0 0.6196666666666667 0.65175 0.034666666666666665 0.026
0 0.6686666666666666 0.65125 0.03266666666666666 0.0255
0 0.6746666666666666 0.694 0.018 0.0365
0 0.7005 0.6985 0.03166666666666667 0.0425
0 0.7996666666666666 0.6505 0.032 0.0245
0 0.7746666666666666 0.62075 0.028666666666666667 0.0175
0 0.5521666666666667 0.54825 0.023 0.016
0 0.9161666666666667 0.6345 0.05366666666666667 0.0455
0 0.924 0.598375 0.024666666666666667 0.02575
0 0.9915 0.625375 0.01633333333333333 0.01975
1 0.22586333333333333 0.4472025 0.047106666666666644 0.03384249999999997