0 0.12227182539682539 0.5193452380952381 0.028273809523809524 0.03406084656084656
0 0.15438988095238096 0.45601851851851855 0.035962301587301584 0.08664021164021164
0 0.19035218253968253 0.4494047619047619 0.03447420634920635 0.06944444444444445
0 0.39893353174603174 0.421792328042328 0.029017857142857144 0.07175925925925926
0 0.46924603174603174 0.382771164021164 0.017361111111111112 0.044642857142857144
0 0.4728422619047619 0.4290674603174603 0.029513888888888888 0.04332010582010582
0 0.36321924603174605 0.3804563492063492 0.04290674603174603 0.08961640211640212
0 0.3291170634920635 0.4085648148148148 0.02132936507936508 0.040674603174603176
0 0.365203373015873 0.4708994708994709 0.050347222222222224 0.09391534391534391
0 0.6216517857142857 0.47470238095238093 0.012648809523809524 0.034722222222222224
0 0.6357886904761905 0.4914021164021164 0.014136904761904762 0.031084656084656083
0 0.6759672619047619 0.5216600529100529 0.012648809523809524 0.027447089947089946
0 0.7559523809523809 0.47602513227513227 0.019345238095238096 0.028769841269841268
0 0.6613343253968254 0.45205026455026454 0.015128968253968254 0.023809523809523808
0 0.6879960317460317 0.44130291005291006 0.017857142857142856 0.013558201058201057