0 0.022333333333333334 0.591625 0.016666666666666666 0.01325
0 0.094 0.573375 0.04133333333333333 0.02275
0 0.16033333333333333 0.5975 0.026 0.014
0 0.17616666666666667 0.563375 0.033666666666666664 0.02425
0 0.2115 0.594875 0.039 0.03725
0 0.22116666666666668 0.5705 0.03766666666666667 0.0335
0 0.24133333333333334 0.564125 0.022 0.01375
0 0.24166666666666667 0.5265 0.022 0.02
0 0.4063333333333333 0.527875 0.010666666666666666 0.01425
0 0.39616666666666667 0.570375 0.019666666666666666 0.01975
0 0.372 0.581875 0.010666666666666666 0.00825
0 0.47333333333333333 0.57875 0.024666666666666667 0.0665
0 0.5555 0.566375 0.04566666666666667 0.05375
0 0.617 0.630125 0.032 0.01975
0 0.7338333333333333 0.5715 0.019666666666666666 0.03
0 0.8048333333333333 0.567 0.011666666666666667 0.014
0 0.9828333333333333 0.562 0.033666666666666664 0.053
0 0.7795 0.618375 0.015 0.00925