0 0.011780753968253968 0.4573412698412698 0.023561507936507936 0.07473544973544974
0 0.04241071428571429 0.45072751322751325 0.033234126984126984 0.06481481481481481
0 0.07341269841269842 0.45535714285714285 0.018353174603174604 0.022486772486772486
0 0.09089781746031746 0.4783399470899471 0.017609126984126984 0.03273809523809524
0 0.1148313492063492 0.5299272486772487 0.03670634920634921 0.0796957671957672
0 0.16951884920634921 0.39533730158730157 0.016617063492063492 0.040013227513227514
0 0.1783234126984127 0.4363425925925926 0.042162698412698416 0.06580687830687831
0 0.22767857142857142 0.423776455026455 0.053075396825396824 0.045304232804232805
0 0.21577380952380953 0.4001322751322751 0.017361111111111112 0.010582010582010581
0 0.2698412698412698 0.3819444444444444 0.03373015873015873 0.06283068783068783
0 0.2992311507936508 0.4581679894179894 0.03943452380952381 0.0796957671957672
0 0.31101190476190477 0.36342592592592593 0.00744047619047619 0.01455026455026455
0 0.32700892857142855 0.38921957671957674 0.009672619047619048 0.01917989417989418
0 0.3322172619047619 0.4193121693121693 0.013640873015873016 0.01984126984126984
0 0.3687996031746032 0.39285714285714285 0.01984126984126984 0.04034391534391534
0 0.3576388888888889 0.4480820105820106 0.018849206349206348 0.02976190476190476
0 0.39657738095238093 0.4173280423280423 0.021825396825396824 0.032407407407407406
0 0.421875 0.38921957671957674 0.025793650793650792 0.046957671957671955
0 0.4314236111111111 0.46395502645502645 0.01314484126984127 0.02976190476190476
0 0.38740079365079366 0.5128968253968254 0.013392857142857142 0.017195767195767195
0 0.4807787698412698 0.5102513227513228 0.012648809523809524 0.023148148148148147
0 0.511780753968254 0.5226521164021164 0.0220734126984127 0.054563492063492064
0 0.6354166666666666 0.5163690476190477 0.0248015873015873 0.0625
0 0.7253224206349206 0.40906084656084657 0.028521825396825396 0.056878306878306875
0 0.7642609126984127 0.46064814814814814 0.0220734126984127 0.047619047619047616
0 0.8225446428571429 0.4366732804232804 0.035962301587301584 0.11342592592592593
0 0.8454861111111112 0.4573412698412698 0.025297619047619048 0.062169312169312166
0 0.9543650793650794 0.44477513227513227 0.024305555555555556 0.05423280423280423
0 0.9634176587301587 0.4087301587301587 0.01314484126984127 0.016534391534391533
0 0.9933035714285714 0.44328703703703703 0.012896825396825396 0.0248015873015873
0 0.6246279761904762 0.6395502645502645 0.019593253968253968 0.031084656084656083