0 0.05361519607843137 0.46078431372549017 0.02696078431372549 0.06944444444444445
0 0.09329044117647059 0.47855392156862747 0.015625 0.026552287581699346
0 0.3247549019607843 0.616421568627451 0.014093137254901961 0.018790849673202614
0 0.4322916666666667 0.5868055555555556 0.028186274509803922 0.056781045751633986
0 0.5081188725490197 0.4912173202614379 0.03768382352941176 0.024101307189542485
0 0.5721507352941176 0.5551470588235294 0.014399509803921568 0.02042483660130719
0 0.5765931372549019 0.4993872549019608 0.012867647058823529 0.01838235294117647
0 0.6037071078431373 0.4824346405228758 0.014399509803921568 0.022058823529411766
0 0.7769607843137255 0.6331699346405228 0.025122549019607844 0.061274509803921566
0 0.7892156862745098 0.5300245098039216 0.014093137254901961 0.024101307189542485
0 0.8204656862745098 0.5541258169934641 0.022058823529411766 0.05759803921568627
0 0.3648897058823529 0.5269607843137255 0.007965686274509803 0.012254901960784314
0 0.35723039215686275 0.5102124183006536 0.0030637254901960784 0.013071895424836602
0 0.4710477941176471 0.4965277777777778 0.01991421568627451 0.01919934640522876
0 0.633578431372549 0.49550653594771243 0.006740196078431373 0.010620915032679739