0 0.060515873015873016 0.482473544973545 0.03869047619047619 0.05555555555555555
0 0.10317460317460317 0.5153769841269841 0.013888888888888888 0.016865079365079364
0 0.4202628968253968 0.509755291005291 0.015128968253968254 0.0625
0 0.4048859126984127 0.4877645502645503 0.04092261904761905 0.037037037037037035
0 0.41021825396825395 0.4462632275132275 0.02976190476190476 0.03802910052910053
0 0.45126488095238093 0.4783399470899471 0.038938492063492064 0.06117724867724868
0 0.4636656746031746 0.4148478835978836 0.021577380952380952 0.04133597883597884
0 0.45982142857142855 0.4444444444444444 0.01636904761904762 0.017857142857142856
0 0.4437003968253968 0.5171957671957672 0.008928571428571428 0.013888888888888888
0 0.5262896825396826 0.3844246031746032 0.028769841269841268 0.03670634920634921
0 0.6090029761904762 0.4158399470899471 0.026041666666666668 0.034722222222222224
0 0.5889136904761905 0.476521164021164 0.015128968253968254 0.012566137566137565
0 0.5744047619047619 0.5011574074074074 0.01240079365079365 0.0248015873015873
0 0.5407986111111112 0.5229828042328042 0.015128968253968254 0.013558201058201057
0 0.6876240079365079 0.43783068783068785 0.03298611111111111 0.07605820105820106
0 0.7513640873015873 0.4740410052910053 0.016617063492063492 0.034722222222222224
0 0.7733134920634921 0.5877976190476191 0.019345238095238096 0.10085978835978836
0 0.759796626984127 0.5509259259259259 0.03298611111111111 0.031746031746031744
0 0.7864583333333334 0.5732473544973545 0.012896825396825396 0.01488095238095238
0 0.7839781746031746 0.4914021164021164 0.022321428571428572 0.04034391534391534
0 0.8621031746031746 0.5851521164021164 0.010912698412698412 0.04133597883597884
0 0.8506944444444444 0.5876322751322751 0.01488095238095238 0.017195767195767195
0 0.8375496031746031 0.6421957671957672 0.015873015873015872 0.018518518518518517
0 0.9507688492063492 0.453042328042328 0.02058531746031746 0.04563492063492063
0 0.9779265873015873 0.4548611111111111 0.032242063492063495 0.0333994708994709
1 0.8871502976190475 0.3714550264550264 0.04248015873015867 0.04638227513227505