0 0.3755 0.548375 0.042333333333333334 0.02775
0 0.4103333333333333 0.59725 0.068 0.0685
0 0.4701666666666667 0.579875 0.025666666666666667 0.00825
0 0.6266666666666667 0.656625 0.030666666666666665 0.03625
0 0.09733333333333333 0.576 0.046 0.0575
0 0.037333333333333336 0.501375 0.023333333333333334 0.01925
0 0.025666666666666667 0.521875 0.017333333333333333 0.01775
0 0.037333333333333336 0.59425 0.056 0.048
0 0.03166666666666667 0.557375 0.016666666666666666 0.01275
0 0.18833333333333332 0.59 0.05333333333333334 0.0385
0 0.4865 0.39675 0.025666666666666667 0.017
0 0.6018333333333333 0.584375 0.019 0.01675
0 0.6506666666666666 0.539125 0.06666666666666667 0.07675
0 0.7095 0.5935 0.060333333333333336 0.061
0 0.7376666666666667 0.47375 0.03333333333333333 0.0235
0 0.7718333333333334 0.506125 0.059 0.04125
0 0.8016666666666666 0.6105 0.04666666666666667 0.054
0 0.8031666666666667 0.65425 0.037 0.024
0 0.8503333333333334 0.582125 0.03133333333333333 0.03525
0 0.8046666666666666 0.5535 0.043333333333333335 0.0285
0 0.9036666666666666 0.505125 0.10466666666666667 0.05675
0 0.9708333333333333 0.588875 0.057666666666666665 0.08375
0 0.2935 0.5665 0.03766666666666667 0.022
0 0.7201666666666666 0.43225 0.018333333333333333 0.0125
1 0.5166666666666667 0.53384 0.04428666666666671 0.03125