0 0.040747549019607844 0.4579248366013072 0.04534313725490196 0.0392156862745098
0 0.07322303921568628 0.46119281045751637 0.032475490196078434 0.0392156862745098
0 0.09972426470588236 0.53125 0.019301470588235295 0.027369281045751634
0 0.1803002450980392 0.43709150326797386 0.02665441176470588 0.05228758169934641
0 0.21430759803921567 0.516748366013072 0.01011029411764706 0.0196078431372549
0 0.20435049019607843 0.47937091503267976 0.024509803921568627 0.053513071895424834
0 0.25 0.4348447712418301 0.025122549019607844 0.0363562091503268
0 0.25245098039215685 0.48080065359477125 0.02022058823529412 0.042483660130718956
0 0.3102022058823529 0.5259395424836601 0.026041666666666668 0.04534313725490196
0 0.4430147058823529 0.4930555555555556 0.020833333333333332 0.03594771241830065
0 0.5692401960784313 0.5243055555555556 0.02267156862745098 0.046977124183006536
0 0.5615808823529411 0.48590686274509803 0.00980392156862745 0.016748366013071895
0 0.5442708333333334 0.5122549019607843 0.01685049019607843 0.03349673202614379
0 0.6533394607843137 0.5461601307189542 0.020526960784313725 0.03349673202614379