0 0.053943452380952384 0.4489087301587302 0.053323412698412696 0.04728835978835979
0 0.056051587301587304 0.5107473544973545 0.05803571428571429 0.09226190476190477
0 0.2571924603174603 0.4323743386243386 0.04265873015873016 0.05720899470899471
0 0.28955853174603174 0.4088955026455027 0.04290674603174603 0.07837301587301587
0 0.3175843253968254 0.35978835978835977 0.041914682539682536 0.05357142857142857
0 0.3203125 0.4041005291005291 0.016617063492063492 0.02447089947089947
0 0.3401537698412698 0.4624669312169312 0.017609126984126984 0.026124338624338623
0 0.42671130952380953 0.384755291005291 0.027529761904761904 0.0625
0 0.4427083333333333 0.40757275132275134 0.030753968253968252 0.03736772486772487
0 0.46378968253968256 0.3559854497354497 0.02628968253968254 0.04332010582010582
0 0.48834325396825395 0.3855820105820106 0.03273809523809524 0.03439153439153439
0 0.4167906746031746 0.44576719576719576 0.019593253968253968 0.015873015873015872
0 0.4732142857142857 0.5041335978835979 0.015376984126984126 0.020833333333333332
0 0.5565476190476191 0.38773148148148145 0.008928571428571428 0.012896825396825396
0 0.5719246031746031 0.39616402116402116 0.01240079365079365 0.03439153439153439
0 0.5813492063492064 0.3619378306878307 0.020833333333333332 0.020833333333333332
0 0.5927579365079365 0.3812830687830688 0.024305555555555556 0.05886243386243386
0 0.6222718253968254 0.3783068783068783 0.042162698412698416 0.09656084656084656
0 0.6640625 0.40476190476190477 0.04439484126984127 0.046957671957671955
0 0.6963045634920635 0.3458994708994709 0.07018849206349206 0.06349206349206349
0 0.7094494047619048 0.38310185185185186 0.014136904761904762 0.022156084656084655
0 0.7993551587301587 0.36904761904761907 0.013392857142857142 0.022486772486772486
0 0.8859126984126984 0.43468915343915343 0.03670634920634921 0.0763888888888889
0 0.39360119047619047 0.29712301587301587 0.013392857142857142 0.018849206349206348
0 0.13120039682539683 0.3804563492063492 0.008928571428571428 0.011574074074074073