0 0.10305059523809523 0.46841931216931215 0.020089285714285716 0.026124338624338623
0 0.12983630952380953 0.6311177248677249 0.060267857142857144 0.09755291005291006
0 0.17336309523809523 0.5796957671957672 0.07390873015873016 0.11772486772486772
0 0.028645833333333332 0.4976851851851852 0.023065476190476192 0.037698412698412696
0 0.04861111111111111 0.5224867724867724 0.05257936507936508 0.04365079365079365
0 0.5003720238095238 0.5499338624338624 0.02058531746031746 0.025793650793650792
0 0.49243551587301587 0.4791666666666667 0.038938492063492064 0.07142857142857142
0 0.5174851190476191 0.4307208994708995 0.04836309523809524 0.07572751322751323
0 0.5101686507936508 0.3695436507936508 0.034722222222222224 0.10085978835978836
0 0.5656001984126984 0.4933862433862434 0.04836309523809524 0.0958994708994709
0 0.5849454365079365 0.439484126984127 0.04241071428571429 0.04828042328042328
0 0.5885416666666666 0.5266203703703703 0.018353174603174604 0.0539021164021164
0 0.6330605158730159 0.5532407407407407 0.012152777777777778 0.0205026455026455
0 0.636780753968254 0.513558201058201 0.04092261904761905 0.06283068783068783
0 0.6483134920634921 0.4751984126984127 0.01984126984126984 0.036375661375661374
0 0.7220982142857143 0.4990079365079365 0.011656746031746032 0.01455026455026455
0 0.7371031746031746 0.49966931216931215 0.01240079365079365 0.017195767195767195
0 0.2456597222222222 0.4626322751322751 0.022569444444444444 0.026455026455026454