0 0.9713333333333334 0.598 0.04733333333333333 0.04
0 0.9496666666666667 0.62775 0.062 0.0345
0 0.9323333333333333 0.662875 0.03866666666666667 0.03875
0 0.8593333333333333 0.62375 0.018 0.017
0 0.7853333333333333 0.5815 0.04 0.035
0 0.7243333333333334 0.574125 0.064 0.02675
0 0.6533333333333333 0.56125 0.024 0.015
0 0.23883333333333334 0.622 0.033666666666666664 0.0165
0 0.17533333333333334 0.64875 0.030666666666666665 0.0155
0 0.24383333333333335 0.704375 0.023666666666666666 0.02025
0 0.027666666666666666 0.64475 0.05533333333333333 0.045
0 0.09533333333333334 0.665625 0.018 0.00875