0 0.038318452380952384 0.3804563492063492 0.021577380952380952 0.04927248677248677
0 0.053695436507936505 0.4720568783068783 0.019593253968253968 0.02943121693121693
0 0.05133928571428571 0.5059523809523809 0.012896825396825396 0.0205026455026455
0 0.10305059523809523 0.48131613756613756 0.034970238095238096 0.05787037037037037
0 0.1080109126984127 0.43882275132275134 0.018105158730158732 0.017857142857142856
0 0.08568948412698413 0.3602843915343915 0.011656746031746032 0.021494708994708994
0 0.09474206349206349 0.3955026455026455 0.014384920634920634 0.015873015873015872
0 0.18291170634920634 0.4298941798941799 0.019097222222222224 0.037698412698412696
0 0.2585565476190476 0.3751653439153439 0.015128968253968254 0.03869047619047619
0 0.2552083333333333 0.46081349206349204 0.054563492063492064 0.11937830687830688
0 0.3091517857142857 0.47883597883597884 0.031001984126984128 0.057539682539682536
0 0.2904265873015873 0.4783399470899471 0.028273809523809524 0.02414021164021164
0 0.34598214285714285 0.4537037037037037 0.023809523809523808 0.042328042328042326
0 0.32824900793650796 0.4184854497354497 0.024057539682539684 0.0333994708994709
0 0.5215773809523809 0.49437830687830686 0.03571428571428571 0.0496031746031746
0 0.6121031746031746 0.4661044973544973 0.031746031746031744 0.09623015873015874
0 0.6429811507936508 0.42757936507936506 0.030009920634920636 0.07341269841269842