0 0.01133578431372549 0.5896650326797386 0.02267156862745098 0.03880718954248366
0 0.03431372549019608 0.5592320261437909 0.014705882352941176 0.02369281045751634
0 0.02267156862745098 0.5745506535947712 0.010416666666666666 0.013480392156862746
0 0.0059742647058823525 0.6345996732026143 0.011948529411764705 0.01919934640522876
0 0.033854166666666664 0.6425653594771242 0.0352328431372549 0.07516339869281045
0 0.0704656862745098 0.5802696078431373 0.051470588235294115 0.07230392156862746
0 0.13710171568627452 0.6337826797385621 0.03216911764705882 0.07148692810457516
0 0.16145833333333334 0.6736111111111112 0.0545343137254902 0.08333333333333333
0 0.13924632352941177 0.5622957516339869 0.029105392156862746 0.0494281045751634
0 0.17064950980392157 0.5912990196078431 0.025122549019607844 0.05269607843137255
0 0.19776348039215685 0.6113153594771242 0.04197303921568627 0.11315359477124183
0 0.23927696078431374 0.5802696078431373 0.04411764705882353 0.1213235294117647
0 0.18045343137254902 0.5222630718954249 0.01715686274509804 0.03227124183006536
0 0.3010110294117647 0.5512663398692811 0.021139705882352942 0.0690359477124183
0 0.3399203431372549 0.5267565359477124 0.04993872549019608 0.12622549019607843
0 0.36182598039215685 0.48508986928104575 0.025122549019607844 0.025735294117647058
0 0.3903186274509804 0.5465686274509803 0.030637254901960783 0.07761437908496732
0 0.4296875 0.5876225490196079 0.04381127450980392 0.10498366013071896
0 0.4621629901960784 0.5183823529411765 0.014399509803921568 0.010620915032679739
0 0.4866727941176471 0.49693627450980393 0.02665441176470588 0.02900326797385621
0 0.6213235294117647 0.5247140522875817 0.06801470588235294 0.04125816993464052
0 0.6205575980392157 0.6062091503267973 0.01685049019607843 0.01715686274509804
0 0.688265931372549 0.5053104575163399 0.0389093137254902 0.0718954248366013
0 0.7185968137254902 0.5706699346405228 0.04136029411764706 0.08251633986928104
0 0.9623161764705882 0.48141339869281047 0.04718137254901961 0.08374183006535947
0 0.9928002450980392 0.5083741830065359 0.013786764705882353 0.09681372549019608