0 0.10553075396825397 0.5707671957671958 0.013640873015873016 0.021164021164021163
0 0.12475198412698413 0.5947420634920635 0.034722222222222224 0.045965608465608467
0 0.14174107142857142 0.6507936507936508 0.044890873015873016 0.09391534391534391
0 0.16257440476190477 0.5783730158730159 0.035962301587301584 0.051587301587301584
0 0.2027529761904762 0.5428240740740741 0.029513888888888888 0.044642857142857144
0 0.2156498015873016 0.5930886243386243 0.03794642857142857 0.05324074074074074
0 0.2173859126984127 0.6498015873015873 0.012152777777777778 0.0205026455026455
0 0.24330357142857142 0.564484126984127 0.025297619047619048 0.05886243386243386
0 0.2707093253968254 0.5927579365079365 0.030009920634920636 0.03935185185185185
0 0.28856646825396826 0.597718253968254 0.024553571428571428 0.026785714285714284
0 0.29836309523809523 0.5667989417989417 0.02628968253968254 0.03968253968253968
0 0.2931547619047619 0.5401785714285714 0.005456349206349206 0.007605820105820105
0 0.30146329365079366 0.6433531746031746 0.02058531746031746 0.05919312169312169
0 0.2880704365079365 0.6484788359788359 0.011656746031746032 0.021825396825396824
0 0.3373015873015873 0.5825066137566137 0.010416666666666666 0.028769841269841268
0 0.33296130952380953 0.5276124338624338 0.016121031746031748 0.027447089947089946
0 0.36706349206349204 0.5641534391534392 0.012896825396825396 0.022486772486772486
0 0.3790922619047619 0.6068121693121693 0.019097222222222224 0.046957671957671955
0 0.39732142857142855 0.6119378306878307 0.029265873015873016 0.06911375661375661
0 0.39037698412698413 0.5219907407407407 0.03720238095238095 0.036044973544973546
0 0.4009176587301587 0.562665343915344 0.026537698412698412 0.055224867724867725
0 0.4388640873015873 0.5502645502645502 0.024057539682539684 0.017195767195767195
0 0.4289434523809524 0.574239417989418 0.009672619047619048 0.015542328042328041
0 0.46899801587301587 0.5499338624338624 0.011904761904761904 0.011243386243386243
0 0.5228174603174603 0.5319113756613757 0.027281746031746032 0.0710978835978836
0 0.6364087301587301 0.6048280423280423 0.025793650793650792 0.05886243386243386
0 0.628844246031746 0.48115079365079366 0.024057539682539684 0.03373015873015873
0 0.6662946428571429 0.478505291005291 0.031994047619047616 0.03902116402116402
0 0.6790674603174603 0.5324074074074074 0.027281746031746032 0.0582010582010582
0 0.7385912698412699 0.5502645502645502 0.01636904761904762 0.028439153439153438
0 0.7855902777777778 0.5076058201058201 0.0220734126984127 0.03505291005291005
0 0.769593253968254 0.5580357142857143 0.022321428571428572 0.05257936507936508
0 0.8137400793650794 0.5319113756613757 0.028769841269841268 0.049933862433862435
0 0.839905753968254 0.5944113756613757 0.04439484126984127 0.07242063492063493
0 0.9895833333333334 0.5557208994708994 0.020337301587301588 0.028769841269841268