0 0.4791666666666667 0.400531045751634 0.027573529411764705 0.05106209150326797
0 0.4462316176470588 0.5071486928104575 0.036458333333333336 0.07883986928104575
0 0.5459558823529411 0.47201797385620914 0.03125 0.08619281045751634
0 0.5799632352941176 0.41299019607843135 0.023284313725490197 0.058823529411764705
0 0.7306985294117647 0.383374183006536 0.03125 0.05024509803921569
0 0.7089460784313726 0.36233660130718953 0.026348039215686275 0.042483660130718956
0 0.6783088235294118 0.3839869281045752 0.026348039215686275 0.032679738562091505
0 0.6899509803921569 0.3974673202614379 0.02022058823529412 0.0196078431372549
0 0.8206188725490197 0.43014705882352944 0.01685049019607843 0.07026143790849673
0 0.8331801470588235 0.47732843137254904 0.01991421568627451 0.051879084967320264
0 0.9174325980392157 0.40093954248366015 0.04442401960784314 0.060866013071895424
0 0.9064031862745098 0.44689542483660133 0.02542892156862745 0.049836601307189546
0 0.9911151960784313 0.41360294117647056 0.01715686274509804 0.0298202614379085
0 0.9693627450980392 0.3911356209150327 0.017769607843137254 0.030637254901960783