0 0.0626531862745098 0.5390114379084967 0.027879901960784315 0.05923202614379085
0 0.0779718137254902 0.5087826797385621 0.024816176470588234 0.06985294117647059
0 0.14200367647058823 0.5281862745098039 0.030330882352941176 0.07026143790849673
0 0.16666666666666666 0.4709967320261438 0.025735294117647058 0.06045751633986928
0 0.22472426470588236 0.508578431372549 0.015012254901960785 0.027777777777777776
0 0.27159926470588236 0.5433006535947712 0.01991421568627451 0.04738562091503268
0 0.2931985294117647 0.5294117647058824 0.015931372549019607 0.04493464052287582
0 0.35018382352941174 0.4742647058823529 0.017769607843137254 0.03431372549019608
0 0.3866421568627451 0.4752859477124183 0.025735294117647058 0.020016339869281044
0 0.3762254901960784 0.5077614379084967 0.020833333333333332 0.025326797385620915
0 0.43566176470588236 0.5095996732026143 0.015318627450980392 0.0625
0 0.46629901960784315 0.47855392156862747 0.025735294117647058 0.0298202614379085
0 0.7213541666666666 0.5241013071895425 0.026041666666666668 0.06781045751633986
0 0.7588848039215687 0.4375 0.029411764705882353 0.03594771241830065
0 0.7951899509803921 0.4877450980392157 0.023590686274509803 0.07598039215686274
0 0.8278186274509803 0.4272875816993464 0.03982843137254902 0.0661764705882353
0 0.8687193627450981 0.3672385620915033 0.01685049019607843 0.024509803921568627
0 0.8967524509803921 0.43647875816993464 0.01715686274509804 0.04370915032679738
0 0.9731924019607843 0.5251225490196079 0.03216911764705882 0.06495098039215687