0 0.021599264705882353 0.4564950980392157 0.043198529411764705 0.08047385620915033
0 0.06969975490196079 0.44812091503267976 0.029105392156862746 0.08333333333333333
0 0.09895833333333333 0.4701797385620915 0.03615196078431373 0.10947712418300654
0 0.11381740196078431 0.403390522875817 0.03400735294117647 0.0494281045751634
0 0.1875 0.3792892156862745 0.04534313725490196 0.05514705882352941
0 0.20389093137254902 0.5298202614379085 0.033394607843137254 0.10457516339869281
0 0.40088848039215685 0.5345179738562091 0.016237745098039217 0.00857843137254902
0 0.4381127450980392 0.4728349673202614 0.08517156862745098 0.09763071895424837
0 0.4728860294117647 0.40379901960784315 0.014399509803921568 0.028186274509803922
0 0.5528492647058824 0.4252450980392157 0.03462009803921569 0.10620915032679738
0 0.6046262254901961 0.3488562091503268 0.0272671568627451 0.06781045751633986
0 0.6420036764705882 0.4285130718954248 0.040747549019607844 0.09722222222222222
0 0.7055759803921569 0.38235294117647056 0.03799019607843137 0.04656862745098039
0 0.7135416666666666 0.3372140522875817 0.026348039215686275 0.034722222222222224
0 0.7599571078431373 0.41217320261437906 0.05116421568627451 0.0915032679738562
0 0.7392769607843137 0.47344771241830064 0.05024509803921569 0.07679738562091504
0 0.8068321078431373 0.42810457516339867 0.04381127450980392 0.0661764705882353
0 0.8141850490196079 0.37602124183006536 0.021752450980392156 0.03799019607843137
0 0.8106617647058824 0.502859477124183 0.023284313725490197 0.03431372549019608
0 0.8722426470588235 0.3278186274509804 0.028799019607843136 0.04534313725490196
0 0.9237132352941176 0.39419934640522875 0.034926470588235295 0.06209150326797386
0 0.9583333333333334 0.4170751633986928 0.028799019607843136 0.03349673202614379