0 0.041294642857142856 0.4816468253968254 0.06374007936507936 0.0796957671957672
0 0.11321924603174603 0.5186838624338624 0.045882936507936505 0.08300264550264551
0 0.12028769841269842 0.4417989417989418 0.03670634920634921 0.0701058201058201
0 0.08854166666666667 0.4603174603174603 0.014384920634920634 0.0291005291005291
0 0.20647321428571427 0.4201388888888889 0.031001984126984128 0.06514550264550265
0 0.2309027777777778 0.42476851851851855 0.013888888888888888 0.022817460317460316
0 0.24305555555555555 0.4720568783068783 0.04265873015873016 0.06845238095238096
0 0.2524801587301587 0.4037698412698413 0.03422619047619048 0.03505291005291005
0 0.3194444444444444 0.4330357142857143 0.056051587301587304 0.10615079365079365
0 0.41728670634920634 0.45072751322751325 0.019097222222222224 0.03902116402116402
0 0.4263392857142857 0.5041335978835979 0.015873015873015872 0.023478835978835978
0 0.4720982142857143 0.4469246031746032 0.026041666666666668 0.045304232804232805
0 0.478546626984127 0.5171957671957672 0.046378968253968256 0.07738095238095238
0 0.5148809523809523 0.5243055555555556 0.03571428571428571 0.09027777777777778
0 0.566344246031746 0.4356812169312169 0.017609126984126984 0.02414021164021164
0 0.5713045634920635 0.5056216931216931 0.03447420634920635 0.07804232804232804
0 0.5307539682539683 0.6683201058201058 0.009424603174603174 0.01521164021164021
0 0.6907242063492064 0.5291005291005291 0.015376984126984126 0.0205026455026455
0 0.7251984126984127 0.49718915343915343 0.02628968253968254 0.05191798941798942
0 0.9794146825396826 0.4173280423280423 0.029265873015873016 0.05291005291005291
0 0.9930555555555556 0.3288690476190476 0.013392857142857142 0.016203703703703703
0 0.986359126984127 0.503968253968254 0.026785714285714284 0.051587301587301584
1 0.781547619047619 0.40655092592592595 0.03808531746031756 0.04857473544973541