0 0.12346813725490197 0.40604575163398693 0.026348039215686275 0.07598039215686274
0 0.02971813725490196 0.4207516339869281 0.024509803921568627 0.027777777777777776
0 0.02971813725490196 0.36233660130718953 0.010416666666666666 0.03431372549019608
0 0.07659313725490197 0.3874591503267974 0.015318627450980392 0.06331699346405228
0 0.09574142156862746 0.4054330065359477 0.019301470588235295 0.024101307189542485
0 0.34359681372549017 0.45179738562091504 0.019301470588235295 0.024509803921568627
0 0.3639705882352941 0.48018790849673204 0.022058823529411766 0.07393790849673203
0 0.3851102941176471 0.4622140522875817 0.016544117647058824 0.03227124183006536
0 0.38388480392156865 0.40461601307189543 0.02022058823529412 0.017565359477124183
0 0.4560355392156863 0.43852124183006536 0.019301470588235295 0.04779411764705882
0 0.4537377450980392 0.47998366013071897 0.015318627450980392 0.016339869281045753
0 0.5188419117647058 0.4564950980392157 0.021752450980392156 0.07148692810457516
0 0.6340379901960784 0.5153186274509803 0.0272671568627451 0.08619281045751634
0 0.7133884803921569 0.48141339869281047 0.027879901960784315 0.026552287581699346
0 0.7181372549019608 0.5077614379084967 0.012254901960784314 0.02287581699346405
0 0.7691482843137255 0.5349264705882353 0.03400735294117647 0.0298202614379085
0 0.6928615196078431 0.4430147058823529 0.013786764705882353 0.02165032679738562
0 0.8157169117647058 0.6094771241830066 0.02542892156862745 0.042483660130718956
0 0.7513786764705882 0.641952614379085 0.01685049019607843 0.04044117647058824
0 0.8267463235294118 0.5706699346405228 0.010723039215686275 0.031862745098039214
0 0.9169730392156863 0.5412581699346405 0.014093137254901961 0.03594771241830065
0 0.9878982843137255 0.5328839869281046 0.023590686274509803 0.09027777777777778