0 0.10983333333333334 0.6055 0.026333333333333334 0.0205
0 0.12883333333333333 0.58475 0.017 0.015
0 0.163 0.60875 0.05 0.0575
0 0.18333333333333332 0.57475 0.058 0.036
0 0.2 0.616375 0.03133333333333333 0.04675
0 0.257 0.61275 0.05466666666666667 0.065
0 0.3375 0.642875 0.04033333333333333 0.04675
0 0.3735 0.6595 0.049 0.053
0 0.37483333333333335 0.579625 0.051666666666666666 0.03375
0 0.44583333333333336 0.657 0.050333333333333334 0.0595
0 0.43366666666666664 0.621625 0.01 0.00825
0 0.6631666666666667 0.568 0.029 0.043
0 0.7011666666666667 0.545875 0.04566666666666667 0.07325
0 0.733 0.562625 0.044 0.06225
0 0.7806666666666666 0.571 0.05533333333333333 0.046
0 0.9178333333333333 0.589 0.07366666666666667 0.076
0 0.961 0.6275 0.052 0.042