0 0.031125 0.4865 0.02525 0.034333333333333334
0 0.079 0.4826666666666667 0.0245 0.04133333333333333
0 0.119625 0.49083333333333334 0.04525 0.06633333333333333
0 0.20325 0.4638333333333333 0.043 0.08766666666666667
0 0.280125 0.48733333333333334 0.00975 0.012666666666666666
0 0.284875 0.5053333333333333 0.01225 0.016666666666666666
0 0.299625 0.412 0.01275 0.034
0 0.345125 0.48383333333333334 0.02375 0.045
0 0.350875 0.5158333333333334 0.01025 0.012333333333333333
0 0.447125 0.488 0.03325 0.08533333333333333
0 0.522375 0.504 0.03275 0.054
0 0.51675 0.5418333333333333 0.0075 0.015
0 0.561875 0.5441666666666667 0.01575 0.025666666666666667
0 0.559625 0.4715 0.05125 0.049666666666666665
0 0.5435 0.43633333333333335 0.0155 0.014666666666666666
0 0.659625 0.4816666666666667 0.03125 0.06133333333333333
0 0.982 0.47733333333333333 0.0145 0.029333333333333333
0 0.980375 0.407 0.00675 0.02