0 0.041207107843137254 0.4810049019607843 0.02420343137254902 0.028186274509803922
0 0.10799632352941177 0.5439133986928104 0.047487745098039214 0.04370915032679738
0 0.14231004901960784 0.5271650326797386 0.02971813725490196 0.0298202614379085
0 0.1171875 0.6109068627450981 0.015012254901960785 0.037173202614379085
0 0.17585784313725492 0.6154003267973857 0.029411764705882353 0.10253267973856209
0 0.19653799019607843 0.6200980392156863 0.027879901960784315 0.07107843137254902
0 0.23069852941176472 0.5204248366013072 0.03125 0.06781045751633986
0 0.25857843137254904 0.5147058823529411 0.02389705882352941 0.049019607843137254
0 0.35232843137254904 0.14501633986928106 0.017769607843137254 0.026143790849673203
0 0.5081188725490197 0.15155228758169934 0.045649509803921566 0.0784313725490196
0 0.37699142156862747 0.46017156862745096 0.011948529411764705 0.015931372549019607
0 0.4088541666666667 0.43709150326797386 0.015012254901960785 0.027777777777777776
0 0.4653799019607843 0.5251225490196079 0.05698529411764706 0.0763888888888889
0 0.5053615196078431 0.5343137254901961 0.03155637254901961 0.09640522875816994
0 0.5283394607843137 0.5128676470588235 0.0272671568627451 0.039624183006535946
0 0.5736825980392157 0.5486111111111112 0.013786764705882353 0.02287581699346405
0 0.5801164215686274 0.5063316993464052 0.022365196078431373 0.03553921568627451
0 0.6156556372549019 0.4483251633986928 0.04136029411764706 0.0363562091503268
0 0.6390931372549019 0.4256535947712418 0.03676470588235294 0.04820261437908497
0 0.6118259803921569 0.31229575163398693 0.0196078431372549 0.03145424836601307
0 0.7627144607843137 0.4824346405228758 0.048100490196078434 0.035130718954248366
0 0.7826286764705882 0.4180964052287582 0.011948529411764705 0.013480392156862746
0 0.8082107843137255 0.4311683006535948 0.014093137254901961 0.015931372549019607
0 0.8212316176470589 0.46691176470588236 0.01133578431372549 0.041666666666666664
0 0.8501838235294118 0.4229983660130719 0.01838235294117647 0.014297385620915032
0 0.8866421568627451 0.4285130718954248 0.03982843137254902 0.08251633986928104