0 0.10876225490196079 0.4820261437908497 0.05330882352941176 0.06454248366013073
0 0.17110906862745098 0.5006127450980392 0.023590686274509803 0.024101307189542485
0 0.2962622549019608 0.49550653594771243 0.025122549019607844 0.06209150326797386
0 0.3249080882352941 0.44546568627450983 0.02971813725490196 0.07066993464052287
0 0.3645833333333333 0.5112336601307189 0.04534313725490196 0.10253267973856209
0 0.44378063725490197 0.4724264705882353 0.024816176470588234 0.044526143790849675
0 0.5571384803921569 0.5733251633986928 0.01991421568627451 0.03308823529411765
0 0.5764399509803921 0.5418709150326797 0.01991421568627451 0.07066993464052287
0 0.6847426470588235 0.5196078431372549 0.017769607843137254 0.035130718954248366
0 0.8226102941176471 0.5951797385620915 0.037377450980392156 0.11029411764705882
0 0.9168198529411765 0.5267565359477124 0.01133578431372549 0.03227124183006536
0 0.2689950980392157 0.48304738562091504 0.027573529411764705 0.05514705882352941