0 0.012254901960784314 0.48366013071895425 0.024509803921568627 0.024509803921568627
0 0.013786764705882353 0.5524918300653595 0.015931372549019607 0.027369281045751634
0 0.20419730392156862 0.35784313725490197 0.020526960784313725 0.026143790849673203
0 0.2850796568627451 0.29248366013071897 0.017463235294117647 0.02369281045751634
0 0.3503370098039216 0.45894607843137253 0.05667892156862745 0.10661764705882353
0 0.3200061274509804 0.5508578431372549 0.03216911764705882 0.060866013071895424
0 0.35018382352941174 0.5543300653594772 0.027573529411764705 0.05473856209150327
0 0.7925857843137255 0.45588235294117646 0.04595588235294118 0.07924836601307189
0 0.8246017156862745 0.4765114379084967 0.03462009803921569 0.0959967320261438
0 0.8795955882352942 0.4775326797385621 0.05024509803921569 0.05392156862745098
0 0.914828431372549 0.4891748366013072 0.02696078431372549 0.07066993464052287
0 0.9368872549019608 0.5055147058823529 0.034926470588235295 0.07965686274509803
0 0.9868259803921569 0.5147058823529411 0.025735294117647058 0.03431372549019608