0 0.06893382352941177 0.2894199346405229 0.025735294117647058 0.023284313725490197
0 0.03354779411764706 0.440359477124183 0.03155637254901961 0.06944444444444445
0 0.1881127450980392 0.4832516339869281 0.04411764705882353 0.03839869281045752
0 0.20450367647058823 0.4752859477124183 0.021752450980392156 0.027369281045751634
0 0.22472426470588236 0.44730392156862747 0.022365196078431373 0.042483660130718956
0 0.25 0.4622140522875817 0.03431372549019608 0.08047385620915033
0 0.27175245098039214 0.414624183006536 0.026348039215686275 0.05228758169934641
0 0.29794730392156865 0.48161764705882354 0.04932598039215686 0.12908496732026145
0 0.3581495098039216 0.4250408496732026 0.030637254901960783 0.09763071895424837
0 0.2691482843137255 0.33374183006535946 0.01991421568627451 0.02696078431372549
0 0.3330269607843137 0.27450980392156865 0.02267156862745098 0.03594771241830065
0 0.4342830882352941 0.47263071895424835 0.033394607843137254 0.06290849673202614
0 0.4102328431372549 0.3555964052287582 0.02267156862745098 0.024918300653594773
0 0.4476102941176471 0.38174019607843135 0.05698529411764706 0.08946078431372549
0 0.5258884803921569 0.35437091503267976 0.026041666666666668 0.07720588235294118
0 0.5454963235294118 0.42320261437908496 0.03155637254901961 0.061274509803921566
0 0.6830575980392157 0.3866421568627451 0.04381127450980392 0.04861111111111111
0 0.7368259803921569 0.3341503267973856 0.009191176470588236 0.017973856209150325
0 0.7317708333333334 0.3786764705882353 0.02297794117647059 0.06535947712418301
0 0.859375 0.35294117647058826 0.026348039215686275 0.04493464052287582
0 0.8926164215686274 0.3868464052287582 0.05116421568627451 0.03839869281045752
0 0.9482230392156863 0.3449754901960784 0.04656862745098039 0.09436274509803921