0 0.010723039215686275 0.6638071895424836 0.02144607843137255 0.0784313725490196
0 0.26485906862745096 0.6174428104575164 0.015012254901960785 0.02246732026143791
0 0.29901960784313725 0.6527777777777778 0.024509803921568627 0.03676470588235294
0 0.29733455882352944 0.6983251633986928 0.029105392156862746 0.037173202614379085
0 0.32766544117647056 0.613562091503268 0.022365196078431373 0.0661764705882353
0 0.3118872549019608 0.6154003267973857 0.012254901960784314 0.011029411764705883
0 0.37515318627450983 0.6119281045751634 0.02849264705882353 0.05310457516339869
0 0.49034926470588236 0.5659722222222222 0.04381127450980392 0.0690359477124183
0 0.5208333333333334 0.6390931372549019 0.030637254901960783 0.09109477124183006
0 0.5202205882352942 0.5804738562091504 0.03125 0.032679738562091505
0 0.546875 0.6143790849673203 0.03125 0.09640522875816994
0 0.5465686274509803 0.5608660130718954 0.028186274509803922 0.021241830065359478
0 0.5569852941176471 0.5388071895424836 0.0196078431372549 0.0392156862745098
0 0.5272671568627451 0.5153186274509803 0.01715686274509804 0.037173202614379085
0 0.5540747549019608 0.5224673202614379 0.03707107843137255 0.04330065359477124
0 0.5746017156862745 0.5373774509803921 0.013786764705882353 0.025735294117647058
0 0.5920649509803921 0.5531045751633987 0.03829656862745098 0.0392156862745098
0 0.6245404411764706 0.5535130718954249 0.040747549019607844 0.08905228758169935
0 0.6248468137254902 0.49897875816993464 0.04381127450980392 0.06576797385620915
0 0.6698835784313726 0.4714052287581699 0.02849264705882353 0.0457516339869281
0 0.6799938725490197 0.5635212418300654 0.01685049019607843 0.046977124183006536
0 0.7256433823529411 0.5263480392156863 0.016237745098039217 0.025735294117647058
0 0.7601102941176471 0.5612745098039216 0.034926470588235295 0.0857843137254902
0 0.7783394607843137 0.5761846405228758 0.018688725490196078 0.04534313725490196
0 0.952359068627451 0.5302287581699346 0.017463235294117647 0.03594771241830065
0 0.9630821078431373 0.6086601307189542 0.02542892156862745 0.07516339869281045
0 0.9917279411764706 0.6092728758169934 0.015931372549019607 0.1090686274509804