0 0.2549019607843137 0.5392156862745098 0.031862745098039214 0.06781045751633986
0 0.28737745098039214 0.49979575163398693 0.03615196078431373 0.044526143790849675
0 0.28293504901960786 0.5377859477124183 0.016237745098039217 0.03145424836601307
0 0.29503676470588236 0.5704656862745098 0.026348039215686275 0.0494281045751634
0 0.3599877450980392 0.5625 0.023284313725490197 0.056372549019607844
0 0.42080269607843135 0.5116421568627451 0.03155637254901961 0.046977124183006536
0 0.3789828431372549 0.5008169934640523 0.018995098039215685 0.03104575163398693
0 0.5255821078431373 0.47937091503267976 0.01685049019607843 0.05106209150326797
0 0.7276348039215687 0.6580882352941176 0.04044117647058824 0.07679738562091504
0 0.6525735294117647 0.5414624183006536 0.04656862745098039 0.10416666666666667
0 0.7123161764705882 0.5093954248366013 0.06985294117647059 0.06535947712418301
0 0.8215379901960784 0.6094771241830066 0.026041666666666668 0.06045751633986928
0 0.8494178921568627 0.5678104575163399 0.03278186274509804 0.06699346405228758
0 0.882046568627451 0.5512663398692811 0.025735294117647058 0.03308823529411765
0 0.9499080882352942 0.5651552287581699 0.046262254901960786 0.09272875816993464