0 0.9480698529411765 0.5267565359477124 0.04013480392156863 0.068218954248366
0 0.8975183823529411 0.5012254901960784 0.010723039215686275 0.010620915032679739
0 0.7162990196078431 0.528390522875817 0.00980392156862745 0.01511437908496732
0 0.6989889705882353 0.5345179738562091 0.02420343137254902 0.046977124183006536
0 0.6781556372549019 0.5310457516339869 0.008884803921568627 0.00980392156862745
0 0.6534926470588235 0.5516748366013072 0.024509803921568627 0.054330065359477125
0 0.6329656862745098 0.5447303921568627 0.012867647058823529 0.01184640522875817
0 0.5454963235294118 0.4511846405228758 0.053002450980392156 0.08619281045751634
0 0.5199142156862745 0.49060457516339867 0.03553921568627451 0.06944444444444445
0 0.5010723039215687 0.5343137254901961 0.02420343137254902 0.07761437908496732
0 0.48330269607843135 0.4897875816993464 0.043198529411764705 0.05800653594771242
0 0.46139705882352944 0.5265522875816994 0.015931372549019607 0.02369281045751634
0 0.44485294117647056 0.5116421568627451 0.034926470588235295 0.09027777777777778
0 0.4195772058823529 0.4910130718954248 0.023590686274509803 0.05555555555555555
0 0.2841605392156863 0.5026552287581699 0.03400735294117647 0.056781045751633986
0 0.3079044117647059 0.5332924836601307 0.02144607843137255 0.0625
0 0.31924019607843135 0.5053104575163399 0.03982843137254902 0.059640522875817
0 0.3255208333333333 0.4714052287581699 0.023590686274509803 0.035130718954248366
0 0.3584558823529412 0.45588235294117646 0.029411764705882353 0.03349673202614379
0 0.3616727941176471 0.5049019607843137 0.043198529411764705 0.06699346405228758
0 0.38480392156862747 0.48284313725490197 0.023284313725490197 0.031862745098039214