0 0.04151348039215686 0.6284722222222222 0.02420343137254902 0.0755718954248366
0 0.014246323529411764 0.610702614379085 0.0272671568627451 0.09558823529411764
0 0.03416053921568627 0.5674019607843137 0.015625 0.03758169934640523
0 0.12193627450980392 0.4616013071895425 0.0392156862745098 0.042483660130718956
0 0.10248161764705882 0.5147058823529411 0.047487745098039214 0.08088235294117647
0 0.04059436274509804 0.47406045751633985 0.08118872549019608 0.07312091503267974
0 0.19684436274509803 0.48590686274509803 0.018075980392156864 0.03308823529411765
0 0.3518688725490196 0.4681372549019608 0.08057598039215687 0.04656862745098039
0 0.328125 0.5006127450980392 0.025122549019607844 0.027369281045751634
0 0.3723958333333333 0.5108251633986928 0.046262254901960786 0.03799019607843137
0 0.29871323529411764 0.4187091503267974 0.013480392156862746 0.041666666666666664
0 0.32015931372549017 0.3958333333333333 0.028186274509803922 0.032679738562091505
0 0.3368566176470588 0.4375 0.012561274509803922 0.0196078431372549
0 0.3556985294117647 0.4319852941176471 0.01715686274509804 0.0298202614379085
0 0.43504901960784315 0.4187091503267974 0.06004901960784314 0.08006535947712418
0 0.43795955882352944 0.5224673202614379 0.03952205882352941 0.12581699346405228
0 0.4105392156862745 0.48508986928104575 0.015931372549019607 0.053513071895424834
0 0.49402573529411764 0.4084967320261438 0.02971813725490196 0.02369281045751634
0 0.5793504901960784 0.4303513071895425 0.031862745098039214 0.030637254901960783
0 0.6891850490196079 0.45731209150326796 0.03707107843137255 0.09027777777777778
0 0.6593137254901961 0.42626633986928103 0.020833333333333332 0.03799019607843137
0 0.7300857843137255 0.46875 0.04350490196078431 0.05269607843137255
0 0.7424938725490197 0.4323937908496732 0.012561274509803922 0.023284313725490197
0 0.7271752450980392 0.4401552287581699 0.01011029411764706 0.01838235294117647
0 0.8278186274509803 0.5375816993464052 0.049019607843137254 0.10294117647058823
0 0.8451286764705882 0.4738562091503268 0.016237745098039217 0.03104575163398693
0 0.8837316176470589 0.4644607843137255 0.012561274509803922 0.026143790849673203
0 0.9370404411764706 0.4462826797385621 0.036458333333333336 0.02165032679738562
0 0.9505208333333334 0.41360294117647056 0.046875 0.04370915032679738
0 0.9693627450980392 0.4863153594771242 0.06066176470588235 0.06576797385620915
0 0.9640012254901961 0.5465686274509803 0.04871323529411765 0.05555555555555555
0 0.992953431372549 0.5412581699346405 0.012867647058823529 0.04330065359477124