0 0.248875 0.442 0.04725 0.04533333333333334
0 0.265375 0.4156666666666667 0.03025 0.042
0 0.00975 0.46066666666666667 0.0195 0.058
0 0.046125 0.4755 0.01475 0.030333333333333334
0 0.0565 0.44966666666666666 0.028 0.028666666666666667
0 0.076125 0.5036666666666667 0.01175 0.013333333333333334
0 0.40575 0.5043333333333333 0.026 0.05266666666666667
0 0.3995 0.45566666666666666 0.017 0.034666666666666665
0 0.419125 0.38866666666666666 0.03875 0.05
0 0.48075 0.46016666666666667 0.0295 0.050333333333333334
0 0.46725 0.5021666666666667 0.0175 0.023666666666666666
0 0.525625 0.37933333333333336 0.02825 0.046
0 0.567 0.36466666666666664 0.019 0.03133333333333333
0 0.599125 0.3898333333333333 0.02425 0.023
0 0.922 0.5058333333333334 0.0385 0.08033333333333334
0 0.944625 0.42983333333333335 0.03025 0.043666666666666666