0 0.07889093137254902 0.6086601307189542 0.04932598039215686 0.10620915032679738
0 0.10416666666666667 0.5324754901960784 0.029411764705882353 0.0298202614379085
0 0.1210171568627451 0.6076388888888888 0.04779411764705882 0.10580065359477124
0 0.2746629901960784 0.6239787581699346 0.016237745098039217 0.024918300653594773
0 0.21660539215686275 0.48447712418300654 0.02267156862745098 0.051470588235294115
0 0.32215073529411764 0.6313316993464052 0.03400735294117647 0.0951797385620915
0 0.36151960784313725 0.5945669934640523 0.04350490196078431 0.08700980392156862
0 0.3978247549019608 0.5273692810457516 0.0272671568627451 0.09313725490196079
0 0.39200367647058826 0.6493055555555556 0.010723039215686275 0.015931372549019607
0 0.42922794117647056 0.6029411764705882 0.014093137254901961 0.024509803921568627
0 0.5203737745098039 0.5477941176470589 0.012561274509803922 0.03349673202614379
0 0.5136335784313726 0.5745506535947712 0.014399509803921568 0.05024509803921569
0 0.45986519607843135 0.5886437908496732 0.006127450980392157 0.010620915032679739
0 0.5016850490196079 0.45955882352941174 0.035845588235294115 0.021241830065359478
0 0.546875 0.4166666666666667 0.018995098039215685 0.01715686274509804
0 0.3716299019607843 0.3895016339869281 0.016544117647058824 0.023284313725490197
0 0.7634803921568627 0.6062091503267973 0.022058823529411766 0.05800653594771242
0 0.7746629901960784 0.5500408496732027 0.035845588235294115 0.051879084967320264
0 0.8158700980392157 0.5506535947712419 0.017769607843137254 0.01715686274509804
0 0.7951899509803921 0.5034722222222222 0.021752450980392156 0.02900326797385621
0 0.9266237745098039 0.5118464052287581 0.0352328431372549 0.04330065359477124