0 0.018125 0.48083333333333333 0.03625 0.071
0 0.090875 0.48583333333333334 0.02375 0.051
0 0.119375 0.459 0.02975 0.044
0 0.161875 0.48833333333333334 0.01425 0.017333333333333333
0 0.212625 0.424 0.02475 0.03933333333333333
0 0.18375 0.4635 0.006 0.02033333333333333
0 0.29125 0.5346666666666666 0.0245 0.03933333333333333
0 0.28325 0.49 0.0165 0.020666666666666667
0 0.44075 0.5301666666666667 0.0195 0.036333333333333336
0 0.538875 0.4796666666666667 0.01575 0.048
0 0.514875 0.4425 0.04075 0.08833333333333333
0 0.517875 0.35783333333333334 0.03675 0.07233333333333333
0 0.488 0.3586666666666667 0.017 0.03666666666666667
0 0.622125 0.4245 0.03275 0.022333333333333334
0 0.611875 0.48983333333333334 0.01225 0.01633333333333333
0 0.67875 0.4033333333333333 0.039 0.06466666666666666
0 0.673375 0.44916666666666666 0.03325 0.027
0 0.72775 0.44666666666666666 0.0395 0.034666666666666665
0 0.743375 0.5131666666666667 0.04775 0.08966666666666667
0 0.695875 0.5688333333333333 0.01575 0.021666666666666667
0 0.952 0.5125 0.033 0.07166666666666667
0 0.91275 0.4225 0.013 0.026333333333333334
0 0.969875 0.409 0.01575 0.044
0 0.9895 0.434 0.0205 0.04933333333333333
0 0.99625 0.5115 0.007 0.057666666666666665