0 0.34420955882352944 0.3837826797385621 0.05116421568627451 0.0428921568627451
0 0.3515625 0.4624183006535948 0.050551470588235295 0.11274509803921569
0 0.3818933823529412 0.46282679738562094 0.05361519607843137 0.09803921568627451
0 0.40027573529411764 0.4125816993464052 0.040747549019607844 0.035130718954248366
0 0.49862132352941174 0.5243055555555556 0.02542892156862745 0.026552287581699346
0 0.5050551470588235 0.5637254901960784 0.021139705882352942 0.028594771241830064
0 0.5514705882352942 0.5496323529411765 0.037377450980392156 0.068218954248366
0 0.5840992647058824 0.5629084967320261 0.011948529411764705 0.01715686274509804
0 0.563265931372549 0.6176470588235294 0.03278186274509804 0.07598039215686274
0 0.6574754901960784 0.5439133986928104 0.011642156862745098 0.028186274509803922
0 0.6628370098039216 0.5234885620915033 0.005208333333333333 0.01919934640522876
0 0.686734068627451 0.5294117647058824 0.046875 0.06862745098039216
0 0.7248774509803921 0.53125 0.03370098039215686 0.06576797385620915
0 0.7450980392156863 0.5551470588235294 0.031862745098039214 0.03431372549019608
0 0.7685355392156863 0.5859885620915033 0.02971813725490196 0.061683006535947715
0 0.796875 0.6049836601307189 0.04044117647058824 0.05555555555555555
0 0.7859987745098039 0.6421568627450981 0.02542892156862745 0.049836601307189546
0 0.8469669117647058 0.6256127450980392 0.04503676470588235 0.08619281045751634
0 0.8938419117647058 0.5418709150326797 0.03216911764705882 0.05841503267973856
0 0.9338235294117647 0.5357434640522876 0.05392156862745098 0.03553921568627451