0 0.0029105392156862746 0.4534313725490196 0.005821078431372549 0.10457516339869281
0 0.0822610294117647 0.47794117647058826 0.03278186274509804 0.04656862745098039
0 0.10401348039215687 0.5281862745098039 0.057291666666666664 0.06944444444444445
0 0.17279411764705882 0.4912173202614379 0.06066176470588235 0.0951797385620915
0 0.23866421568627452 0.4854983660130719 0.02389705882352941 0.04370915032679738
0 0.27297794117647056 0.48590686274509803 0.044730392156862746 0.0755718954248366
0 0.3318014705882353 0.4758986928104575 0.025735294117647058 0.021241830065359478
0 0.3397671568627451 0.44893790849673204 0.016544117647058824 0.03676470588235294
0 0.3632046568627451 0.414624183006536 0.01991421568627451 0.03431372549019608
0 0.44255514705882354 0.4707924836601307 0.04258578431372549 0.0959967320261438
0 0.46890318627450983 0.4180964052287582 0.030330882352941176 0.05759803921568627
0 0.3984375 0.4797794117647059 0.0272671568627451 0.037173202614379085
0 0.38480392156862747 0.5081699346405228 0.03860294117647059 0.0392156862745098
0 0.36121323529411764 0.5571895424836601 0.029411764705882353 0.03839869281045752
0 0.3903186274509804 0.5690359477124183 0.04718137254901961 0.1111111111111111
0 0.5454963235294118 0.49468954248366015 0.057291666666666664 0.06944444444444445
0 0.6288296568627451 0.49959150326797386 0.02297794117647059 0.05800653594771242
0 0.6798406862745098 0.5067401960784313 0.044730392156862746 0.10089869281045752
0 0.7503063725490197 0.5379901960784313 0.04534313725490196 0.09313725490196079
0 0.7907475490196079 0.4665032679738562 0.011642156862745098 0.016339869281045753