0 0.115625 0.4696666666666667 0.03175 0.06333333333333334
0 0.179375 0.43366666666666664 0.01175 0.018666666666666668
0 0.19225 0.5348333333333334 0.017 0.009666666666666667
0 0.207375 0.5593333333333333 0.02025 0.02266666666666667
0 0.199875 0.5533333333333333 0.01125 0.018666666666666668
0 0.310875 0.501 0.01625 0.03266666666666666
0 0.31225 0.4755 0.014 0.025
0 0.39825 0.42233333333333334 0.013 0.02266666666666667
0 0.411375 0.44483333333333336 0.02575 0.051666666666666666
0 0.4535 0.48933333333333334 0.034 0.056
0 0.474875 0.45716666666666667 0.00825 0.011
0 0.477625 0.4915 0.01125 0.023666666666666666
0 0.49525 0.529 0.034 0.09
0 0.533125 0.48933333333333334 0.00925 0.013333333333333334
0 0.546375 0.5026666666666667 0.02075 0.043333333333333335
0 0.56025 0.5031666666666667 0.0225 0.05633333333333333
0 0.626875 0.5578333333333333 0.00425 0.014333333333333333
0 0.87975 0.4676666666666667 0.071 0.07866666666666666
0 0.882125 0.5156666666666667 0.04275 0.07066666666666667
0 0.91125 0.4925 0.0165 0.027
0 0.913625 0.4236666666666667 0.02275 0.019333333333333334
0 0.943875 0.4545 0.02025 0.060333333333333336
0 0.996375 0.5026666666666667 0.00675 0.019333333333333334
0 0.937875 0.4053333333333333 0.02075 0.028666666666666667