0 0.079375 0.561 0.03075 0.08866666666666667
0 0.136625 0.5363333333333333 0.03125 0.066
0 0.184875 0.5528333333333333 0.01675 0.02033333333333333
0 0.14575 0.49216666666666664 0.016 0.019
0 0.161875 0.4673333333333333 0.01775 0.016
0 0.25025 0.566 0.0295 0.04733333333333333
0 0.29075 0.5543333333333333 0.0315 0.10266666666666667
0 0.54175 0.5895 0.017 0.04033333333333333
0 0.53 0.5448333333333333 0.01 0.012333333333333333
0 0.544625 0.5395 0.01575 0.02033333333333333
0 0.4985 0.4975 0.0195 0.027666666666666666
0 0.5095 0.4835 0.0105 0.014333333333333333
0 0.689125 0.5175 0.03525 0.06433333333333334
0 0.74675 0.4796666666666667 0.0105 0.03
0 0.785 0.5145 0.0205 0.04766666666666667
0 0.84375 0.4555 0.0425 0.093
0 0.889 0.42 0.0195 0.015333333333333332
0 0.902 0.4686666666666667 0.0345 0.06133333333333333
0 0.915625 0.5145 0.01275 0.007666666666666666
0 0.938625 0.4495 0.02575 0.058333333333333334