0 0.261 0.6591666666666667 0.0245 0.051666666666666666
0 0.227125 0.5276666666666666 0.01575 0.03
0 0.325875 0.5853333333333334 0.01075 0.042666666666666665
0 0.300625 0.5661666666666667 0.01775 0.027
0 0.432875 0.6153333333333333 0.02475 0.06
0 0.3955 0.5271666666666667 0.0085 0.015
0 0.36625 0.533 0.008 0.008666666666666666
0 0.57075 0.5178333333333334 0.0605 0.077
0 0.47675 0.501 0.0155 0.026
0 0.5025 0.5016666666666667 0.0295 0.044
0 0.48725 0.5495 0.0335 0.060333333333333336
0 0.45525 0.5368333333333334 0.027 0.021
0 0.638125 0.5091666666666667 0.05625 0.04633333333333333
0 0.647 0.5383333333333333 0.0115 0.010666666666666666
0 0.635 0.579 0.0145 0.011333333333333334
0 0.672 0.5568333333333333 0.0145 0.017666666666666667
0 0.747875 0.49016666666666664 0.01575 0.039
0 0.817125 0.43016666666666664 0.02025 0.039
0 0.964375 0.4726666666666667 0.02075 0.02666666666666667
0 0.99675 0.47683333333333333 0.006 0.073
0 0.500375 0.3865 0.01175 0.017666666666666667
0 0.388875 0.4876666666666667 0.00975 0.010666666666666666
0 0.536 0.5918333333333333 0.011 0.009666666666666667