0 0.006280637254901961 0.6917892156862745 0.012561274509803922 0.03227124183006536
0 0.03661151960784314 0.6566584967320261 0.04136029411764706 0.08374183006535947
0 0.10447303921568628 0.7416258169934641 0.032475490196078434 0.06495098039215687
0 0.14690563725490197 0.7591911764705882 0.05545343137254902 0.10089869281045752
0 0.1643688725490196 0.6454248366013072 0.03768382352941176 0.08823529411764706
0 0.20067401960784315 0.6358251633986928 0.025735294117647058 0.020833333333333332
0 0.21783088235294118 0.6642156862745098 0.016544117647058824 0.02369281045751634
0 0.20526960784313725 0.698937908496732 0.02267156862745098 0.04738562091503268
0 0.19439338235294118 0.733047385620915 0.021139705882352942 0.024918300653594773
0 0.28201593137254904 0.5819035947712419 0.014399509803921568 0.025735294117647058
0 0.2708333333333333 0.6121323529411765 0.0196078431372549 0.06576797385620915
0 0.2962622549019608 0.559640522875817 0.0055147058823529415 0.014705882352941176
0 0.37423406862745096 0.5847630718954249 0.014399509803921568 0.027369281045751634
0 0.38434436274509803 0.6362336601307189 0.017463235294117647 0.04616013071895425
0 0.3645833333333333 0.6599264705882353 0.02144607843137255 0.05106209150326797
0 0.37974877450980393 0.7193627450980392 0.04197303921568627 0.09068627450980392
0 0.40778186274509803 0.7011846405228758 0.00980392156862745 0.020016339869281044
0 0.4306066176470588 0.6638071895424836 0.03400735294117647 0.08660130718954248
0 0.5045955882352942 0.6386846405228758 0.024509803921568627 0.06331699346405228
0 0.4909620098039216 0.5669934640522876 0.010723039215686275 0.016339869281045753
0 0.5111825980392157 0.5776143790849673 0.01133578431372549 0.015522875816993464
0 0.5376838235294118 0.5765931372549019 0.03308823529411765 0.03799019607843137
0 0.5261948529411765 0.6352124183006536 0.02849264705882353 0.0727124183006536
0 0.5597426470588235 0.7003676470588235 0.0196078431372549 0.0298202614379085
0 0.5954350490196079 0.6742238562091504 0.027879901960784315 0.06413398692810457
0 0.586703431372549 0.6149918300653595 0.024509803921568627 0.05759803921568627
0 0.6222426470588235 0.5912990196078431 0.029411764705882353 0.04861111111111111
0 0.6049325980392157 0.6049836601307189 0.01133578431372549 0.021241830065359478
0 0.6265318627450981 0.5569852941176471 0.023284313725490197 0.04125816993464052
0 0.6135110294117647 0.639501633986928 0.0352328431372549 0.0494281045751634
0 0.6369485294117647 0.6468545751633987 0.006740196078431373 0.014297385620915032
0 0.6403186274509803 0.6605392156862745 0.013480392156862746 0.008986928104575163
0 0.647671568627451 0.6076388888888888 0.018995098039215685 0.01838235294117647
0 0.7207414215686274 0.5749591503267973 0.01133578431372549 0.015931372549019607
0 0.7184436274509803 0.6215277777777778 0.027573529411764705 0.05923202614379085
0 0.8131127450980392 0.6556372549019608 0.02022058823529412 0.0392156862745098
0 0.8203125 0.5910947712418301 0.03155637254901961 0.07434640522875817
0 0.8454350490196079 0.5782271241830066 0.03768382352941176 0.08700980392156862
0 0.8814338235294118 0.5857843137254902 0.012867647058823529 0.0392156862745098
0 0.8946078431372549 0.5949754901960784 0.009191176470588236 0.014297385620915032
0 0.9064031862745098 0.542687908496732 0.016237745098039217 0.014297385620915032
0 0.9007352941176471 0.5006127450980392 0.012867647058823529 0.015931372549019607
0 0.9517463235294118 0.5187908496732027 0.020526960784313725 0.029411764705882353
0 0.9905024509803921 0.5304330065359477 0.016544117647058824 0.030637254901960783
0 0.9911151960784313 0.5980392156862745 0.014705882352941176 0.014705882352941176
0 0.9546568627450981 0.5571895424836601 0.025735294117647058 0.03104575163398693
0 0.9555759803921569 0.6111111111111112 0.042279411764705885 0.09640522875816994
0 0.22564338235294118 0.5098039215686274 0.01133578431372549 0.014705882352941176