0 0.047375 0.5053333333333333 0.03025 0.022
0 0.005375 0.5188333333333334 0.01075 0.034333333333333334
0 0.017625 0.5196666666666667 0.01175 0.009333333333333334
0 0.141625 0.495 0.01575 0.052
0 0.12675 0.5128333333333334 0.013 0.010333333333333333
0 0.18725 0.4545 0.0425 0.04766666666666667
0 0.187375 0.5005 0.02775 0.055
0 0.22975 0.5111666666666667 0.0195 0.042333333333333334
0 0.250125 0.5268333333333334 0.02275 0.065
0 0.093125 0.486 0.01325 0.015333333333333332
0 0.32925 0.424 0.012 0.02
0 0.43375 0.44583333333333336 0.0245 0.043666666666666666
0 0.505 0.41233333333333333 0.0305 0.034
0 0.501375 0.4683333333333333 0.02125 0.03266666666666666
0 0.56975 0.48783333333333334 0.0285 0.04766666666666667
0 0.55525 0.45416666666666666 0.0065 0.007666666666666666
0 0.615125 0.46016666666666667 0.03475 0.07433333333333333
0 0.628625 0.5223333333333333 0.03325 0.09533333333333334
0 0.6515 0.43516666666666665 0.041 0.033
0 0.716625 0.4915 0.03625 0.043
0 0.908125 0.4796666666666667 0.02675 0.084
0 0.919375 0.5268333333333334 0.02675 0.035
0 0.56825 0.3705 0.0145 0.017666666666666667
0 0.357 0.4881666666666667 0.0105 0.011