0 0.08363970588235294 0.440359477124183 0.04963235294117647 0.06290849673202614
0 0.026041666666666668 0.46425653594771243 0.015318627450980392 0.013480392156862746
0 0.0272671568627451 0.7132352941176471 0.028186274509803922 0.058823529411764705
0 0.0586703431372549 0.7162990196078431 0.03952205882352941 0.06740196078431372
0 0.13710171568627452 0.5281862745098039 0.030330882352941176 0.04003267973856209
0 0.17555147058823528 0.5430964052287581 0.014705882352941176 0.024918300653594773
0 0.1957720588235294 0.5400326797385621 0.014093137254901961 0.04411764705882353
0 0.21599264705882354 0.5416666666666666 0.025122549019607844 0.051470588235294115
0 0.24402573529411764 0.5322712418300654 0.0272671568627451 0.05065359477124183
0 0.28630514705882354 0.5847630718954249 0.012561274509803922 0.020016339869281044
0 0.3268995098039216 0.5661764705882353 0.02022058823529412 0.02042483660130719
0 0.3469669117647059 0.5782271241830066 0.013786764705882353 0.02165032679738562
0 0.34221813725490197 0.5012254901960784 0.06004901960784314 0.06699346405228758
0 0.39644607843137253 0.5310457516339869 0.037377450980392156 0.03758169934640523
0 0.47518382352941174 0.5531045751633987 0.030637254901960783 0.04084967320261438
0 0.45465686274509803 0.5091911764705882 0.02022058823529412 0.037173202614379085
0 0.4681372549019608 0.47855392156862747 0.014093137254901961 0.0298202614379085
0 0.4756433823529412 0.44138071895424835 0.01991421568627451 0.042075163398692814
0 0.5053615196078431 0.46915849673202614 0.01991421568627451 0.07883986928104575
0 0.5562193627450981 0.4803921568627451 0.03400735294117647 0.09803921568627451
0 0.5784313725490197 0.4311683006535948 0.012867647058823529 0.024101307189542485
0 0.6190257352941176 0.4534313725490196 0.03155637254901961 0.05392156862745098
0 0.6220894607843137 0.5044934640522876 0.015012254901960785 0.0196078431372549
0 0.6439950980392157 0.49611928104575165 0.025122549019607844 0.05841503267973856
0 0.7152267156862745 0.6019199346405228 0.021139705882352942 0.023284313725490197
0 0.7284007352941176 0.5400326797385621 0.015012254901960785 0.026143790849673203
0 0.8393075980392157 0.5604575163398693 0.04197303921568627 0.1576797385620915
0 0.8823529411764706 0.5622957516339869 0.029411764705882353 0.06413398692810457
0 0.9229473039215687 0.5757761437908496 0.018075980392156864 0.026552287581699346
0 0.9321384803921569 0.5212418300653595 0.020526960784313725 0.03594771241830065
0 0.9615502450980392 0.47998366013071897 0.04258578431372549 0.03431372549019608
0 0.9747242647058824 0.5375816993464052 0.04993872549019608 0.049836601307189546