0 0.018229166666666668 0.5359477124183006 0.023590686274509803 0.04493464052287582
0 0.19837622549019607 0.5194035947712419 0.0548406862745098 0.08374183006535947
0 0.28140318627450983 0.4775326797385621 0.036458333333333336 0.06781045751633986
0 0.32169117647058826 0.5008169934640523 0.0545343137254902 0.07107843137254902
0 0.37331495098039214 0.5725081699346405 0.03216911764705882 0.11151960784313726
0 0.4152879901960784 0.5516748366013072 0.04993872549019608 0.09191176470588236
0 0.47349877450980393 0.5541258169934641 0.03400735294117647 0.04125816993464052
0 0.4759497549019608 0.6004901960784313 0.01991421568627451 0.035130718954248366
0 0.5108762254901961 0.47487745098039214 0.01991421568627451 0.034722222222222224
0 0.4834558823529412 0.49897875816993464 0.01838235294117647 0.020016339869281044
0 0.4967830882352941 0.5138888888888888 0.019301470588235295 0.03349673202614379
0 0.5747549019607843 0.5087826797385621 0.026348039215686275 0.03227124183006536
0 0.5254289215686274 0.5749591503267973 0.014093137254901961 0.01919934640522876
0 0.7008272058823529 0.47610294117647056 0.01685049019607843 0.026552287581699346
0 0.7360600490196079 0.5445261437908496 0.019301470588235295 0.051470588235294115
0 0.7772671568627451 0.5870098039215687 0.05269607843137255 0.10375816993464053
0 0.8186274509803921 0.5647467320261438 0.0196078431372549 0.042075163398692814
0 0.961703431372549 0.5706699346405228 0.031862745098039214 0.03594771241830065
0 0.9865196078431373 0.6133578431372549 0.026348039215686275 0.06985294117647059