0 0.005667892156862745 0.4810049019607843 0.01133578431372549 0.03799019607843137
0 0.007352941176470588 0.5437091503267973 0.014705882352941176 0.026143790849673203
0 0.15287990196078433 0.42483660130718953 0.058823529411764705 0.06372549019607843
0 0.15058210784313725 0.49530228758169936 0.033394607843137254 0.09027777777777778
0 0.17401960784313725 0.5102124183006536 0.028186274509803922 0.08660130718954248
0 0.20082720588235295 0.4820261437908497 0.03829656862745098 0.08169934640522876
0 0.23268995098039216 0.4834558823529412 0.03952205882352941 0.09191176470588236
0 0.2662377450980392 0.5098039215686274 0.07904411764705882 0.10294117647058823
0 0.27297794117647056 0.3368055555555556 0.02144607843137255 0.0363562091503268
0 0.43642769607843135 0.3506944444444444 0.0272671568627451 0.03308823529411765
0 0.41390931372549017 0.5149101307189542 0.028799019607843136 0.09109477124183006
0 0.4456188725490196 0.45751633986928103 0.04932598039215686 0.03676470588235294
0 0.4799325980392157 0.45669934640522875 0.03155637254901961 0.08415032679738563
0 0.4638480392156863 0.4959150326797386 0.0428921568627451 0.06045751633986928
0 0.43795955882352944 0.5296160130718954 0.033394607843137254 0.10498366013071896
0 0.4753370098039216 0.6021241830065359 0.047487745098039214 0.0727124183006536
0 0.515625 0.6017156862745098 0.0508578431372549 0.08415032679738563
0 0.5548406862745098 0.5492238562091504 0.03308823529411765 0.0298202614379085
0 0.5726102941176471 0.5882352941176471 0.04656862745098039 0.08986928104575163
0 0.36412377450980393 0.12806372549019607 0.01991421568627451 0.0428921568627451
0 0.4333639705882353 0.2587826797385621 0.018688725490196078 0.01919934640522876
0 0.6769301470588235 0.1889297385620915 0.018688725490196078 0.02246732026143791
0 0.6746323529411765 0.4846813725490196 0.0196078431372549 0.04044117647058824
0 0.6968443627450981 0.4934640522875817 0.013786764705882353 0.02042483660130719
0 0.7081801470588235 0.5712826797385621 0.026041666666666668 0.03390522875816993
0 0.8160232843137255 0.5984477124183006 0.024816176470588234 0.051470588235294115
0 0.8325674019607843 0.5026552287581699 0.008884803921568627 0.0363562091503268
0 0.8696384803921569 0.5592320261437909 0.053002450980392156 0.0915032679738562
0 0.8837316176470589 0.4889705882352941 0.0389093137254902 0.11029411764705882
0 0.9114583333333334 0.5187908496732027 0.0428921568627451 0.04330065359477124
0 0.9543504901960784 0.5212418300653595 0.034926470588235295 0.07026143790849673
0 0.8606004901960784 0.6360294117647058 0.025735294117647058 0.03676470588235294
0 0.9140625 0.5917075163398693 0.018688725490196078 0.026552287581699346
0 0.9425551470588235 0.5998774509803921 0.050551470588235295 0.09926470588235294
0 0.9839154411764706 0.571078431372549 0.03155637254901961 0.119281045751634