0 0.16925 0.5638333333333333 0.0315 0.043
0 0.012625 0.467 0.02525 0.08533333333333333
0 0.0845 0.42916666666666664 0.025 0.019666666666666666
0 0.0985 0.4465 0.0135 0.012333333333333333
0 0.18775 0.4648333333333333 0.0185 0.01633333333333333
0 0.196125 0.4856666666666667 0.01825 0.013333333333333334
0 0.17225 0.4013333333333333 0.007 0.012
0 0.198625 0.4131666666666667 0.01075 0.02033333333333333
0 0.35325 0.493 0.0395 0.03933333333333333
0 0.364125 0.5555 0.02225 0.05366666666666667
0 0.42175 0.4656666666666667 0.0455 0.06866666666666667
0 0.4025 0.4215 0.011 0.015666666666666666
0 0.4805 0.4605 0.0295 0.05366666666666667
0 0.460625 0.44116666666666665 0.01125 0.015
0 0.49075 0.5263333333333333 0.031 0.078
0 0.59275 0.48883333333333334 0.0115 0.02033333333333333
0 0.613875 0.511 0.01725 0.02
0 0.645 0.5243333333333333 0.042 0.07266666666666667