0 0.06295955882352941 0.579452614379085 0.02665441176470588 0.10253267973856209
0 0.028339460784313725 0.6092728758169934 0.040747549019607844 0.09027777777777778
0 0.10018382352941177 0.5392156862745098 0.018995098039215685 0.049019607843137254
0 0.12239583333333333 0.5095996732026143 0.0272671568627451 0.06740196078431372
0 0.1485906862745098 0.5243055555555556 0.02696078431372549 0.05514705882352941
0 0.15441176470588236 0.47467320261437906 0.05392156862745098 0.04820261437908497
0 0.19806985294117646 0.5204248366013072 0.04442401960784314 0.08823529411764706
0 0.20695465686274508 0.5870098039215687 0.018688725490196078 0.0457516339869281
0 0.2924325980392157 0.545751633986928 0.029105392156862746 0.08741830065359477
0 0.2621017156862745 0.5430964052287581 0.02971813725490196 0.051879084967320264
0 0.37806372549019607 0.577001633986928 0.03982843137254902 0.11642156862745098
0 0.4653799019607843 0.5349264705882353 0.014705882352941176 0.02246732026143791
0 0.5664828431372549 0.47120098039215685 0.02022058823529412 0.068218954248366
0 0.5946691176470589 0.47549019607843135 0.02267156862745098 0.05228758169934641
0 0.6056985294117647 0.5506535947712419 0.03308823529411765 0.09558823529411764
0 0.6738664215686274 0.514501633986928 0.046875 0.09272875816993464
0 0.7049632352941176 0.5917075163398693 0.07352941176470588 0.068218954248366
0 0.7169117647058824 0.5185866013071896 0.020833333333333332 0.06985294117647059
0 0.7391237745098039 0.5253267973856209 0.022365196078431373 0.08823529411764706
0 0.7835477941176471 0.528390522875817 0.03829656862745098 0.0363562091503268
0 0.7815563725490197 0.5962009803921569 0.015318627450980392 0.01511437908496732
0 0.8336397058823529 0.5639297385620915 0.05024509803921569 0.1017156862745098
0 0.8713235294117647 0.5453431372549019 0.02267156862745098 0.0457516339869281
0 0.8549325980392157 0.4577205882352941 0.020526960784313725 0.020833333333333332
0 0.8374693627450981 0.45016339869281047 0.012561274509803922 0.016339869281045753
0 0.8578431372549019 0.39767156862745096 0.024509803921568627 0.01919934640522876
0 0.7435661764705882 0.3394607843137255 0.014705882352941176 0.021241830065359478
0 0.5943627450980392 0.3139297385620915 0.015318627450980392 0.024918300653594773
0 0.21216299019607843 0.3212826797385621 0.014399509803921568 0.020016339869281044