0 0.225875 0.5193333333333333 0.03875 0.06466666666666666
0 0.260375 0.464 0.02425 0.04066666666666666
0 0.281625 0.5123333333333333 0.01325 0.018
0 0.293 0.5633333333333334 0.011 0.013333333333333334
0 0.305625 0.43516666666666665 0.02825 0.085
0 0.2985 0.499 0.009 0.027333333333333334
0 0.333875 0.41533333333333333 0.02625 0.06466666666666666
0 0.33725 0.49433333333333335 0.034 0.092
0 0.369 0.4583333333333333 0.0255 0.056666666666666664
0 0.446375 0.46116666666666667 0.06575 0.141
0 0.5205 0.37883333333333336 0.0435 0.049666666666666665
0 0.511375 0.4165 0.01475 0.017666666666666667
0 0.5495 0.46016666666666667 0.045 0.101
0 0.6675 0.4653333333333333 0.0525 0.05266666666666667
0 0.84375 0.5198333333333334 0.037 0.087
0 0.8955 0.45166666666666666 0.0415 0.051333333333333335
0 0.895875 0.5266666666666666 0.02175 0.028
0 0.86775 0.5116666666666667 0.0105 0.021333333333333333
0 0.948875 0.5351666666666667 0.02325 0.026333333333333334