0 0.013020833333333334 0.5569852941176471 0.026041666666666668 0.05024509803921569
0 0.06969975490196079 0.5194035947712419 0.03707107843137255 0.023284313725490197
0 0.0974264705882353 0.48590686274509803 0.014093137254901961 0.016748366013071895
0 0.10585171568627451 0.556781045751634 0.03462009803921569 0.10375816993464053
0 0.13725490196078433 0.5390114379084967 0.027573529411764705 0.030637254901960783
0 0.14506740196078433 0.5992647058823529 0.04258578431372549 0.08251633986928104
0 0.16773897058823528 0.5130718954248366 0.04258578431372549 0.05392156862745098
0 0.19822303921568626 0.5016339869281046 0.012254901960784314 0.031862745098039214
0 0.2113970588235294 0.5741421568627451 0.031862745098039214 0.07148692810457516
0 0.23881740196078433 0.5545343137254902 0.017463235294117647 0.10743464052287582
0 0.21721813725490197 0.5187908496732027 0.024509803921568627 0.03758169934640523
0 0.3177083333333333 0.5708741830065359 0.02696078431372549 0.04616013071895425
0 0.29442401960784315 0.522671568627451 0.0508578431372549 0.051879084967320264
0 0.2924325980392157 0.5571895424836601 0.023590686274509803 0.02287581699346405
0 0.26700367647058826 0.5388071895424836 0.018075980392156864 0.024509803921568627
0 0.3483455882352941 0.45241013071895425 0.04044117647058824 0.054330065359477125
0 0.3229166666666667 0.4875408496732026 0.029411764705882353 0.06495098039215687
0 0.36443014705882354 0.4238153594771242 0.021752450980392156 0.027369281045751634
0 0.43918504901960786 0.5925245098039216 0.03400735294117647 0.0886437908496732
0 0.4330575980392157 0.6145833333333334 0.03952205882352941 0.07883986928104575
0 0.5232843137254902 0.49387254901960786 0.027573529411764705 0.04656862745098039
0 0.5268075980392157 0.5745506535947712 0.036458333333333336 0.068218954248366
0 0.6253063725490197 0.534109477124183 0.02022058823529412 0.05024509803921569
0 0.6508884803921569 0.5418709150326797 0.03400735294117647 0.068218954248366
0 0.6568627450980392 0.5051062091503268 0.020833333333333332 0.015931372549019607
0 0.6170343137254902 0.49387254901960786 0.014093137254901961 0.016339869281045753
0 0.8357843137254902 0.5055147058823529 0.028186274509803922 0.09109477124183006
0 0.8164828431372549 0.48999183006535946 0.011029411764705883 0.03308823529411765
0 0.8051470588235294 0.4861111111111111 0.030637254901960783 0.08415032679738563
0 0.7702205882352942 0.4840686274509804 0.015318627450980392 0.013888888888888888
0 0.8728553921568627 0.4352532679738562 0.031862745098039214 0.0363562091503268
0 0.9120710784313726 0.4681372549019608 0.029411764705882353 0.042483660130718956
0 0.9238664215686274 0.4215686274509804 0.01991421568627451 0.051470588235294115
0 0.9546568627450981 0.5287990196078431 0.028799019607843136 0.04616013071895425
0 0.9159007352941176 0.5275735294117647 0.017463235294117647 0.02246732026143791
0 0.9267769607843137 0.5038807189542484 0.03125 0.026552287581699346
0 0.9754901960784313 0.46425653594771243 0.0392156862745098 0.0763888888888889
0 0.9450061274509803 0.46486928104575165 0.02849264705882353 0.06454248366013073