0 0.02619485294117647 0.22651143790849673 0.04258578431372549 0.05923202614379085
0 0.2575061274509804 0.5220588235294118 0.030943627450980393 0.07107843137254902
0 0.2853860294117647 0.528390522875817 0.04136029411764706 0.10825163398692811
0 0.3782169117647059 0.46200980392156865 0.015625 0.021241830065359478
0 0.4033394607843137 0.5140931372549019 0.04258578431372549 0.08782679738562091
0 0.4027267156862745 0.588031045751634 0.022365196078431373 0.054330065359477125
0 0.6265318627450981 0.4883578431372549 0.03370098039215686 0.04779411764705882
0 0.6363357843137255 0.5075571895424836 0.01715686274509804 0.05759803921568627
0 0.6513480392156863 0.5095996732026143 0.014093137254901961 0.03553921568627451
0 0.6717218137254902 0.5285947712418301 0.03216911764705882 0.0857843137254902
0 0.7280943627450981 0.48794934640522875 0.04013480392156863 0.03145424836601307
0 0.7406556372549019 0.5316584967320261 0.03462009803921569 0.0559640522875817
0 0.7477022058823529 0.5486111111111112 0.026041666666666668 0.0457516339869281
0 0.7636335784313726 0.5547385620915033 0.02420343137254902 0.04411764705882353
0 0.7754289215686274 0.5424836601307189 0.025122549019607844 0.03676470588235294
0 0.7870710784313726 0.5073529411764706 0.028799019607843136 0.05555555555555555
0 0.8146446078431373 0.5134803921568627 0.056372549019607844 0.06699346405228758
0 0.8167892156862745 0.4571078431372549 0.014705882352941176 0.012254901960784314
0 0.8455882352941176 0.5194035947712419 0.02696078431372549 0.068218954248366
0 0.8630514705882353 0.5010212418300654 0.028799019607843136 0.056781045751633986
0 0.9018075980392157 0.5631127450980392 0.03278186274509804 0.054330065359477125
0 0.9580269607843137 0.4852941176470588 0.041666666666666664 0.06862745098039216
0 0.9652267156862745 0.5212418300653595 0.047487745098039214 0.0457516339869281
0 0.9880514705882353 0.4973447712418301 0.023284313725490197 0.06740196078431372