0 0.24096200980392157 0.3999183006535948 0.012561274509803922 0.015522875816993464
0 0.25536151960784315 0.42626633986928103 0.016237745098039217 0.02246732026143791
0 0.2495404411764706 0.465890522875817 0.023590686274509803 0.05759803921568627
0 0.2783394607843137 0.35661764705882354 0.04503676470588235 0.06535947712418301
0 0.2522977941176471 0.35661764705882354 0.01133578431372549 0.014705882352941176
0 0.5202205882352942 0.5102124183006536 0.03308823529411765 0.0857843137254902
0 0.5499387254901961 0.4993872549019608 0.027573529411764705 0.09272875816993464
0 0.5692401960784313 0.45098039215686275 0.011029411764705883 0.01715686274509804
0 0.5914522058823529 0.4875408496732026 0.040747549019607844 0.07230392156862746
0 0.6286764705882353 0.48080065359477125 0.03002450980392157 0.0457516339869281
0 0.6714154411764706 0.4709967320261438 0.024816176470588234 0.029411764705882353
0 0.6919424019607843 0.5036764705882353 0.021139705882352942 0.05065359477124183
0 0.6234681372549019 0.3582516339869281 0.027573529411764705 0.02287581699346405
0 0.9716605392156863 0.5580065359477124 0.026041666666666668 0.07107843137254902
0 0.9200367647058824 0.48937908496732024 0.02696078431372549 0.07761437908496732
0 0.9042585784313726 0.42177287581699346 0.0272671568627451 0.04779411764705882
0 0.8382352941176471 0.45098039215686275 0.051470588235294115 0.06535947712418301
0 0.6188725490196079 0.19648692810457516 0.03676470588235294 0.051470588235294115
0 0.13158700980392157 0.29187091503267976 0.010723039215686275 0.026552287581699346
0 0.7480085784313726 0.24591503267973855 0.011948529411764705 0.015522875816993464
0 0.8903186274509803 0.25 0.013480392156862746 0.02287581699346405