0 0.055300245098039214 0.45894607843137253 0.03155637254901961 0.03799019607843137
0 0.08379289215686274 0.5026552287581699 0.02542892156862745 0.06413398692810457
0 0.2415747549019608 0.5034722222222222 0.021752450980392156 0.03145424836601307
0 0.33517156862745096 0.49611928104575165 0.03982843137254902 0.0298202614379085
0 0.3492647058823529 0.47406045751633985 0.010416666666666666 0.020833333333333332
0 0.3567708333333333 0.5285947712418301 0.019301470588235295 0.02696078431372549
0 0.3723958333333333 0.4846813725490196 0.018688725490196078 0.027369281045751634
0 0.3929227941176471 0.4438316993464052 0.01685049019607843 0.02900326797385621
0 0.5392156862745098 0.6131535947712419 0.03860294117647059 0.08251633986928104
0 0.5739889705882353 0.5857843137254902 0.03462009803921569 0.04656862745098039
0 0.5798100490196079 0.5263480392156863 0.02420343137254902 0.0625
0 0.5516237745098039 0.5228758169934641 0.036458333333333336 0.0457516339869281
0 0.602328431372549 0.5484068627450981 0.015931372549019607 0.056781045751633986
0 0.6344975490196079 0.5281862745098039 0.0428921568627451 0.0661764705882353
0 0.6234681372549019 0.5780228758169934 0.01838235294117647 0.028594771241830064
0 0.6441482843137255 0.5870098039215687 0.014399509803921568 0.026143790849673203
0 0.6294424019607843 0.4791666666666667 0.029105392156862746 0.03104575163398693
0 0.671109068627451 0.5855800653594772 0.019301470588235295 0.04044117647058824
0 0.7493872549019608 0.5484068627450981 0.04534313725490196 0.09027777777777778
0 0.7398897058823529 0.47732843137254904 0.03370098039215686 0.051879084967320264
0 0.8382352941176471 0.5667892156862745 0.015931372549019607 0.0298202614379085
0 0.8910845588235294 0.5388071895424836 0.045649509803921566 0.08741830065359477
0 0.9194240196078431 0.4693627450980392 0.02267156862745098 0.03431372549019608