0 0.171375 0.539 0.02375 0.04533333333333334
0 0.215125 0.553 0.01675 0.04533333333333334
0 0.24275 0.5258333333333334 0.0095 0.013
0 0.514125 0.5178333333333334 0.01525 0.013
0 0.554625 0.4625 0.01475 0.02033333333333333
0 0.59525 0.5296666666666666 0.019 0.03
0 0.609125 0.5146666666666667 0.00775 0.014666666666666666
0 0.622125 0.5331666666666667 0.01575 0.010333333333333333
0 0.696 0.46016666666666667 0.0385 0.08966666666666667
0 0.721125 0.5201666666666667 0.00825 0.007666666666666666
0 0.713125 0.5013333333333333 0.00625 0.008
0 0.73275 0.427 0.014 0.008666666666666666
0 0.95425 0.4666666666666667 0.042 0.07266666666666667