0 0.093 0.5898333333333333 0.0145 0.037
0 0.124125 0.6348333333333334 0.05125 0.050333333333333334
0 0.1265 0.576 0.0605 0.044
0 0.181375 0.6126666666666667 0.02075 0.016
0 0.177625 0.6655 0.02475 0.06166666666666667
0 0.1485 0.528 0.0445 0.04133333333333333
0 0.21375 0.5871666666666666 0.036 0.05433333333333333
0 0.2555 0.5948333333333333 0.049 0.06433333333333334
0 0.270125 0.5128333333333334 0.02375 0.025
0 0.381 0.604 0.031 0.08866666666666667
0 0.4955 0.5753333333333334 0.0415 0.050666666666666665
0 0.557 0.7063333333333334 0.024 0.06333333333333334
0 0.582375 0.6755 0.02725 0.06433333333333334
0 0.698125 0.6281666666666667 0.01525 0.025
0 0.711875 0.6078333333333333 0.01625 0.021
0 0.748875 0.6345 0.01525 0.031
0 0.783625 0.5736666666666667 0.01775 0.017333333333333333
0 0.807 0.627 0.017 0.032
0 0.626875 0.6495 0.01175 0.019
0 0.462875 0.5653333333333334 0.01125 0.010666666666666666