0 0.007625 0.636 0.01525 0.03
0 0.02975 0.654 0.0275 0.046
0 0.032 0.6175 0.027 0.030333333333333334
0 0.044 0.5916666666666667 0.017 0.016
0 0.053375 0.6736666666666666 0.01475 0.017333333333333333
0 0.08375 0.5761666666666667 0.007 0.01633333333333333
0 0.024125 0.5295 0.01525 0.031
0 0.031375 0.5073333333333333 0.00625 0.006
0 0.046 0.5276666666666666 0.005 0.01
0 0.058125 0.5678333333333333 0.01825 0.03233333333333333
0 0.10875 0.5945 0.007 0.013666666666666667
0 0.139125 0.5741666666666667 0.00675 0.011666666666666667
0 0.130625 0.6073333333333333 0.00425 0.012
0 0.125875 0.6291666666666667 0.00525 0.009666666666666667
0 0.120375 0.666 0.01675 0.03266666666666666
0 0.312 0.6125 0.0235 0.028333333333333332
0 0.30175 0.5791666666666667 0.007 0.023
0 0.33 0.5546666666666666 0.0105 0.01
0 0.328875 0.5756666666666667 0.00625 0.016666666666666666
0 0.3205 0.5968333333333333 0.0175 0.027
0 0.388 0.5495 0.013 0.021
0 0.4025 0.5781666666666667 0.0075 0.004333333333333333
0 0.437875 0.6401666666666667 0.00775 0.015666666666666666
0 0.427 0.625 0.0065 0.004666666666666667
0 0.49475 0.5505 0.0235 0.04566666666666667
0 0.49525 0.5898333333333333 0.016 0.017
0 0.528875 0.5636666666666666 0.02125 0.06466666666666666
0 0.54875 0.5413333333333333 0.0415 0.084
0 0.579125 0.562 0.01825 0.03266666666666666
0 0.618125 0.5246666666666666 0.00925 0.025333333333333333
0 0.653 0.505 0.0085 0.006666666666666667
0 0.662625 0.49916666666666665 0.00525 0.006333333333333333
0 0.6485 0.4915 0.0025 0.005
0 0.655375 0.456 0.01125 0.022
0 0.679875 0.5651666666666667 0.02625 0.055
0 0.705375 0.48433333333333334 0.02875 0.04666666666666667
0 0.7015 0.5176666666666667 0.02 0.03333333333333333
0 0.727375 0.5218333333333334 0.02725 0.060333333333333336
0 0.754375 0.5381666666666667 0.00625 0.017666666666666667
0 0.77025 0.5515 0.029 0.036333333333333336
0 0.764 0.6101666666666666 0.006 0.017
0 0.856125 0.5713333333333334 0.02975 0.024
0 0.859875 0.6305 0.02325 0.057666666666666665
0 0.94875 0.654 0.045 0.09066666666666667
0 0.95875 0.6036666666666667 0.0155 0.016666666666666666
0 0.955875 0.5643333333333334 0.01575 0.038
0 0.971625 0.5661666666666667 0.02025 0.029666666666666668
0 0.952375 0.49116666666666664 0.01025 0.007666666666666666