0 0.03211805555555555 0.4990079365079365 0.035962301587301584 0.05291005291005291
0 0.07056051587301587 0.5403439153439153 0.04389880952380952 0.09060846560846561
0 0.07651289682539683 0.4515542328042328 0.031001984126984128 0.040013227513227514
0 0.12375992063492064 0.4915674603174603 0.05704365079365079 0.06448412698412699
0 0.1277281746031746 0.5472883597883598 0.036210317460317464 0.046957671957671955
0 0.1589781746031746 0.4416335978835979 0.04265873015873016 0.07308201058201058
0 0.22631448412698413 0.6311177248677249 0.05580357142857143 0.11541005291005291
0 0.2769097222222222 0.5719246031746031 0.03298611111111111 0.07572751322751323
0 0.3289930555555556 0.48991402116402116 0.043402777777777776 0.1207010582010582
0 0.35553075396825395 0.4836309523809524 0.015625 0.0419973544973545
0 0.4126984126984127 0.5297619047619048 0.056051587301587304 0.06613756613756613
0 0.4193948412698413 0.48131613756613756 0.027777777777777776 0.03802910052910053
0 0.44853670634920634 0.4837962962962963 0.03249007936507937 0.062169312169312166
0 0.4486607142857143 0.43716931216931215 0.02132936507936508 0.041005291005291
0 0.4833829365079365 0.503968253968254 0.05109126984126984 0.09788359788359788
0 0.5744047619047619 0.5320767195767195 0.016865079365079364 0.047619047619047616
0 0.5944940476190477 0.5768849206349206 0.025297619047619048 0.03670634920634921
0 0.621155753968254 0.5648148148148148 0.038938492063492064 0.04365079365079365
0 0.6868799603174603 0.43022486772486773 0.031001984126984128 0.03505291005291005
0 0.6667906746031746 0.46478174603174605 0.016617063492063492 0.0248015873015873
0 0.7189980158730159 0.519510582010582 0.024305555555555556 0.051587301587301584
0 0.7409474206349206 0.4718915343915344 0.022569444444444444 0.02447089947089947
0 0.7672371031746031 0.5686177248677249 0.04290674603174603 0.08366402116402116
0 0.7797619047619048 0.49950396825396826 0.04662698412698413 0.055224867724867725
0 0.8266369047619048 0.45519179894179895 0.06299603174603174 0.05654761904761905
0 0.8723958333333334 0.4611441798941799 0.03298611111111111 0.0625
0 0.9270833333333334 0.4708994708994709 0.033234126984126984 0.031746031746031744
0 0.9201388888888888 0.49834656084656087 0.01488095238095238 0.013227513227513227