0 0.05392156862745098 0.528390522875817 0.05943627450980392 0.07965686274509803
0 0.02022058823529412 0.5731209150326797 0.04044117647058824 0.04084967320261438
0 0.07306985294117647 0.6215277777777778 0.07077205882352941 0.1090686274509804
0 0.1714154411764706 0.6601307189542484 0.05177696078431373 0.03104575163398693
0 0.17539828431372548 0.7224264705882353 0.048100490196078434 0.07475490196078431
0 0.18673406862745098 0.6339869281045751 0.021752450980392156 0.02696078431372549
0 0.2193627450980392 0.6176470588235294 0.037377450980392156 0.07679738562091504
0 0.27144607843137253 0.6053921568627451 0.05330882352941176 0.11519607843137254
0 0.3034620098039216 0.5236928104575164 0.023590686274509803 0.058823529411764705
0 0.2818627450980392 0.5273692810457516 0.014093137254901961 0.026143790849673203
0 0.2858455882352941 0.4765114379084967 0.025735294117647058 0.030637254901960783
0 0.33118872549019607 0.6096813725490197 0.0545343137254902 0.11723856209150327
0 0.36825980392156865 0.6131535947712419 0.04963235294117647 0.04084967320261438
0 0.4502144607843137 0.641748366013072 0.016237745098039217 0.041666666666666664
0 0.5075061274509803 0.6415441176470589 0.026041666666666668 0.0298202614379085
0 0.49693627450980393 0.6746323529411765 0.02144607843137255 0.03880718954248366
0 0.5481004901960784 0.5778186274509803 0.020833333333333332 0.046977124183006536
0 0.6265318627450981 0.5635212418300654 0.03982843137254902 0.06658496732026144
0 0.7284007352941176 0.5833333333333334 0.06464460784313726 0.11601307189542484
0 0.7590379901960784 0.7316176470588235 0.022365196078431373 0.032679738562091505
0 0.7738970588235294 0.713031045751634 0.012867647058823529 0.0298202614379085
0 0.8483455882352942 0.7193627450980392 0.0784313725490196 0.20098039215686275
0 0.9480698529411765 0.7267156862745098 0.0701593137254902 0.1111111111111111
0 0.9926470588235294 0.7185457516339869 0.014093137254901961 0.14133986928104575