0 0.022941468253968252 0.4794973544973545 0.045882936507936505 0.04365079365079365
0 0.04327876984126984 0.5130621693121693 0.04439484126984127 0.08167989417989419
0 0.10602678571428571 0.45271164021164023 0.021081349206349208 0.031084656084656083
0 0.10478670634920635 0.4753637566137566 0.005208333333333333 0.005621693121693121
0 0.13256448412698413 0.4869378306878307 0.031994047619047616 0.07043650793650794
0 0.14955357142857142 0.48197751322751325 0.013392857142857142 0.044642857142857144
0 0.1671626984126984 0.45519179894179895 0.015873015873015872 0.022817460317460316
0 0.1943204365079365 0.5200066137566137 0.04389880952380952 0.08366402116402116
0 0.2017609126984127 0.44675925925925924 0.036458333333333336 0.06746031746031746
0 0.29216269841269843 0.4209656084656085 0.02628968253968254 0.05357142857142857
0 0.31919642857142855 0.4912367724867725 0.022817460317460316 0.022156084656084655
0 0.3253968253968254 0.44543650793650796 0.030753968253968252 0.05489417989417989
0 0.34089781746031744 0.46924603174603174 0.012152777777777778 0.023148148148148147
0 0.33469742063492064 0.5014880952380952 0.01314484126984127 0.020833333333333332
0 0.3568948412698413 0.4085648148148148 0.02132936507936508 0.03009259259259259
0 0.39099702380952384 0.43898809523809523 0.026041666666666668 0.04662698412698413
0 0.404265873015873 0.484457671957672 0.006448412698412698 0.027116402116402115
0 0.41803075396825395 0.4226190476190476 0.03794642857142857 0.07804232804232804
0 0.5436507936507936 0.4556878306878307 0.005456349206349206 0.01521164021164021
0 0.5667162698412699 0.4439484126984127 0.016865079365079364 0.03273809523809524
0 0.581969246031746 0.5340608465608465 0.04092261904761905 0.0787037037037037
0 0.6143353174603174 0.5415013227513228 0.0248015873015873 0.09093915343915344
0 0.6687748015873016 0.5158730158730159 0.03794642857142857 0.07539682539682539
0 0.6653025793650794 0.4427910052910053 0.018601190476190476 0.021825396825396824
0 0.793030753968254 0.5431547619047619 0.017609126984126984 0.027447089947089946
0 0.8307291666666666 0.5110780423280423 0.02554563492063492 0.05654761904761905