0 0.5115327380952381 0.5719246031746031 0.02554563492063492 0.0763888888888889
0 0.8038194444444444 0.41435185185185186 0.03422619047619048 0.04497354497354497
0 0.8009672619047619 0.4624669312169312 0.028521825396825396 0.0419973544973545
0 0.6293402777777778 0.4393187830687831 0.019593253968253968 0.03141534391534392
0 0.613219246031746 0.45949074074074076 0.008680555555555556 0.0248015873015873
0 0.47433035714285715 0.4255952380952381 0.016617063492063492 0.051587301587301584
0 0.4599454365079365 0.39814814814814814 0.012152777777777778 0.01917989417989418
0 0.44060019841269843 0.3897156084656085 0.0220734126984127 0.050595238095238096
0 0.44134424603174605 0.3396164021164021 0.03298611111111111 0.037698412698412696
0 0.5125248015873016 0.4322089947089947 0.027529761904761904 0.04034391534391534
0 0.24057539682539683 0.45006613756613756 0.019345238095238096 0.02447089947089947
0 0.21540178571428573 0.36491402116402116 0.014136904761904762 0.02943121693121693
0 0.12859623015873015 0.30787037037037035 0.036458333333333336 0.04034391534391534
0 0.047619047619047616 0.4720568783068783 0.02132936507936508 0.04265873015873016
0 0.4053819444444444 0.40988756613756616 0.03794642857142857 0.040013227513227514
0 0.38578869047619047 0.3773148148148148 0.023561507936507936 0.04431216931216931