0 0.143125 0.6733333333333333 0.00875 0.03333333333333333
0 0.314875 0.5775 0.01675 0.023666666666666666
0 0.343375 0.5423333333333333 0.01375 0.024
0 0.34725 0.5043333333333333 0.0085 0.013333333333333334
0 0.3955 0.5628333333333333 0.0185 0.019666666666666666
0 0.433375 0.5351666666666667 0.02675 0.021
0 0.426 0.5656666666666667 0.0135 0.021333333333333333
0 0.45525 0.5821666666666667 0.034 0.09633333333333334
0 0.48825 0.5908333333333333 0.028 0.07166666666666667
0 0.51225 0.49933333333333335 0.0395 0.03133333333333333
0 0.47475 0.49416666666666664 0.018 0.034333333333333334
0 0.55425 0.5208333333333334 0.0325 0.034333333333333334
0 0.5615 0.5906666666666667 0.014 0.02266666666666667
0 0.60475 0.5711666666666667 0.016 0.057
0 0.744375 0.5866666666666667 0.05125 0.06066666666666667
0 0.867875 0.6383333333333333 0.02575 0.04
0 0.893875 0.6161666666666666 0.02125 0.041
0 0.921375 0.6178333333333333 0.04475 0.09766666666666667
0 0.7585 0.6503333333333333 0.0395 0.07466666666666667
0 0.789 0.6915 0.0195 0.053