0 0.34598214285714285 0.47784391534391535 0.013888888888888888 0.031084656084656083
0 0.36235119047619047 0.5036375661375662 0.019345238095238096 0.027116402116402115
0 0.4052579365079365 0.4895833333333333 0.025297619047619048 0.04662698412698413
0 0.40947420634920634 0.5267857142857143 0.00496031746031746 0.007275132275132275
0 0.4185267857142857 0.48826058201058203 0.01314484126984127 0.017526455026455025
0 0.4429563492063492 0.4580026455026455 0.021825396825396824 0.025793650793650792
0 0.4701140873015873 0.5428240740740741 0.04290674603174603 0.10416666666666667
0 0.5811011904761905 0.5681216931216931 0.031746031746031744 0.09391534391534391
0 0.6135912698412699 0.591765873015873 0.046130952380952384 0.0796957671957672
0 0.6359126984126984 0.5453042328042328 0.01240079365079365 0.016534391534391533
0 0.646453373015873 0.5788690476190477 0.028521825396825396 0.06845238095238096
0 0.6672867063492064 0.4088955026455027 0.020089285714285716 0.023478835978835978
0 0.662078373015873 0.44494047619047616 0.030009920634920636 0.049933862433862435
0 0.6395089285714286 0.4525462962962963 0.005704365079365079 0.00496031746031746
0 0.6830357142857143 0.42228835978835977 0.00496031746031746 0.007936507936507936
0 0.7367311507936508 0.398478835978836 0.011656746031746032 0.023809523809523808
0 0.7470238095238095 0.427744708994709 0.017361111111111112 0.022817460317460316
0 0.7506200396825397 0.46924603174603174 0.021577380952380952 0.036375661375661374
0 0.7664930555555556 0.4396494708994709 0.019593253968253968 0.01488095238095238
0 0.7931547619047619 0.3498677248677249 0.025793650793650792 0.05026455026455026
0 0.7807539682539683 0.3774801587301587 0.029265873015873016 0.03141534391534392
0 0.8108878968253969 0.3862433862433862 0.02554563492063492 0.022486772486772486
0 0.7813740079365079 0.427744708994709 0.013640873015873016 0.00958994708994709
0 0.8315972222222222 0.4130291005291005 0.019345238095238096 0.04298941798941799
0 0.8325892857142857 0.4522156084656085 0.012896825396825396 0.03273809523809524
0 0.8456101190476191 0.5572089947089947 0.028521825396825396 0.057539682539682536
0 0.9797867063492064 0.4298941798941799 0.014136904761904762 0.03968253968253968
0 0.9914434523809523 0.45601851851851855 0.016617063492063492 0.07804232804232804
0 0.9892113095238095 0.5104166666666666 0.017609126984126984 0.022817460317460316