0 0.0951140873015873 0.39186507936507936 0.033482142857142856 0.057539682539682536
0 0.05865575396825397 0.3993055555555556 0.03546626984126984 0.0539021164021164
0 0.024057539682539684 0.42294973544973546 0.032242063492063495 0.082010582010582
0 0.0038442460317460315 0.4017857142857143 0.007688492063492063 0.02447089947089947
0 0.2238343253968254 0.5828373015873016 0.016617063492063492 0.034722222222222224
0 0.24590773809523808 0.5601851851851852 0.018105158730158732 0.04563492063492063
0 0.2741815476190476 0.5132275132275133 0.04290674603174603 0.07473544973544974
0 0.2974950396825397 0.43601190476190477 0.05580357142857143 0.08234126984126984
0 0.3501984126984127 0.4763558201058201 0.026785714285714284 0.06117724867724868
0 0.37351190476190477 0.38409391534391535 0.04712301587301587 0.08630952380952381
0 0.390625 0.4581679894179894 0.017361111111111112 0.05654761904761905
0 0.4148065476190476 0.4522156084656085 0.035962301587301584 0.09027777777777778
0 0.45287698412698413 0.4183201058201058 0.0248015873015873 0.0582010582010582
0 0.4792906746031746 0.4417989417989418 0.018601190476190476 0.03306878306878307
0 0.4937996031746032 0.5074404761904762 0.034722222222222224 0.05588624338624339
0 0.47631448412698413 0.5342261904761905 0.025049603174603176 0.07043650793650794
0 0.5467509920634921 0.5558862433862434 0.016617063492063492 0.04034391534391534
0 0.5012400793650794 0.5560515873015873 0.022321428571428572 0.036044973544973546
0 0.48660714285714285 0.6173941798941799 0.046130952380952384 0.08333333333333333
0 0.5235615079365079 0.6001984126984127 0.0248015873015873 0.04894179894179894
0 0.652281746031746 0.4393187830687831 0.05704365079365079 0.12731481481481483
0 0.6943204365079365 0.45072751322751325 0.041914682539682536 0.09060846560846561