0 0.01838235294117647 0.5616830065359477 0.024509803921568627 0.02287581699346405
0 0.03079044117647059 0.5902777777777778 0.04993872549019608 0.04493464052287582
0 0.043198529411764705 0.6254084967320261 0.010416666666666666 0.026143790849673203
0 0.12071078431372549 0.6102941176470589 0.03982843137254902 0.06699346405228758
0 0.22181372549019607 0.6047794117647058 0.01715686274509804 0.01919934640522876
0 0.2417279411764706 0.5890522875816994 0.017769607843137254 0.0392156862745098
0 0.2607230392156863 0.5676062091503268 0.01838235294117647 0.020016339869281044
0 0.33517156862745096 0.6262254901960784 0.07475490196078431 0.12745098039215685
0 0.39828431372549017 0.5986519607843137 0.020833333333333332 0.04044117647058824
0 0.38112745098039214 0.6284722222222222 0.01715686274509804 0.05269607843137255
0 0.5003063725490197 0.6691176470588235 0.01715686274509804 0.05555555555555555
0 0.5286458333333334 0.6378676470588235 0.02542892156862745 0.09354575163398693
0 0.5591299019607843 0.6125408496732027 0.03431372549019608 0.07720588235294118
0 0.6115196078431373 0.6401143790849673 0.017769607843137254 0.07516339869281045
0 0.6271446078431373 0.6035539215686274 0.025735294117647058 0.053513071895424834
0 0.6599264705882353 0.5900735294117647 0.03615196078431373 0.0951797385620915
0 0.6753982843137255 0.5269607843137255 0.029105392156862746 0.04656862745098039
0 0.6982230392156863 0.6331699346405228 0.03676470588235294 0.05473856209150327
0 0.7046568627450981 0.6699346405228758 0.013480392156862746 0.014705882352941176
0 0.7077205882352942 0.6936274509803921 0.014093137254901961 0.017973856209150325
0 0.7771139705882353 0.7222222222222222 0.022365196078431373 0.03349673202614379
0 0.788296568627451 0.6333741830065359 0.023284313725490197 0.024918300653594773
0 0.9370404411764706 0.6779003267973857 0.024816176470588234 0.037173202614379085
0 0.9767156862745098 0.659109477124183 0.04595588235294118 0.03145424836601307
0 0.9860600490196079 0.7107843137254902 0.0272671568627451 0.06944444444444445
0 0.9613970588235294 0.7512254901960784 0.025735294117647058 0.1184640522875817
0 0.09681372549019608 0.4411764705882353 0.0196078431372549 0.01715686274509804