0 0.018125 0.5595 0.02825 0.041
0 0.049875 0.5178333333333334 0.02525 0.01633333333333333
0 0.058875 0.5563333333333333 0.01325 0.01
0 0.11425 0.515 0.0235 0.024666666666666667
0 0.060125 0.6998333333333333 0.02275 0.053
0 0.300125 0.6426666666666667 0.04825 0.088
0 0.35675 0.6778333333333333 0.0385 0.07033333333333333
0 0.316 0.5816666666666667 0.019 0.028
0 0.534125 0.6218333333333333 0.02775 0.061
0 0.599625 0.6338333333333334 0.03125 0.060333333333333336
0 0.633 0.6213333333333333 0.0135 0.013333333333333334
0 0.7355 0.5405 0.0155 0.034333333333333334
0 0.772 0.5485 0.0275 0.051666666666666666
0 0.77225 0.591 0.018 0.02
0 0.794 0.5668333333333333 0.021 0.06433333333333334
0 0.764625 0.48433333333333334 0.00825 0.017333333333333333