0 0.01984126984126984 0.31216931216931215 0.036210317460317464 0.06547619047619048
0 0.005084325396825397 0.3716931216931217 0.010168650793650794 0.0291005291005291
0 0.025049603174603176 0.3609457671957672 0.023809523809523808 0.011574074074074073
0 0.09312996031746032 0.5391865079365079 0.06473214285714286 0.045304232804232805
0 0.09821428571428571 0.5906084656084656 0.03373015873015873 0.05092592592592592
0 0.17559523809523808 0.4935515873015873 0.023809523809523808 0.040013227513227514
0 0.2152777777777778 0.4677579365079365 0.029265873015873016 0.045965608465608467
0 0.2632688492063492 0.47966269841269843 0.03993055555555555 0.07903439153439154
0 0.29724702380952384 0.3857473544973545 0.028025793650793652 0.05191798941798942
0 0.26450892857142855 0.35796957671957674 0.026537698412698412 0.03869047619047619
0 0.2829861111111111 0.2974537037037037 0.028273809523809524 0.049933862433862435
0 0.4224950396825397 0.4072420634920635 0.03794642857142857 0.08961640211640212
0 0.45461309523809523 0.4254298941798942 0.022321428571428572 0.0763888888888889
0 0.5219494047619048 0.43022486772486773 0.026041666666666668 0.09391534391534391
0 0.5706845238095238 0.5577050264550265 0.020833333333333332 0.04133597883597884
0 0.6644345238095238 0.3738425925925926 0.025297619047619048 0.04133597883597884
0 0.7134176587301587 0.40790343915343913 0.01314484126984127 0.022156084656084655
0 0.7290426587301587 0.4408068783068783 0.03298611111111111 0.037037037037037035
0 0.9105902777777778 0.4634589947089947 0.11086309523809523 0.12533068783068782
0 0.9888392857142857 0.4603174603174603 0.021825396825396824 0.03373015873015873
0 0.9753224206349206 0.5805224867724867 0.048859126984126984 0.06646825396825397
0 0.9959077380952381 0.35466269841269843 0.007688492063492063 0.059854497354497355