0 0.034466911764705885 0.7397875816993464 0.023590686274509803 0.05555555555555555
0 0.08287377450980392 0.7420343137254902 0.01991421568627451 0.03390522875816993
0 0.012254901960784314 0.659109477124183 0.024509803921568627 0.024101307189542485
0 0.14721200980392157 0.7526552287581699 0.050551470588235295 0.09436274509803921
0 0.16023284313725492 0.6674836601307189 0.02267156862745098 0.03349673202614379
0 0.18474264705882354 0.6325571895424836 0.03676470588235294 0.04861111111111111
0 0.22870710784313725 0.6098856209150327 0.04503676470588235 0.09558823529411764
0 0.26608455882352944 0.6068218954248366 0.03462009803921569 0.1017156862745098
0 0.34589460784313725 0.619281045751634 0.030637254901960783 0.04656862745098039
0 0.4209558823529412 0.5872140522875817 0.04105392156862745 0.039624183006535946
0 0.45940563725490197 0.661968954248366 0.0548406862745098 0.09681372549019608
0 0.5899203431372549 0.6997549019607843 0.03952205882352941 0.08496732026143791
0 0.6421568627450981 0.6060049019607843 0.03370098039215686 0.09436274509803921
0 0.6712622549019608 0.6133578431372549 0.015931372549019607 0.0298202614379085
0 0.6127450980392157 0.5716911764705882 0.02389705882352941 0.05024509803921569
0 0.6050857843137255 0.6166258169934641 0.025735294117647058 0.056781045751633986
0 0.7562806372549019 0.7265114379084967 0.03278186274509804 0.11151960784313726
0 0.7873774509803921 0.7620506535947712 0.028186274509803922 0.11397058823529412
0 0.8537071078431373 0.5547385620915033 0.03155637254901961 0.03104575163398693
0 0.9113051470588235 0.6327614379084967 0.046262254901960786 0.04820261437908497
0 0.9644607843137255 0.6321486928104575 0.052083333333333336 0.07148692810457516
0 0.9171262254901961 0.5943627450980392 0.02297794117647059 0.03022875816993464
0 0.9915747549019608 0.5674019607843137 0.016237745098039217 0.05718954248366013