0 0.006625 0.673 0.01325 0.016
0 0.296875 0.5733333333333334 0.02225 0.048
0 0.3045 0.526 0.0185 0.025333333333333333
0 0.3405 0.5768333333333333 0.025 0.03833333333333333
0 0.398875 0.547 0.02575 0.030666666666666665
0 0.39075 0.5848333333333333 0.027 0.035666666666666666
0 0.37625 0.5318333333333334 0.006 0.013666666666666667
0 0.395875 0.5175 0.01125 0.013666666666666667
0 0.7065 0.6328333333333334 0.032 0.04033333333333333
0 0.7225 0.5778333333333333 0.0125 0.021666666666666667
0 0.672 0.5436666666666666 0.0505 0.09466666666666666
0 0.631375 0.44416666666666665 0.03075 0.03966666666666667
0 0.87575 0.523 0.037 0.03933333333333333
0 0.893625 0.5518333333333333 0.01725 0.014333333333333333
0 0.8515 0.6 0.0195 0.04
0 0.942625 0.5118333333333334 0.04675 0.08966666666666667
0 0.96575 0.43116666666666664 0.0325 0.06633333333333333