0 0.15701593137254902 0.6286764705882353 0.0389093137254902 0.10947712418300654
0 0.5021446078431373 0.5220588235294118 0.02267156862745098 0.035130718954248366
0 0.5580575980392157 0.528390522875817 0.0818014705882353 0.06985294117647059
0 0.5366115196078431 0.5996732026143791 0.015625 0.01715686274509804
0 0.5900735294117647 0.6687091503267973 0.015931372549019607 0.0457516339869281
0 0.6061580882352942 0.7083333333333334 0.018688725490196078 0.03349673202614379
0 0.6410845588235294 0.7124183006535948 0.03155637254901961 0.06944444444444445
0 0.733609068627451 0.5437091503267973 0.019301470588235295 0.022058823529411766
0 0.6841299019607843 0.6162173202614379 0.009191176470588236 0.024101307189542485
0 0.6999080882352942 0.6296977124183006 0.016237745098039217 0.014297385620915032
0 0.7463235294117647 0.5808823529411765 0.018995098039215685 0.029411764705882353
0 0.9042585784313726 0.5608660130718954 0.05912990196078431 0.0718954248366013
0 0.8984375 0.4681372549019608 0.016237745098039217 0.018790849673202614
0 0.9364276960784313 0.4912173202614379 0.010723039215686275 0.017565359477124183
0 0.7568933823529411 0.6145833333333334 0.013174019607843137 0.024918300653594773
0 0.7689950980392157 0.6460375816993464 0.006740196078431373 0.01184640522875817
0 0.7155330882352942 0.5249183006535948 0.007659313725490196 0.011437908496732025