0 0.020833333333333332 0.6045751633986928 0.03553921568627451 0.058823529411764705
0 0.09298406862745098 0.616421568627451 0.030330882352941176 0.041666666666666664
0 0.10232843137254902 0.6701388888888888 0.03431372549019608 0.061683006535947715
0 0.14154411764705882 0.6198937908496732 0.01838235294117647 0.012663398692810458
0 0.17539828431372548 0.6711601307189542 0.04993872549019608 0.09803921568627451
0 0.23897058823529413 0.6654411764705882 0.030637254901960783 0.042483660130718956
0 0.26455269607843135 0.6376633986928104 0.021139705882352942 0.03431372549019608
0 0.33777573529411764 0.6076388888888888 0.029105392156862746 0.02900326797385621
0 0.36090686274509803 0.6711601307189542 0.04411764705882353 0.1323529411764706
0 0.36642156862745096 0.5951797385620915 0.0196078431372549 0.03594771241830065
0 0.3860294117647059 0.5759803921568627 0.018995098039215685 0.035130718954248366
0 0.5199142156862745 0.5957924836601307 0.0428921568627451 0.061683006535947715
0 0.5407475490196079 0.5637254901960784 0.01838235294117647 0.03758169934640523
0 0.5594362745098039 0.5751633986928104 0.01715686274509804 0.025326797385620915
0 0.6095281862745098 0.6045751633986928 0.04503676470588235 0.09967320261437909
0 0.6449142156862745 0.5500408496732027 0.032475490196078434 0.044526143790849675
0 0.6784620098039216 0.6196895424836601 0.04381127450980392 0.10049019607843138
0 0.7098651960784313 0.5712826797385621 0.029411764705882353 0.0755718954248366
0 0.7184436274509803 0.5136846405228758 0.022058823529411766 0.042075163398692814
0 0.7441789215686274 0.5465686274509803 0.015931372549019607 0.0196078431372549
0 0.8098958333333334 0.6305147058823529 0.030330882352941176 0.06985294117647059
0 0.8386948529411765 0.6288807189542484 0.02542892156862745 0.06004901960784314
0 0.8345588235294118 0.5302287581699346 0.042279411764705885 0.08496732026143791
0 0.8615196078431373 0.42258986928104575 0.029411764705882353 0.051879084967320264
0 0.9443933823529411 0.5089869281045751 0.03400735294117647 0.07924836601307189
0 0.9751838235294118 0.5841503267973857 0.049019607843137254 0.10866013071895425
0 0.9923406862745098 0.6658496732026143 0.014705882352941176 0.059640522875817