0 0.007564484126984127 0.421957671957672 0.015128968253968254 0.046957671957671955
0 0.013392857142857142 0.34970238095238093 0.026785714285714284 0.059854497354497355
0 0.05022321428571429 0.3351521164021164 0.04985119047619048 0.05654761904761905
0 0.07192460317460317 0.37549603174603174 0.00744047619047619 0.008267195767195767
0 0.10429067460317461 0.44758597883597884 0.015625 0.01951058201058201
0 0.12760416666666666 0.43882275132275134 0.02058531746031746 0.025793650793650792
0 0.11507936507936507 0.32258597883597884 0.031746031746031744 0.030753968253968252
0 0.14260912698412698 0.3445767195767196 0.011904761904761904 0.022486772486772486
0 0.1736111111111111 0.4801587301587302 0.020337301587301588 0.03505291005291005
0 0.19407242063492064 0.4482473544973545 0.019097222222222224 0.016203703703703703
0 0.1796875 0.4333664021164021 0.019097222222222224 0.012896825396825396
0 0.15699404761904762 0.4267526455026455 0.01488095238095238 0.010912698412698412
0 0.19766865079365079 0.4184854497354497 0.03670634920634921 0.10218253968253968
0 0.1671626984126984 0.3644179894179894 0.036210317460317464 0.08267195767195767
0 0.1640625 0.3146494708994709 0.01066468253968254 0.016203703703703703
0 0.18390376984126985 0.3533399470899471 0.011160714285714286 0.010912698412698412
0 0.23102678571428573 0.41418650793650796 0.04241071428571429 0.08763227513227513
0 0.26674107142857145 0.3811177248677249 0.023561507936507936 0.05191798941798942
0 0.28335813492063494 0.3931878306878307 0.027529761904761904 0.056216931216931214
0 0.294890873015873 0.3682208994708995 0.029265873015873016 0.028108465608465607
0 0.3074156746031746 0.3976521164021164 0.01066468253968254 0.017526455026455025
0 0.30778769841269843 0.4252645502645503 0.04017857142857143 0.046957671957671955
0 0.33196924603174605 0.4131944444444444 0.022569444444444444 0.03869047619047619
0 0.34188988095238093 0.44576719576719576 0.02703373015873016 0.05026455026455026
0 0.36160714285714285 0.42757936507936506 0.03670634920634921 0.041005291005291
0 0.3647073412698413 0.4794973544973545 0.048859126984126984 0.06349206349206349
0 0.41976686507936506 0.4644510582010582 0.01314484126984127 0.01025132275132275
0 0.4334077380952381 0.41187169312169314 0.021577380952380952 0.040013227513227514
0 0.4601934523809524 0.4793320105820106 0.05282738095238095 0.08432539682539683
0 0.47693452380952384 0.5115740740740741 0.029265873015873016 0.09457671957671958
0 0.4921875 0.5778769841269841 0.03993055555555555 0.08300264550264551
0 0.5107886904761905 0.5400132275132276 0.03844246031746032 0.06349206349206349
0 0.4957837301587302 0.5054563492063492 0.017361111111111112 0.05919312169312169
0 0.5234375 0.4912367724867725 0.036458333333333336 0.04265873015873016
0 0.5318700396825397 0.44990079365079366 0.04439484126984127 0.06117724867724868
0 0.47879464285714285 0.40922619047619047 0.04439484126984127 0.06183862433862434
0 0.6276041666666666 0.42162698412698413 0.019097222222222224 0.041005291005291
0 0.6592261904761905 0.44923941798941797 0.05853174603174603 0.10218253968253968
0 0.691344246031746 0.44031084656084657 0.03844246031746032 0.10284391534391535
0 0.6820436507936508 0.3167989417989418 0.033234126984126984 0.03306878306878307
0 0.6527777777777778 0.37648809523809523 0.0248015873015873 0.03935185185185185
0 0.6676587301587301 0.3478835978835979 0.02628968253968254 0.028439153439153438
0 0.6811755952380952 0.3576388888888889 0.009672619047619048 0.023478835978835978
0 0.6636904761904762 0.32242063492063494 0.011408730158730158 0.021825396825396824