0 0.030625 0.5425 0.03275 0.036333333333333336
0 0.2 0.45866666666666667 0.03 0.034
0 0.152375 0.4671666666666667 0.02125 0.025
0 0.21 0.5223333333333333 0.0125 0.028666666666666667
0 0.3375 0.49516666666666664 0.021 0.05433333333333333
0 0.32575 0.5236666666666666 0.0185 0.048666666666666664
0 0.48675 0.5806666666666667 0.0245 0.068
0 0.49875 0.5316666666666666 0.0225 0.030666666666666665
0 0.57625 0.5708333333333333 0.035 0.05366666666666667
0 0.5665 0.5338333333333334 0.0345 0.019
0 0.590125 0.503 0.02725 0.08133333333333333
0 0.62425 0.572 0.041 0.07333333333333333
0 0.652375 0.5498333333333333 0.02325 0.06566666666666666
0 0.67425 0.5703333333333334 0.0315 0.076
0 0.606125 0.659 0.01875 0.024
0 0.60225 0.6188333333333333 0.038 0.043666666666666666
0 0.73425 0.6121666666666666 0.022 0.043
0 0.754875 0.5555 0.03625 0.060333333333333336
0 0.835875 0.6033333333333334 0.04575 0.058666666666666666
0 0.86875 0.6153333333333333 0.0215 0.051333333333333335
0 0.8655 0.672 0.0305 0.07666666666666666