0 0.01363357843137255 0.735702614379085 0.0272671568627451 0.06209150326797386
0 0.012254901960784314 0.7992238562091504 0.024509803921568627 0.01919934640522876
0 0.0030637254901960784 0.6311274509803921 0.006127450980392157 0.029411764705882353
0 0.008884803921568627 0.6703431372549019 0.017769607843137254 0.0196078431372549
0 0.05713848039215686 0.7150735294117647 0.0389093137254902 0.0959967320261438
0 0.1018688725490196 0.7201797385620915 0.048100490196078434 0.1119281045751634
0 0.19255514705882354 0.6934232026143791 0.030330882352941176 0.08782679738562091
0 0.21783088235294118 0.616421568627451 0.014093137254901961 0.011437908496732025
0 0.24800857843137256 0.6556372549019608 0.035845588235294115 0.09558823529411764
0 0.2800245098039216 0.6537990196078431 0.02696078431372549 0.05106209150326797
0 0.3164828431372549 0.6756535947712419 0.016544117647058824 0.017973856209150325
0 0.3258272058823529 0.7189542483660131 0.013174019607843137 0.03758169934640523
0 0.34558823529411764 0.6973039215686274 0.03370098039215686 0.07434640522875817
0 0.3707107843137255 0.6552287581699346 0.025735294117647058 0.04738562091503268
0 0.42340686274509803 0.6640114379084967 0.02696078431372549 0.04534313725490196
0 0.4352022058823529 0.7232434640522876 0.03400735294117647 0.07148692810457516
0 0.47150735294117646 0.7134395424836601 0.025122549019607844 0.07148692810457516
0 0.45266544117647056 0.7751225490196079 0.015012254901960785 0.01511437908496732
0 0.5251225490196079 0.6478758169934641 0.013480392156862746 0.017973856209150325
0 0.6283700980392157 0.5737336601307189 0.023284313725490197 0.04370915032679738
0 0.7026654411764706 0.6407271241830066 0.053002450980392156 0.1090686274509804
0 0.7382046568627451 0.5900735294117647 0.04381127450980392 0.07066993464052287
0 0.7372855392156863 0.5234885620915033 0.018075980392156864 0.04616013071895425
0 0.7624080882352942 0.5202205882352942 0.015012254901960785 0.02246732026143791
0 0.7175245098039216 0.514501633986928 0.029411764705882353 0.0625