0 0.19675 0.6718333333333333 0.023 0.04566666666666667
0 0.233375 0.643 0.01175 0.014
0 0.261125 0.671 0.03525 0.06866666666666667
0 0.065875 0.6076666666666667 0.03875 0.074
0 0.292125 0.5578333333333333 0.01675 0.039
0 0.344125 0.629 0.01325 0.023333333333333334
0 0.357 0.569 0.0135 0.019333333333333334
0 0.43775 0.5973333333333334 0.014 0.026
0 0.486125 0.6381666666666667 0.01275 0.018333333333333333
0 0.549625 0.58 0.02175 0.056
0 0.624 0.6 0.0135 0.027333333333333334
0 0.689375 0.5976666666666667 0.02225 0.027333333333333334