0 0.086125 0.5976666666666667 0.03175 0.020666666666666667
0 0.01375 0.713 0.0275 0.042
0 0.131875 0.6371666666666667 0.01975 0.053
0 0.150125 0.6101666666666666 0.02125 0.023
0 0.14325 0.5116666666666667 0.0255 0.06066666666666667
0 0.180375 0.5823333333333334 0.02475 0.027333333333333334
0 0.18925 0.5633333333333334 0.016 0.012
0 0.196625 0.6133333333333333 0.01975 0.02266666666666667
0 0.205125 0.5886666666666667 0.01475 0.022
0 0.2395 0.651 0.024 0.04
0 0.263625 0.6301666666666667 0.02375 0.023
0 0.411 0.5626666666666666 0.028 0.052
0 0.422125 0.6358333333333334 0.04325 0.089
0 0.44675 0.5903333333333334 0.0435 0.02
0 0.354875 0.595 0.01375 0.014
0 0.336875 0.5751666666666667 0.01225 0.021
0 0.482 0.6106666666666667 0.0175 0.014666666666666666
0 0.565375 0.626 0.01125 0.03266666666666666
0 0.608125 0.7173333333333334 0.02525 0.06333333333333334
0 0.657 0.6653333333333333 0.0225 0.08066666666666666
0 0.67525 0.6211666666666666 0.042 0.05566666666666667
0 0.611125 0.5708333333333333 0.03375 0.06633333333333333
0 0.61925 0.5255 0.03 0.057
0 0.64675 0.5328333333333334 0.0185 0.045
0 0.71975 0.5196666666666667 0.044 0.04933333333333333
0 0.694 0.464 0.029 0.030666666666666665
0 0.73925 0.657 0.041 0.06666666666666667
0 0.745375 0.5785 0.03725 0.04033333333333333
0 0.779375 0.6146666666666667 0.02975 0.051333333333333335
0 0.744 0.715 0.0245 0.035333333333333335
0 0.727 0.7215 0.0105 0.023
0 0.842375 0.518 0.04325 0.058666666666666666
0 0.80025 0.5265 0.041 0.057
0 0.820625 0.48 0.01975 0.02266666666666667
0 0.865125 0.6823333333333333 0.01825 0.022
0 0.88075 0.6903333333333334 0.0155 0.010666666666666666
0 0.88675 0.6686666666666666 0.02 0.03333333333333333
0 0.880875 0.6065 0.05625 0.08166666666666667
0 0.9255 0.5971666666666666 0.03 0.09833333333333333
0 0.953125 0.5675 0.02325 0.069