0 0.031001984126984128 0.453042328042328 0.06001984126984127 0.061507936507936505
0 0.010540674603174604 0.5649801587301587 0.015128968253968254 0.011574074074074073
0 0.058779761904761904 0.56630291005291 0.025297619047619048 0.035383597883597885
0 0.09213789682539683 0.6185515873015873 0.04389880952380952 0.10813492063492064
0 0.1232638888888889 0.6529431216931217 0.018849206349206348 0.036044973544973546
0 0.1392609126984127 0.5927579365079365 0.036458333333333336 0.07837301587301587
0 0.1675347222222222 0.5512566137566137 0.06671626984126984 0.056878306878306875
0 0.1359126984126984 0.49206349206349204 0.05555555555555555 0.061507936507936505
0 0.48387896825396826 0.5833333333333334 0.03720238095238095 0.09523809523809523
0 0.5948660714285714 0.5178571428571429 0.03249007936507937 0.08796296296296297
0 0.6147073412698413 0.4636243386243386 0.021081349206349208 0.07407407407407407
0 0.6267361111111112 0.41005291005291006 0.011904761904761904 0.015873015873015872
0 0.6541418650793651 0.5013227513227513 0.014632936507936508 0.013888888888888888
0 0.7261904761904762 0.5024801587301587 0.027281746031746032 0.055224867724867725
0 0.7429315476190477 0.552744708994709 0.015625 0.020833333333333332
0 0.8551587301587301 0.5021494708994709 0.05257936507936508 0.04728835978835979
0 0.8218005952380952 0.4406415343915344 0.04092261904761905 0.05720899470899471
0 0.8804563492063492 0.46147486772486773 0.01984126984126984 0.035383597883597885
0 0.9410962301587301 0.48478835978835977 0.044890873015873016 0.032407407407407406
0 0.9595734126984127 0.43882275132275134 0.022321428571428572 0.03439153439153439
0 0.9869791666666666 0.4771825396825397 0.02554563492063492 0.1388888888888889
0 0.5177331349206349 0.4933862433862434 0.014136904761904762 0.04894179894179894
0 0.5060763888888888 0.4522156084656085 0.016121031746031748 0.018849206349206348
0 0.9608134920634921 0.3136574074074074 0.018849206349206348 0.017526455026455025
0 0.37189980158730157 0.5028108465608465 0.018105158730158732 0.016203703703703703
0 0.32589285714285715 0.4937169312169312 0.01240079365079365 0.01455026455026455
0 0.16207837301587302 0.4722222222222222 0.0220734126984127 0.031084656084656083
0 0.18638392857142858 0.3872354497354497 0.012648809523809524 0.021825396825396824
0 0.004712301587301587 0.3738425925925926 0.009424603174603174 0.026124338624338623