0 0.09625 0.6691666666666667 0.0465 0.101
0 0.064625 0.6586666666666666 0.01575 0.014666666666666666
0 0.082125 0.608 0.01525 0.013333333333333334
0 0.219125 0.576 0.01125 0.012666666666666666
0 0.333375 0.4625 0.01275 0.015
0 0.322375 0.42433333333333334 0.01925 0.03133333333333333
0 0.357375 0.4081666666666667 0.01225 0.025
0 0.359125 0.4435 0.01125 0.01633333333333333
0 0.36975 0.5338333333333334 0.049 0.099
0 0.41075 0.5403333333333333 0.028 0.07466666666666667
0 0.5615 0.5468333333333333 0.0185 0.09033333333333333
0 0.6015 0.5503333333333333 0.0515 0.06866666666666667
0 0.5955 0.49833333333333335 0.0055 0.017333333333333333
0 0.612875 0.5201666666666667 0.01725 0.029
0 0.6455 0.6175 0.0165 0.07233333333333333
0 0.69275 0.6236666666666667 0.024 0.07866666666666666
0 0.709625 0.6166666666666667 0.01075 0.02266666666666667
0 0.736625 0.5286666666666666 0.03775 0.04066666666666666
0 0.908375 0.5878333333333333 0.04475 0.08433333333333333
0 0.951125 0.5131666666666667 0.03875 0.03833333333333333
0 0.9595 0.5466666666666666 0.024 0.024
0 0.95675 0.5751666666666667 0.024 0.014333333333333333
0 0.986625 0.5693333333333334 0.02625 0.036
0 0.9815 0.6476666666666666 0.0365 0.082
0 0.99425 0.54 0.011 0.02266666666666667
0 0.81475 0.6236666666666667 0.017 0.026
0 0.57225 0.6271666666666667 0.014 0.017666666666666667
0 0.242625 0.668 0.00775 0.01