0 0.055625 0.49816666666666665 0.02125 0.071
0 0.109625 0.5981666666666666 0.03225 0.05433333333333333
0 0.105125 0.557 0.02525 0.021333333333333333
0 0.121875 0.5096666666666667 0.02225 0.042666666666666665
0 0.189 0.49166666666666664 0.016 0.022
0 0.22875 0.619 0.0165 0.017333333333333333
0 0.266 0.5736666666666667 0.0195 0.024666666666666667
0 0.27625 0.48883333333333334 0.0215 0.017
0 0.376 0.514 0.017 0.021333333333333333
0 0.3325 0.5625 0.021 0.013
0 0.347375 0.5801666666666667 0.00825 0.019666666666666666
0 0.403 0.6021666666666666 0.0265 0.081
0 0.429875 0.6593333333333333 0.02775 0.06533333333333333
0 0.43425 0.6161666666666666 0.009 0.017
0 0.4975 0.5773333333333334 0.033 0.07933333333333334
0 0.66325 0.5305 0.047 0.08766666666666667
0 0.738875 0.5968333333333333 0.03025 0.08566666666666667
0 0.751625 0.5226666666666666 0.02475 0.059333333333333335
0 0.944 0.479 0.0195 0.016666666666666666
0 0.035875 0.518 0.01225 0.029333333333333333