0 0.16666666666666666 0.5277777777777778 0.027281746031746032 0.023809523809523808
0 0.16517857142857142 0.4976851851851852 0.008432539682539682 0.010582010582010581
0 0.17410714285714285 0.48296957671957674 0.01636904761904762 0.013558201058201057
0 0.18898809523809523 0.48842592592592593 0.008928571428571428 0.006613756613756613
0 0.34585813492063494 0.48991402116402116 0.040426587301587304 0.05324074074074074
0 0.35714285714285715 0.5252976190476191 0.04513888888888889 0.07374338624338625
0 0.3998015873015873 0.49289021164021163 0.04365079365079365 0.07175925925925926
0 0.3950892857142857 0.5803571428571429 0.02132936507936508 0.10582010582010581
0 0.4167906746031746 0.5458002645502645 0.027529761904761904 0.07572751322751323
0 0.4375 0.500165343915344 0.031746031746031744 0.06117724867724868
0 0.45771329365079366 0.5089285714285714 0.034970238095238096 0.06481481481481481
0 0.4646577380952381 0.6197089947089947 0.01711309523809524 0.04431216931216931
0 0.48226686507936506 0.4753637566137566 0.022569444444444444 0.0333994708994709
0 0.4556051587301587 0.4685846560846561 0.030753968253968252 0.023809523809523808
0 0.46887400793650796 0.4393187830687831 0.02058531746031746 0.045965608465608467
0 0.4878472222222222 0.5295965608465608 0.030753968253968252 0.06646825396825397
0 0.5083085317460317 0.5003306878306878 0.016121031746031748 0.05026455026455026
0 0.5086805555555556 0.5583664021164021 0.05009920634920635 0.11342592592592593
0 0.5457589285714286 0.5555555555555556 0.034970238095238096 0.0496031746031746
0 0.5452628968253969 0.5241402116402116 0.010168650793650794 0.011243386243386243
0 0.5859375 0.5099206349206349 0.015128968253968254 0.082010582010582
0 0.6783234126984127 0.5211640211640212 0.023809523809523808 0.02976190476190476
0 0.6907242063492064 0.4904100529100529 0.013888888888888888 0.03042328042328042
0 0.8562748015873016 0.5100859788359788 0.047371031746031744 0.044642857142857144
0 0.8700396825396826 0.5990410052910053 0.04513888888888889 0.08300264550264551
0 0.8932291666666666 0.5492724867724867 0.009672619047619048 0.011243386243386243
0 0.9661458333333334 0.6025132275132276 0.029017857142857144 0.041666666666666664
0 0.9645337301587301 0.544973544973545 0.008928571428571428 0.006613756613756613