0 0.035590277777777776 0.48048941798941797 0.047867063492063495 0.04563492063492063
0 0.04662698412698413 0.5259589947089947 0.02628968253968254 0.040674603174603176
0 0.11991567460317461 0.4915674603174603 0.035962301587301584 0.06117724867724868
0 0.16009424603174602 0.5651455026455027 0.014136904761904762 0.011904761904761904
0 0.20337301587301587 0.42592592592592593 0.019345238095238096 0.031084656084656083
0 0.2333829365079365 0.46908068783068785 0.040674603174603176 0.0333994708994709
0 0.23350694444444445 0.5071097883597884 0.013640873015873016 0.02546296296296296
0 0.574156746031746 0.5171957671957672 0.018353174603174604 0.017195767195767195
0 0.5936259920634921 0.5353835978835979 0.01066468253968254 0.025793650793650792
0 0.6096230158730159 0.5042989417989417 0.023809523809523808 0.062169312169312166
0 0.6309523809523809 0.5279431216931217 0.025793650793650792 0.10284391534391535
0 0.6460813492063492 0.46478174603174605 0.0248015873015873 0.02546296296296296
0 0.6519097222222222 0.41716269841269843 0.03794642857142857 0.0916005291005291
0 0.6939484126984127 0.46825396825396826 0.014384920634920634 0.01521164021164021
0 0.7061011904761905 0.5029761904761905 0.03125 0.04431216931216931
0 0.7018849206349206 0.5401785714285714 0.018353174603174604 0.02546296296296296
0 0.7891865079365079 0.5057870370370371 0.05009920634920635 0.03802910052910053
0 0.8299851190476191 0.49718915343915343 0.011160714285714286 0.026785714285714284
0 0.7984871031746031 0.44543650793650796 0.012648809523809524 0.01455026455026455
0 0.8283730158730159 0.42658730158730157 0.021825396825396824 0.041666666666666664
0 0.8653273809523809 0.4184854497354497 0.047619047619047616 0.07308201058201058
0 0.8856646825396826 0.49437830687830686 0.06498015873015874 0.08862433862433862
0 0.9521329365079365 0.5431547619047619 0.024305555555555556 0.028108465608465607
0 0.8745039682539683 0.5785383597883598 0.007936507936507936 0.023478835978835978
0 0.9490327380952381 0.4618055555555556 0.04092261904761905 0.08300264550264551
0 0.9479166666666666 0.37962962962962965 0.020833333333333332 0.03042328042328042
0 0.9799107142857143 0.39351851851851855 0.03521825396825397 0.052248677248677246