0 0.0350796568627451 0.6029411764705882 0.030330882352941176 0.02696078431372549
0 0.06066176470588235 0.6950571895424836 0.02389705882352941 0.037173202614379085
0 0.12040441176470588 0.625 0.02696078431372549 0.02696078431372549
0 0.13955269607843138 0.7087418300653595 0.02849264705882353 0.06209150326797386
0 0.09803921568627451 0.6305147058823529 0.011029411764705883 0.026552287581699346
0 0.1410845588235294 0.5625 0.04258578431372549 0.058823529411764705
0 0.1479779411764706 0.6319444444444444 0.03125 0.07761437908496732
0 0.18489583333333334 0.5655637254901961 0.04871323529411765 0.10825163398692811
0 0.22395833333333334 0.6231617647058824 0.025735294117647058 0.04861111111111111
0 0.23897058823529413 0.6636029411764706 0.026348039215686275 0.03227124183006536
0 0.29794730392156865 0.6237745098039216 0.046875 0.13398692810457516
0 0.2867647058823529 0.5102124183006536 0.030637254901960783 0.042483660130718956
0 0.3102022058823529 0.5339052287581699 0.01133578431372549 0.0196078431372549
0 0.3350183823529412 0.5422794117647058 0.030330882352941176 0.0363562091503268
0 0.31495098039215685 0.5592320261437909 0.024509803921568627 0.026143790849673203
0 0.3489583333333333 0.6172385620915033 0.009191176470588236 0.03839869281045752
0 0.4273897058823529 0.5843545751633987 0.05514705882352941 0.15727124183006536
0 0.4958639705882353 0.5816993464052288 0.013786764705882353 0.018790849673202614
0 0.5036764705882353 0.7050653594771242 0.05024509803921569 0.0915032679738562
0 0.7310049019607843 0.610702614379085 0.04595588235294118 0.041666666666666664
0 0.7674632352941176 0.6055964052287581 0.014093137254901961 0.027369281045751634
0 0.7939644607843137 0.5861928104575164 0.01991421568627451 0.03758169934640523
0 0.7962622549019608 0.6486928104575164 0.041666666666666664 0.04084967320261438
0 0.6430759803921569 0.6000816993464052 0.031862745098039214 0.056372549019607844
0 0.6340379901960784 0.7040441176470589 0.015012254901960785 0.012663398692810458
0 0.8331801470588235 0.6182598039215687 0.008272058823529412 0.016748366013071895