0 0.006324404761904762 0.6765873015873016 0.012648809523809524 0.017857142857142856
0 0.057291666666666664 0.6694775132275133 0.05009920634920635 0.0333994708994709
0 0.07589285714285714 0.6911375661375662 0.013888888888888888 0.00992063492063492
0 0.11098710317460317 0.7452050264550265 0.05580357142857143 0.09292328042328042
0 0.020709325396825396 0.7660383597883598 0.03447420634920635 0.05787037037037037
0 0.20262896825396826 0.5636574074074074 0.017361111111111112 0.03141534391534392
0 0.22247023809523808 0.5833333333333334 0.024305555555555556 0.01521164021164021
0 0.25285218253968256 0.6969246031746031 0.07465277777777778 0.15244708994708994
0 0.2952628968253968 0.6311177248677249 0.05927579365079365 0.09821428571428571
0 0.31919642857142855 0.5636574074074074 0.011904761904761904 0.016203703703703703
0 0.4646577380952381 0.564484126984127 0.053323412698412696 0.10119047619047619
0 0.5726686507936508 0.685681216931217 0.023313492063492064 0.04133597883597884
0 0.5425347222222222 0.5625 0.025049603174603176 0.03439153439153439
0 0.5596478174603174 0.6041666666666666 0.037450396825396824 0.04828042328042328
0 0.6143353174603174 0.6005291005291006 0.022321428571428572 0.06746031746031746
0 0.6393849206349206 0.6592261904761905 0.03670634920634921 0.02943121693121693
0 0.6266121031746031 0.5244708994708994 0.024057539682539684 0.036375661375661374
0 0.6232638888888888 0.5563822751322751 0.021825396825396824 0.015542328042328041
0 0.6648065476190477 0.5021494708994709 0.0220734126984127 0.03406084656084656
0 0.6556299603174603 0.5348875661375662 0.03298611111111111 0.044642857142857144
0 0.6705109126984127 0.5747354497354498 0.043402777777777776 0.03505291005291005
0 0.6997767857142857 0.53125 0.016617063492063492 0.04265873015873016
0 0.7276785714285714 0.5284391534391535 0.01488095238095238 0.027777777777777776
0 0.7643849206349206 0.609292328042328 0.04265873015873016 0.02943121693121693
0 0.8528025793650794 0.5398478835978836 0.034970238095238096 0.040013227513227514
0 0.8293650793650794 0.5894510582010583 0.005952380952380952 0.008928571428571428
0 0.8415178571428571 0.6068121693121693 0.01984126984126984 0.027116402116402115
0 0.9052579365079365 0.6056547619047619 0.013888888888888888 0.035383597883597885
0 0.8959573412698413 0.6782407407407407 0.03447420634920635 0.07804232804232804
0 0.9668898809523809 0.4947089947089947 0.01711309523809524 0.021164021164021163
0 0.5911458333333334 0.4975198412698413 0.016617063492063492 0.01488095238095238