0 0.326 0.48683333333333334 0.032 0.06833333333333333
0 0.3675 0.43833333333333335 0.024 0.028666666666666667
0 0.377 0.4776666666666667 0.0445 0.056666666666666664
0 0.456625 0.474 0.01575 0.019333333333333334
0 0.4415 0.46166666666666667 0.008 0.006
0 0.531875 0.5735 0.01375 0.011
0 0.568375 0.49733333333333335 0.00825 0.017333333333333333
0 0.58775 0.5035 0.021 0.04633333333333333
0 0.60725 0.5213333333333333 0.0275 0.05466666666666667
0 0.655625 0.5181666666666667 0.02775 0.05366666666666667
0 0.68275 0.5926666666666667 0.01 0.009333333333333334
0 0.72425 0.5306666666666666 0.03 0.051333333333333335
0 0.744 0.5733333333333334 0.0085 0.012666666666666666
0 0.75775 0.5111666666666667 0.0085 0.011666666666666667
0 0.73775 0.5355 0.011 0.012333333333333333
0 0.74675 0.52 0.005 0.004666666666666667
0 0.9605 0.5693333333333334 0.0095 0.01
0 0.952625 0.6041666666666666 0.02375 0.009666666666666667