0 0.058407738095238096 0.5413359788359788 0.021577380952380952 0.031746031746031744
0 0.0845734126984127 0.5234788359788359 0.03422619047619048 0.07142857142857142
0 0.13516865079365079 0.5074404761904762 0.011408730158730158 0.03802910052910053
0 0.1209077380952381 0.5102513227513228 0.003720238095238095 0.021825396825396824
0 0.09015376984126984 0.4307208994708995 0.029017857142857144 0.04332010582010582
0 0.2010168650793651 0.5287698412698413 0.031001984126984128 0.05026455026455026
0 0.22780257936507936 0.515707671957672 0.011656746031746032 0.023478835978835978
0 0.24057539682539683 0.5423280423280423 0.023313492063492064 0.032407407407407406
0 0.26872519841269843 0.546957671957672 0.029513888888888888 0.05423280423280423
0 0.3942212301587302 0.2933201058201058 0.014136904761904762 0.007936507936507936
0 0.392609126984127 0.3741732804232804 0.03968253968253968 0.07506613756613757
0 0.4046378968253968 0.41947751322751325 0.030009920634920636 0.03141534391534392
0 0.41865079365079366 0.46395502645502645 0.01636904761904762 0.017857142857142856
0 0.4348958333333333 0.43683862433862436 0.022569444444444444 0.037698412698412696
0 0.42993551587301587 0.4036044973544973 0.018601190476190476 0.03207671957671958
0 0.4365079365079365 0.3411044973544973 0.030257936507936508 0.06448412698412699
0 0.47358630952380953 0.335978835978836 0.05233134920634921 0.06018518518518518
0 0.48722718253968256 0.42857142857142855 0.05282738095238095 0.1164021164021164
0 0.4871031746031746 0.5188492063492064 0.04861111111111111 0.09259259259259259
0 0.5531994047619048 0.3958333333333333 0.021081349206349208 0.03835978835978836
0 0.5647321428571429 0.38921957671957674 0.007936507936507936 0.017857142857142856
0 0.5887896825396826 0.41798941798941797 0.012896825396825396 0.06547619047619048
0 0.6681547619047619 0.4270833333333333 0.046130952380952384 0.09093915343915344
0 0.7003968253968254 0.49537037037037035 0.05009920634920635 0.10119047619047619
0 0.7176339285714286 0.45783730158730157 0.018601190476190476 0.015542328042328041
0 0.785218253968254 0.511739417989418 0.0496031746031746 0.06183862433862434
0 0.8821924603174603 0.4851190476190476 0.03819444444444445 0.0667989417989418
0 0.8872767857142857 0.4396494708994709 0.013640873015873016 0.03141534391534392
0 0.9262152777777778 0.3773148148148148 0.016617063492063492 0.022486772486772486