0 0.02976190476190476 0.38392857142857145 0.05952380952380952 0.08796296296296297
0 0.07998511904761904 0.36507936507936506 0.03050595238095238 0.083994708994709
0 0.09833829365079365 0.40327380952380953 0.029017857142857144 0.03141534391534392
0 0.11334325396825397 0.38227513227513227 0.00992063492063492 0.011243386243386243
0 0.1232638888888889 0.3458994708994709 0.04662698412698413 0.03306878306878307
0 0.11185515873015874 0.45453042328042326 0.008432539682539682 0.01488095238095238
0 0.12115575396825397 0.4722222222222222 0.012648809523809524 0.01917989417989418
0 0.016865079365079364 0.5858134920634921 0.03373015873015873 0.045304232804232805
0 0.10850694444444445 0.5973875661375662 0.026041666666666668 0.0333994708994709
0 0.13194444444444445 0.42146164021164023 0.010416666666666666 0.014219576719576719
0 0.17348710317460317 0.3265542328042328 0.014632936507936508 0.016865079365079364
0 0.21788194444444445 0.41021825396825395 0.031001984126984128 0.040674603174603176
0 0.28794642857142855 0.4439484126984127 0.061507936507936505 0.05654761904761905
0 0.29129464285714285 0.49834656084656087 0.026537698412698412 0.051587301587301584
0 0.34375 0.4451058201058201 0.061507936507936505 0.11574074074074074
0 0.5243055555555556 0.4661044973544973 0.046130952380952384 0.0763888888888889
0 0.4959077380952381 0.4699074074074074 0.018601190476190476 0.027116402116402115
0 0.5112847222222222 0.5110780423280423 0.04141865079365079 0.054563492063492064
0 0.5536954365079365 0.519510582010582 0.01711309523809524 0.04828042328042328
0 0.5856894841269841 0.5046296296296297 0.027529761904761904 0.05952380952380952
0 0.5169890873015873 0.3955026455026455 0.05233134920634921 0.06547619047619048
0 0.6199156746031746 0.5064484126984127 0.03050595238095238 0.07771164021164022
0 0.6650545634920635 0.41369047619047616 0.027529761904761904 0.025793650793650792
0 0.677703373015873 0.38938492063492064 0.01314484126984127 0.016203703703703703
0 0.6753472222222222 0.4583333333333333 0.015376984126984126 0.027116402116402115
0 0.7114335317460317 0.478505291005291 0.04141865079365079 0.06415343915343916
0 0.7204861111111112 0.5077711640211641 0.01636904761904762 0.0625
0 0.7437996031746031 0.5009920634920635 0.015873015873015872 0.02976190476190476
0 0.7173859126984127 0.3802910052910053 0.016121031746031748 0.02976190476190476
0 0.7490079365079365 0.39351851851851855 0.032242063492063495 0.03505291005291005
0 0.7643849206349206 0.4515542328042328 0.03125 0.034722222222222224
0 0.7806299603174603 0.4105489417989418 0.031001984126984128 0.045304232804232805
0 0.8079117063492064 0.40674603174603174 0.024057539682539684 0.05886243386243386
0 0.7771577380952381 0.49718915343915343 0.014632936507936508 0.028108465608465607
0 0.8196924603174603 0.49520502645502645 0.011904761904761904 0.012235449735449735
0 0.8809523809523809 0.4115410052910053 0.047619047619047616 0.1207010582010582
0 0.8260168650793651 0.32423941798941797 0.008680555555555556 0.014219576719576719
0 0.8785962301587301 0.33630952380952384 0.054811507936507936 0.0291005291005291
0 0.9766865079365079 0.32589285714285715 0.027777777777777776 0.027447089947089946
0 0.9595734126984127 0.4097222222222222 0.04513888888888889 0.0992063492063492
0 0.9249751984126984 0.45287698412698413 0.03993055555555555 0.10152116402116403
0 0.9609375 0.3531746031746032 0.028025793650793652 0.028439153439153438
0 0.9339037698412699 0.3680555555555556 0.015128968253968254 0.016534391534391533
0 0.9904513888888888 0.4912367724867725 0.018601190476190476 0.055224867724867725
0 0.7321428571428571 0.5396825396825397 0.00496031746031746 0.008597883597883597
0 0.7373511904761905 0.26769179894179895 0.00992063492063492 0.00958994708994709