0 0.01277281746031746 0.43270502645502645 0.00818452380952381 0.010912698412698412
0 0.005084325396825397 0.4905753968253968 0.010168650793650794 0.017526455026455025
0 0.034350198412698416 0.48478835978835977 0.047867063492063495 0.07142857142857142
0 0.07601686507936507 0.4459325396825397 0.023561507936507936 0.040013227513227514
0 0.10925099206349206 0.4808201058201058 0.017609126984126984 0.028439153439153438
0 0.12053571428571429 0.45353835978835977 0.03273809523809524 0.026124338624338623
0 0.17956349206349206 0.4708994708994709 0.06845238095238096 0.05555555555555555
0 0.3368055555555556 0.46742724867724866 0.03869047619047619 0.08101851851851852
0 0.4045138888888889 0.47867063492063494 0.040674603174603176 0.10747354497354497
0 0.41257440476190477 0.4203042328042328 0.01711309523809524 0.013227513227513227
0 0.43439980158730157 0.4794973544973545 0.024553571428571428 0.09854497354497355
0 0.4410962301587302 0.5522486772486772 0.022569444444444444 0.04563492063492063
0 0.47668650793650796 0.5360449735449735 0.04662698412698413 0.10383597883597884
0 0.5290178571428571 0.4356812169312169 0.01984126984126984 0.018187830687830687
0 0.5519593253968254 0.4869378306878307 0.03695436507936508 0.08366402116402116
0 0.5525793650793651 0.5608465608465608 0.03422619047619048 0.09854497354497355
0 0.5349702380952381 0.38740079365079366 0.014384920634920634 0.012896825396825396
0 0.5234375 0.37136243386243384 0.011160714285714286 0.017857142857142856
0 0.5589037698412699 0.396494708994709 0.026537698412698412 0.02976190476190476
0 0.5979662698412699 0.4416335978835979 0.011408730158730158 0.01951058201058201
0 0.6470734126984127 0.4836309523809524 0.03373015873015873 0.03802910052910053
0 0.6474454365079365 0.5355489417989417 0.03298611111111111 0.06514550264550265
0 0.7925347222222222 0.484457671957672 0.030009920634920636 0.04431216931216931
0 0.9224950396825397 0.4869378306878307 0.025049603174603176 0.0419973544973545