0 0.029265873015873016 0.43154761904761907 0.025793650793650792 0.06349206349206349
0 0.39856150793650796 0.4280753968253968 0.017361111111111112 0.028769841269841268
0 0.42199900793650796 0.44923941798941797 0.03943452380952381 0.07837301587301587
0 0.4210069444444444 0.40343915343915343 0.016121031746031748 0.018518518518518517
0 0.4497767857142857 0.37466931216931215 0.0339781746031746 0.09060846560846561
0 0.4758184523809524 0.3923611111111111 0.038938492063492064 0.08432539682539683
0 0.5137648809523809 0.37566137566137564 0.034970238095238096 0.06084656084656084
0 0.5469990079365079 0.44031084656084657 0.060267857142857144 0.08895502645502645
0 0.5084325396825397 0.4442791005291005 0.00496031746031746 0.007605820105820105
0 0.5927579365079365 0.45023148148148145 0.04017857142857143 0.10218253968253968
0 0.5659722222222222 0.3037367724867725 0.02628968253968254 0.030753968253968252
0 0.6939484126984127 0.4880952380952381 0.04563492063492063 0.12896825396825398
0 0.7924107142857143 0.4439484126984127 0.01488095238095238 0.022817460317460316
0 0.8070436507936508 0.4548611111111111 0.01240079365079365 0.017526455026455025