0 0.011488970588235295 0.6055964052287581 0.02297794117647059 0.06495098039215687
0 0.04549632352941176 0.6227532679738562 0.04258578431372549 0.0363562091503268
0 0.1055453431372549 0.6407271241830066 0.03400735294117647 0.09191176470588236
0 0.1485906862745098 0.610498366013072 0.00980392156862745 0.054330065359477125
0 0.12729779411764705 0.7434640522875817 0.007659313725490196 0.02287581699346405
0 0.16099877450980393 0.7316176470588235 0.0070465686274509805 0.012254901960784314
0 0.18091299019607843 0.6891339869281046 0.05422794117647059 0.06862745098039216
0 0.38893995098039214 0.6027369281045751 0.03278186274509804 0.05923202614379085
0 0.42340686274509803 0.6176470588235294 0.03982843137254902 0.03349673202614379
0 0.4209558823529412 0.6493055555555556 0.03308823529411765 0.04861111111111111
0 0.5234375 0.5757761437908496 0.018688725490196078 0.03145424836601307
0 0.5462622549019608 0.6280637254901961 0.04718137254901961 0.09109477124183006
0 0.6162683823529411 0.6638071895424836 0.021139705882352942 0.02042483660130719
0 0.6205575980392157 0.7003676470588235 0.014399509803921568 0.016748366013071895
0 0.6099877450980392 0.6413398692810458 0.0196078431372549 0.03839869281045752
0 0.6220894607843137 0.6200980392156863 0.03400735294117647 0.07679738562091504
0 0.6853553921568627 0.6660539215686274 0.007352941176470588 0.006127450980392157
0 0.6827512254901961 0.6035539215686274 0.01991421568627451 0.04779411764705882
0 0.7025122549019608 0.5645424836601307 0.0055147058823529415 0.011437908496732025
0 0.7130821078431373 0.5359477124183006 0.013174019607843137 0.018790849673202614
0 0.742953431372549 0.5915032679738562 0.004901960784313725 0.007352941176470588
0 0.8311887254901961 0.5866013071895425 0.026348039215686275 0.025326797385620915
0 0.7008272058823529 0.5502450980392157 0.008272058823529412 0.013888888888888888
0 0.7248774509803921 0.5383986928104575 0.007352941176470588 0.007352941176470588
0 0.8949142156862745 0.5680147058823529 0.04534313725490196 0.060866013071895424