0 0.08122519841269842 0.4444444444444444 0.034970238095238096 0.082010582010582
0 0.10540674603174603 0.3872354497354497 0.011408730158730158 0.016534391534391533
0 0.19853670634920634 0.4128637566137566 0.01314484126984127 0.0333994708994709
0 0.2683531746031746 0.45436507936507936 0.04265873015873016 0.08664021164021164
0 0.35280257936507936 0.35796957671957674 0.018601190476190476 0.03935185185185185
0 0.37041170634920634 0.4705687830687831 0.043402777777777776 0.08862433862433862
0 0.40811011904761907 0.45535714285714285 0.026041666666666668 0.0496031746031746
0 0.4851190476190476 0.4383267195767196 0.03670634920634921 0.04398148148148148
0 0.47705853174603174 0.5160383597883598 0.03546626984126984 0.10747354497354497
0 0.5234375 0.4515542328042328 0.024057539682539684 0.0625
0 0.5437748015873016 0.3685515873015873 0.03546626984126984 0.04133597883597884
0 0.4487847222222222 0.39914021164021163 0.015625 0.03902116402116402
0 0.5966021825396826 0.5611772486772487 0.015625 0.06547619047619048
0 0.6516617063492064 0.5085978835978836 0.018105158730158732 0.03306878306878307
0 0.7093253968253969 0.3462301587301587 0.014384920634920634 0.032407407407407406
0 0.8461061507936508 0.5519179894179894 0.03050595238095238 0.07936507936507936
0 0.8821924603174603 0.5269510582010583 0.025793650793650792 0.03406084656084656
0 0.9913194444444444 0.5231481481481481 0.016865079365079364 0.05291005291005291