0 0.045625 0.415 0.03425 0.06933333333333333
0 0.25875 0.447 0.043 0.05333333333333334
0 0.3355 0.481 0.03 0.10533333333333333
0 0.36725 0.5416666666666666 0.0315 0.09733333333333333
0 0.3775 0.4685 0.0205 0.059
0 0.43125 0.5568333333333333 0.015 0.034333333333333334
0 0.489 0.5201666666666667 0.0185 0.023666666666666666
0 0.531 0.529 0.0185 0.03333333333333333
0 0.590625 0.5271666666666667 0.01975 0.041666666666666664
0 0.7795 0.5548333333333333 0.055 0.041666666666666664
0 0.777 0.589 0.06 0.02666666666666667
0 0.88375 0.5286666666666666 0.0225 0.04666666666666667
0 0.852625 0.553 0.03125 0.018666666666666668
0 0.844875 0.5826666666666667 0.01125 0.03666666666666667
0 0.872875 0.6215 0.01025 0.013666666666666667
0 0.8885 0.6456666666666667 0.017 0.051333333333333335
0 0.95375 0.5798333333333333 0.0285 0.07633333333333334
0 0.97 0.615 0.0225 0.050666666666666665
0 0.9885 0.6558333333333334 0.0225 0.075
0 0.917875 0.549 0.01125 0.016
0 0.9105 0.592 0.0085 0.011333333333333334