0 0.0355 0.5163333333333333 0.043 0.13533333333333333
0 0.082875 0.5348333333333334 0.04775 0.13966666666666666
0 0.13175 0.4836666666666667 0.049 0.06733333333333333
0 0.103 0.39866666666666667 0.02 0.022
0 0.13825 0.4066666666666667 0.034 0.036
0 0.318 0.5228333333333334 0.026 0.039
0 0.323125 0.5678333333333333 0.01775 0.03966666666666667
0 0.331 0.637 0.031 0.06866666666666667
0 0.382625 0.48333333333333334 0.05125 0.108
0 0.419375 0.43233333333333335 0.02225 0.037333333333333336
0 0.39675 0.417 0.0235 0.024
0 0.4035 0.3938333333333333 0.011 0.023
0 0.5255 0.5425 0.028 0.03233333333333333
0 0.578 0.5493333333333333 0.0265 0.03266666666666666
0 0.655375 0.5951666666666666 0.02025 0.042333333333333334
0 0.670625 0.5781666666666667 0.00875 0.05566666666666667
0 0.652875 0.506 0.01775 0.074
0 0.685125 0.6088333333333333 0.01825 0.04033333333333333
0 0.710375 0.6075 0.02175 0.023
0 0.701375 0.5758333333333333 0.01425 0.023666666666666666
0 0.72525 0.5676666666666667 0.0265 0.05
0 0.769875 0.6466666666666666 0.03225 0.046
0 0.832375 0.6436666666666667 0.02875 0.054
0 0.8895 0.692 0.0125 0.032
0 0.976 0.7046666666666667 0.022 0.054
0 0.683 0.531 0.0125 0.014
0 0.46825 0.6998333333333333 0.0225 0.029666666666666668
0 0.419875 0.5791666666666667 0.01275 0.025666666666666667
0 0.43475 0.5375 0.0105 0.014333333333333333