0 0.035845588235294115 0.3815359477124183 0.04105392156862745 0.06209150326797386
0 0.002144607843137255 0.3946078431372549 0.00428921568627451 0.027777777777777776
0 0.2650122549019608 0.5326797385620915 0.04595588235294118 0.0784313725490196
0 0.29580269607843135 0.47487745098039214 0.026041666666666668 0.046977124183006536
0 0.3681066176470588 0.5639297385620915 0.013786764705882353 0.0298202614379085
0 0.3880208333333333 0.548202614379085 0.06464460784313726 0.07679738562091504
0 0.5712316176470589 0.5610702614379085 0.02420343137254902 0.05024509803921569
0 0.6542585784313726 0.5189950980392157 0.04381127450980392 0.06740196078431372
0 0.7068014705882353 0.5408496732026143 0.015931372549019607 0.04493464052287582
0 0.7579656862745098 0.5661764705882353 0.041666666666666664 0.07598039215686274
0 0.7933517156862745 0.5669934640522876 0.03278186274509804 0.09558823529411764
0 0.7889093137254902 0.6315359477124183 0.01838235294117647 0.016339869281045753
0 0.8221507352941176 0.6452205882352942 0.03278186274509804 0.0886437908496732
0 0.8457414215686274 0.6219362745098039 0.021139705882352942 0.04861111111111111
0 0.8756127450980392 0.6484885620915033 0.041666666666666664 0.08619281045751634
0 0.8924632352941176 0.5947712418300654 0.04963235294117647 0.06290849673202614
0 0.8630514705882353 0.5500408496732027 0.014705882352941176 0.014297385620915032
0 0.960171568627451 0.6219362745098039 0.058823529411764705 0.06740196078431372
0 0.9941789215686274 0.588031045751634 0.011029411764705883 0.023284313725490197
0 0.9541973039215687 0.6593137254901961 0.013786764705882353 0.013071895424836602