0 0.15119485294117646 0.6977124183006536 0.0272671568627451 0.03758169934640523
0 0.12637867647058823 0.6213235294117647 0.03462009803921569 0.032679738562091505
0 0.17356004901960784 0.5200163398692811 0.04871323529411765 0.08415032679738563
0 0.23514093137254902 0.4928513071895425 0.015012254901960785 0.05923202614379085
0 0.27129289215686275 0.4750816993464052 0.05545343137254902 0.07107843137254902
0 0.2847732843137255 0.5416666666666666 0.0664828431372549 0.06699346405228758
0 0.3394607843137255 0.5608660130718954 0.041666666666666664 0.12173202614379085
0 0.39859068627450983 0.5627042483660131 0.0508578431372549 0.07148692810457516
0 0.3981311274509804 0.6094771241830066 0.01685049019607843 0.022058823529411766
0 0.41605392156862747 0.5002042483660131 0.029411764705882353 0.0559640522875817
0 0.3151041666666667 0.40727124183006536 0.04136029411764706 0.049019607843137254
0 0.44316789215686275 0.5187908496732027 0.017463235294117647 0.03758169934640523
0 0.4554227941176471 0.47406045751633985 0.026041666666666668 0.02900326797385621
0 0.4955575980392157 0.4812091503267974 0.027879901960784315 0.04084967320261438
0 0.5477941176470589 0.5616830065359477 0.05821078431372549 0.11356209150326797
0 0.5890012254901961 0.4973447712418301 0.03952205882352941 0.0625
0 0.5513174019607843 0.49754901960784315 0.04136029411764706 0.015522875816993464
0 0.5251225490196079 0.4861111111111111 0.00980392156862745 0.016339869281045753
0 0.5145526960784313 0.5081699346405228 0.018688725490196078 0.03349673202614379
0 0.6185661764705882 0.5690359477124183 0.030637254901960783 0.11437908496732026
0 0.6197916666666666 0.4957107843137255 0.017769607843137254 0.03227124183006536
0 0.6547181372549019 0.4795751633986928 0.03982843137254902 0.07516339869281045
0 0.6456801470588235 0.5565767973856209 0.021752450980392156 0.08047385620915033
0 0.6743259803921569 0.6331699346405228 0.0196078431372549 0.03594771241830065
0 0.7555147058823529 0.6474673202614379 0.022058823529411766 0.03758169934640523
0 0.7685355392156863 0.602328431372549 0.024816176470588234 0.04534313725490196
0 0.7375919117647058 0.5843545751633987 0.010723039215686275 0.02165032679738562
0 0.8048406862745098 0.49530228758169936 0.0545343137254902 0.12295751633986927
0 0.8524816176470589 0.4646650326797386 0.02849264705882353 0.04616013071895425
0 0.8567708333333334 0.5490196078431373 0.05361519607843137 0.06862745098039216
0 0.8319546568627451 0.5829248366013072 0.06158088235294118 0.05555555555555555
0 0.8356311274509803 0.6403186274509803 0.04932598039215686 0.06413398692810457
0 0.8958333333333334 0.49142156862745096 0.052083333333333336 0.03431372549019608