0 0.1267361111111111 0.5239748677248677 0.04117063492063492 0.04861111111111111
0 0.18167162698412698 0.5522486772486772 0.031001984126984128 0.04563492063492063
0 0.1987847222222222 0.5213293650793651 0.02058531746031746 0.03670634920634921
0 0.23363095238095238 0.5327380952380952 0.04861111111111111 0.11044973544973545
0 0.24479166666666666 0.4523809523809524 0.020337301587301588 0.032407407407407406
0 0.3803323412698413 0.5186838624338624 0.03546626984126984 0.03869047619047619
0 0.4439484126984127 0.5203373015873016 0.041666666666666664 0.09821428571428571
0 0.4728422619047619 0.4849537037037037 0.023065476190476192 0.03207671957671958
0 0.4398561507936508 0.46312830687830686 0.011160714285714286 0.016203703703703703
0 0.5055803571428571 0.47585978835978837 0.015128968253968254 0.04563492063492063
0 0.5341021825396826 0.5047949735449735 0.02058531746031746 0.07705026455026455
0 0.558531746031746 0.529431216931217 0.009424603174603174 0.015873015873015872
0 0.5804811507936508 0.5876322751322751 0.046875 0.057539682539682536
0 0.630828373015873 0.6273148148148148 0.01711309523809524 0.01917989417989418
0 0.6734871031746031 0.515542328042328 0.03249007936507937 0.062169312169312166
0 0.7002728174603174 0.5243055555555556 0.013640873015873016 0.035383597883597885
0 0.699280753968254 0.46742724867724866 0.012648809523809524 0.015542328042328041
0 0.7421875 0.5246362433862434 0.012152777777777778 0.03802910052910053
0 0.7622767857142857 0.5119047619047619 0.018105158730158732 0.042328042328042326
0 0.7584325396825397 0.4320436507936508 0.06597222222222222 0.030753968253968252
0 0.746155753968254 0.4662698412698413 0.04439484126984127 0.04894179894179894
0 0.6946924603174603 0.5753968253968254 0.01488095238095238 0.018518518518518517
0 0.7151537698412699 0.5856481481481481 0.026041666666666668 0.031084656084656083
0 0.9131944444444444 0.4748677248677249 0.06001984126984127 0.10714285714285714
0 0.9340277777777778 0.41104497354497355 0.018353174603174604 0.031084656084656083
0 0.9247271825396826 0.3609457671957672 0.024553571428571428 0.0333994708994709
0 0.9716021825396826 0.4156746031746032 0.056299603174603176 0.08002645502645503
0 0.7831101190476191 0.31547619047619047 0.016617063492063492 0.0205026455026455
0 0.8080357142857143 0.2943121693121693 0.007936507936507936 0.012566137566137565
0 0.5512152777777778 0.6364087301587301 0.014632936507936508 0.016865079365079364
0 0.3020833333333333 0.4105489417989418 0.01240079365079365 0.0333994708994709
0 0.3247767857142857 0.42592592592592593 0.03149801587301587 0.03042328042328042
0 0.06808035714285714 0.48032407407407407 0.018105158730158732 0.028108465608465607