0 0.047619047619047616 0.5059523809523809 0.040674603174603176 0.07341269841269842
0 0.18675595238095238 0.4556878306878307 0.03670634920634921 0.03835978835978836
0 0.6516617063492064 0.5335648148148148 0.047867063492063495 0.11276455026455026
0 0.6139632936507936 0.5418320105820106 0.028025793650793652 0.028108465608465607
0 0.6765873015873016 0.41633597883597884 0.030257936507936508 0.12037037037037036
0 0.7335069444444444 0.4469246031746032 0.03993055555555555 0.03670634920634921
0 0.7309027777777778 0.5461309523809523 0.017361111111111112 0.01951058201058201
0 0.7325148809523809 0.5049603174603174 0.02058531746031746 0.02976190476190476
0 0.8236607142857143 0.5047949735449735 0.049107142857142856 0.045965608465608467
0 0.9410962301587301 0.4895833333333333 0.07762896825396826 0.09226190476190477
0 0.9050099206349206 0.3999669312169312 0.042162698412698416 0.06779100529100529
0 0.9898313492063492 0.44642857142857145 0.01984126984126984 0.09126984126984126