0 0.07142857142857142 0.2853835978835979 0.033234126984126984 0.0291005291005291
0 0.03943452380952381 0.2605820105820106 0.013888888888888888 0.032407407407407406
0 0.04600694444444445 0.238260582010582 0.002232142857142857 0.007605820105820105
0 0.07093253968253968 0.2465277777777778 0.03720238095238095 0.055224867724867725
0 0.07911706349206349 0.31382275132275134 0.018849206349206348 0.03439153439153439
0 0.14434523809523808 0.3812830687830688 0.06001984126984127 0.09523809523809523
0 0.24714781746031747 0.2791005291005291 0.005704365079365079 0.005291005291005291
0 0.26587301587301587 0.28587962962962965 0.022817460317460316 0.026124338624338623
0 0.29501488095238093 0.27959656084656087 0.005208333333333333 0.01488095238095238
0 0.2864583333333333 0.3134920634920635 0.02628968253968254 0.023809523809523808
0 0.32762896825396826 0.37433862433862436 0.03670634920634921 0.04298941798941799
0 0.43799603174603174 0.33052248677248675 0.0798611111111111 0.09623015873015874
0 0.5493551587301587 0.3680555555555556 0.044642857142857144 0.1078042328042328
0 0.6860119047619048 0.30770502645502645 0.0496031746031746 0.09226190476190477
0 0.8994295634920635 0.3341600529100529 0.04985119047619048 0.09358465608465609
0 0.9342757936507936 0.41947751322751325 0.037698412698412696 0.07705026455026455
0 0.7477678571428571 0.29117063492063494 0.025793650793650792 0.06646825396825397