0 0.17830882352941177 0.5872140522875817 0.0055147058823529415 0.00857843137254902
0 0.16299019607843138 0.6008986928104575 0.02022058823529412 0.03022875816993464
0 0.13602941176470587 0.6558415032679739 0.031862745098039214 0.0763888888888889
0 0.16268382352941177 0.7005718954248366 0.031862745098039214 0.03594771241830065
0 0.18995098039215685 0.6977124183006536 0.0625 0.08496732026143791
0 0.21997549019607843 0.6721813725490197 0.030637254901960783 0.06495098039215687
0 0.2417279411764706 0.676062091503268 0.016544117647058824 0.0457516339869281
0 0.31112132352941174 0.5800653594771242 0.03768382352941176 0.05310457516339869
0 0.33609068627450983 0.5837418300653595 0.03308823529411765 0.05310457516339869
0 0.32613357843137253 0.6313316993464052 0.04932598039215686 0.09436274509803921
0 0.41161151960784315 0.6060049019607843 0.017463235294117647 0.05024509803921569
0 0.4270833333333333 0.5943627450980392 0.03982843137254902 0.08660130718954248
0 0.45098039215686275 0.5706699346405228 0.012867647058823529 0.05473856209150327
0 0.46767769607843135 0.5702614379084967 0.013786764705882353 0.049019607843137254
0 0.4866727941176471 0.610702614379085 0.03400735294117647 0.04493464052287582
0 0.4846813725490196 0.5723039215686274 0.032475490196078434 0.051470588235294115
0 0.5139399509803921 0.5751633986928104 0.033394607843137254 0.04493464052287582
0 0.4990808823529412 0.5496323529411765 0.0196078431372549 0.03390522875816993
0 0.5556066176470589 0.4387254901960784 0.013174019607843137 0.013071895424836602
0 0.6076899509803921 0.5657679738562091 0.005208333333333333 0.006535947712418301
0 0.6686580882352942 0.5641339869281046 0.04258578431372549 0.05310457516339869
0 0.7276348039215687 0.585171568627451 0.02267156862745098 0.05923202614379085
0 0.711703431372549 0.6160130718954249 0.0392156862745098 0.10702614379084967
0 0.7795649509803921 0.6223447712418301 0.04932598039215686 0.0951797385620915
0 0.9569546568627451 0.5620915032679739 0.03707107843137255 0.08006535947712418
0 0.9954044117647058 0.5627042483660131 0.0055147058823529415 0.015931372549019607
0 0.9810049019607843 0.6439950980392157 0.028799019607843136 0.06740196078431372