0 0.028186274509803922 0.5051062091503268 0.056372549019607844 0.05514705882352941
0 0.01485906862745098 0.5490196078431373 0.02971813725490196 0.041666666666666664
0 0.028952205882352942 0.582312091503268 0.057904411764705885 0.06985294117647059
0 0.06020220588235294 0.5725081699346405 0.005208333333333333 0.017565359477124183
0 0.2607230392156863 0.49264705882352944 0.007965686274509803 0.012254901960784314
0 0.23529411764705882 0.5612745098039216 0.0625 0.056372549019607844
0 0.34849877450980393 0.6260212418300654 0.03952205882352941 0.06658496732026144
0 0.4486825980392157 0.5857843137254902 0.013786764705882353 0.027777777777777776
0 0.4788602941176471 0.5886437908496732 0.012254901960784314 0.013888888888888888
0 0.4963235294117647 0.6478758169934641 0.022058823529411766 0.02042483660130719
0 0.49417892156862747 0.6019199346405228 0.006127450980392157 0.00857843137254902
0 0.5560661764705882 0.6229575163398693 0.028799019607843136 0.028594771241830064
0 0.5713848039215687 0.6662581699346405 0.00980392156862745 0.018790849673202614
0 0.5811887254901961 0.6339869281045751 0.01715686274509804 0.010620915032679739
0 0.5879289215686274 0.6519607843137255 0.00428921568627451 0.004084967320261438
0 0.6332720588235294 0.5492238562091504 0.010416666666666666 0.012663398692810458
0 0.6176470588235294 0.6102941176470589 0.028186274509803922 0.058823529411764705
0 0.6551776960784313 0.6779003267973857 0.030943627450980393 0.06331699346405228
0 0.6634497549019608 0.7093545751633987 0.015012254901960785 0.012663398692810458
0 0.7094056372549019 0.6638071895424836 0.019301470588235295 0.03349673202614379
0 0.7513786764705882 0.6556372549019608 0.0033700980392156864 0.013071895424836602
0 0.8723958333333334 0.5698529411764706 0.01133578431372549 0.013071895424836602
0 0.8857230392156863 0.5915032679738562 0.00428921568627451 0.005718954248366013
0 0.8789828431372549 0.6252042483660131 0.0196078431372549 0.03145424836601307
0 0.8311887254901961 0.647671568627451 0.042279411764705885 0.0363562091503268
0 0.8411458333333334 0.7024101307189542 0.02849264705882353 0.0559640522875817
0 0.8583026960784313 0.7228349673202614 0.02971813725490196 0.0886437908496732
0 0.928921568627451 0.6915849673202614 0.012254901960784314 0.03676470588235294
0 0.9705882352941176 0.6437908496732027 0.0392156862745098 0.07761437908496732