0 0.15823412698412698 0.3425925925925926 0.04811507936507937 0.08333333333333333
0 0.19915674603174602 0.3414351851851852 0.023313492063492064 0.027447089947089946
0 0.2255704365079365 0.49718915343915343 0.027529761904761904 0.0796957671957672
0 0.24466765873015872 0.37351190476190477 0.024553571428571428 0.018187830687830687
0 0.267609126984127 0.39203042328042326 0.020337301587301588 0.026785714285714284
0 0.2932787698412698 0.4070767195767196 0.026041666666666668 0.06812169312169312
0 0.3478422619047619 0.3349867724867725 0.018601190476190476 0.023148148148148147
0 0.31882440476190477 0.2951388888888889 0.011160714285714286 0.015542328042328041
0 0.36706349206349204 0.27414021164021163 0.015873015873015872 0.023148148148148147
0 0.3759920634920635 0.33564814814814814 0.036210317460317464 0.08928571428571429
0 0.42299107142857145 0.3186177248677249 0.028025793650793652 0.0333994708994709
0 0.43266369047619047 0.3480489417989418 0.006696428571428571 0.0248015873015873
0 0.43563988095238093 0.43716931216931215 0.04241071428571429 0.0873015873015873
0 0.4792906746031746 0.43369708994708994 0.009672619047619048 0.022156084656084655
0 0.4905753968253968 0.4031084656084656 0.00992063492063492 0.023809523809523808
0 0.44816468253968256 0.33465608465608465 0.018849206349206348 0.06613756613756613
0 0.4789186507936508 0.3187830687830688 0.042162698412698416 0.041005291005291
0 0.5126488095238095 0.36078042328042326 0.05505952380952381 0.07341269841269842
0 0.49813988095238093 0.2791005291005291 0.028521825396825396 0.07275132275132275
0 0.525421626984127 0.2748015873015873 0.050347222222222224 0.08465608465608465
0 0.5798611111111112 0.40128968253968256 0.015873015873015872 0.018187830687830687
0 0.5923859126984127 0.26868386243386244 0.0220734126984127 0.03141534391534392
0 0.6411210317460317 0.3020833333333333 0.05257936507936508 0.11078042328042328
0 0.7177579365079365 0.32688492063492064 0.0744047619047619 0.14054232804232805
0 0.7564484126984127 0.35085978835978837 0.00744047619047619 0.022486772486772486
0 0.7725694444444444 0.34672619047619047 0.018353174603174604 0.030753968253968252
0 0.8087797619047619 0.24371693121693122 0.014384920634920634 0.021164021164021163
0 0.8656994047619048 0.2478505291005291 0.050347222222222224 0.08167989417989419
0 0.9816468253968254 0.17824074074074073 0.036210317460317464 0.046957671957671955
0 0.5233134920634921 0.11689814814814815 0.01984126984126984 0.028108465608465607
0 0.5871775793650794 0.12913359788359788 0.011160714285714286 0.014219576719576719