0 0.040504807692307694 0.6413461538461539 0.03581730769230769 0.08653846153846154
0 0.06610576923076923 0.5605769230769231 0.03413461538461538 0.03333333333333333
0 0.043870192307692304 0.5056089743589743 0.02235576923076923 0.04326923076923077
0 0.007932692307692307 0.5605769230769231 0.015865384615384615 0.08397435897435897
0 0.1986778846153846 0.5293269230769231 0.04350961538461538 0.06506410256410257
0 0.2308894230769231 0.5592948717948718 0.040625 0.09102564102564102
0 0.20709134615384617 0.6432692307692308 0.02235576923076923 0.02435897435897436
0 0.2776442307692308 0.5269230769230769 0.05480769230769231 0.07243589743589744
0 0.39447115384615383 0.5544871794871795 0.04230769230769231 0.06794871794871794
0 0.9216346153846153 0.6198717948717949 0.047115384615384615 0.11025641025641025
0 0.895673076923077 0.5349358974358974 0.08076923076923077 0.060897435897435896
0 0.8819711538461539 0.6182692307692308 0.041346153846153845 0.10448717948717949
0 0.9948317307692308 0.592948717948718 0.00985576923076923 0.04487179487179487
0 0.9676682692307692 0.5604166666666667 0.025240384615384616 0.02467948717948718
0 0.9838942307692308 0.2549679487179487 0.03173076923076923 0.05608974358974359