0 0.024875 0.6753333333333333 0.04975 0.07866666666666666
0 0.08075 0.6308333333333334 0.0395 0.07366666666666667
0 0.087625 0.789 0.07325 0.096
0 0.183625 0.6791666666666667 0.04775 0.087
0 0.20975 0.6076666666666667 0.0215 0.048
0 0.11775 0.695 0.0345 0.048666666666666664
0 0.463 0.694 0.0935 0.09866666666666667
0 0.449875 0.6128333333333333 0.05825 0.06233333333333333
0 0.3795 0.5818333333333333 0.031 0.021
0 0.28125 0.5363333333333333 0.037 0.03266666666666666
0 0.54175 0.7305 0.0375 0.12766666666666668
0 0.55575 0.637 0.024 0.072
0 0.5215 0.6688333333333333 0.021 0.050333333333333334
0 0.5155 0.5315 0.046 0.034333333333333334
0 0.61375 0.6063333333333333 0.035 0.058666666666666666
0 0.629875 0.6485 0.05425 0.025666666666666667
0 0.6165 0.688 0.031 0.05533333333333333
0 0.652125 0.6705 0.02275 0.025
0 0.68025 0.386 0.0375 0.058666666666666666
0 0.65525 0.41133333333333333 0.0375 0.038
0 0.926125 0.577 0.03275 0.042666666666666665
0 0.924 0.7303333333333333 0.0435 0.029333333333333333
0 0.95925 0.6638333333333334 0.043 0.04766666666666667