0 0.033125 0.604 0.06625 0.12266666666666666
0 0.088625 0.6283333333333333 0.03425 0.07666666666666666
0 0.098375 0.5705 0.03125 0.05366666666666667
0 0.14675 0.5841666666666666 0.044 0.052333333333333336
0 0.152875 0.5231666666666667 0.02075 0.04633333333333333
0 0.1775 0.5373333333333333 0.023 0.08133333333333333
0 0.183 0.6198333333333333 0.0285 0.07833333333333334
0 0.16325 0.66 0.0235 0.037333333333333336
0 0.214875 0.5763333333333334 0.04325 0.076
0 0.476 0.581 0.027 0.088
0 0.50125 0.5461666666666667 0.0095 0.034333333333333334
0 0.474125 0.47683333333333333 0.01875 0.029
0 0.539625 0.5016666666666667 0.02375 0.04533333333333334
0 0.573875 0.5395 0.03925 0.06966666666666667
0 0.56 0.6178333333333333 0.0325 0.089
0 0.670875 0.5111666666666667 0.03125 0.05633333333333333
0 0.628 0.5698333333333333 0.058 0.097
0 0.663875 0.5695 0.01075 0.04566666666666667
0 0.694125 0.579 0.03825 0.054
0 0.73525 0.6406666666666667 0.062 0.134
0 0.84125 0.6726666666666666 0.0515 0.154
0 0.797125 0.7135 0.03375 0.08766666666666667
0 0.803625 0.6348333333333334 0.02475 0.06766666666666667
0 0.808 0.5788333333333333 0.029 0.027666666666666666
0 0.8915 0.6695 0.041 0.09766666666666667
0 0.943375 0.7171666666666666 0.06075 0.11766666666666667