0 0.055875 0.6263333333333333 0.03375 0.06066666666666667
0 0.088375 0.614 0.02025 0.03
0 0.103875 0.6538333333333334 0.01575 0.04766666666666667
0 0.127375 0.6373333333333333 0.03425 0.04
0 0.186875 0.6485 0.06275 0.059
0 0.212625 0.5985 0.03925 0.029
0 0.242625 0.6508333333333334 0.01525 0.025
0 0.276375 0.669 0.02225 0.011333333333333334
0 0.278875 0.6961666666666667 0.02075 0.01633333333333333
0 0.30175 0.6625 0.023 0.06766666666666667
0 0.3325 0.6493333333333333 0.0245 0.019333333333333334
0 0.335625 0.6113333333333333 0.05525 0.029333333333333333
0 0.36725 0.5628333333333333 0.053 0.06233333333333333
0 0.43375 0.6371666666666667 0.022 0.03966666666666667
0 0.511875 0.6036666666666667 0.02375 0.03666666666666667
0 0.53275 0.6585 0.0225 0.034333333333333334
0 0.530375 0.5478333333333333 0.03425 0.07366666666666667
0 0.535125 0.4846666666666667 0.02075 0.048666666666666664
0 0.5645 0.4725 0.015 0.029
0 0.58125 0.5308333333333334 0.0405 0.08566666666666667
0 0.576875 0.5913333333333334 0.01575 0.032
0 0.65325 0.5545 0.052 0.14233333333333334
0 0.753625 0.5411666666666667 0.03525 0.07233333333333333
0 0.786625 0.5855 0.03775 0.08033333333333334
0 0.879 0.6046666666666667 0.0225 0.034
0 0.991375 0.497 0.01675 0.04533333333333334
0 0.63675 0.38716666666666666 0.0285 0.039