0.0 0.8189763143312735 0.5512985455855763 0.05206196518876727 0.0558051067247024
0.0 0.7901338030337948 0.5189934292376889 0.03212240416891965 0.03016703172477464
0.0 0.752823261064077 0.5078729930316701 0.024813756636091644 0.0137519353806419
0.0 0.7291803197401165 0.5595224337115715 0.05426730564387294 0.0586249928051108
0.0 0.645519514446365 0.5736464019415297 0.05148304870324483 0.05673462041037747
0.0 0.654542781769674 0.6084428522633711 0.01376991789497839 0.014160992383807525
0.0 0.5795235793612747 0.5887706782971613 0.05380209884033893 0.06843945827936826
0.0 0.5528801217911976 0.5897474176305799 0.068586205082242 0.0743405868464404
0.0 0.4922702862121666 0.61289753806151 0.07332352446437063 0.08689939600514995
0.0 0.45421974590121017 0.5835083616561476 0.021685724757960045 0.019451013393222638
0.0 0.4382122714842955 0.6320999304579525 0.05597581225581061 0.06603201339712861
0.0 0.42647203116350835 0.5955807785651858 0.01969331309278355 0.014665212522124493
0.0 0.1731843394691543 0.7059524349481898 0.051979882546412726 0.05214748589876794
0.0 0.20425457752898918 0.7072182784390861 0.03773365146885499 0.043488033233053724
0.0 0.17720255032837312 0.6657072311046688 0.026105819949714504 0.02169226500435839
0.0 0.20381947186360783 0.6557565909595583 0.03077988525257558 0.023796412237771625
0.0 0.08937686715487175 0.7065830593822735 0.05290426606694043 0.051339968111624334
0.0 0.07636994795723784 0.7372587242199597 0.02843259227085082 0.02228713601782306
