0.0 0.9669379548170467 0.5970024855777777 0.023942625020800246 0.05026137145188003
0.0 0.9471347056078325 0.5062559159836815 0.02099815427297491 0.030347201512672006
0.0 0.9478435021673246 0.4722860152833416 0.013876406135600483 0.02110424097637481
0.0 0.8973884237454615 0.4994022296632491 0.037736870367782616 0.05949893831228742
0.0 0.8944956891395749 0.5420862396697685 0.018950247972022494 0.018714557705475587
0.0 0.9206014393062589 0.6194490856615618 0.01268592129587176 0.022034968535568855
0.0 0.9098507635789109 0.5847115328240502 0.015138123312961715 0.016552264912243708
0.0 0.8201163157820502 0.554638414629345 0.02090382362568488 0.038580593616708736
0.0 0.7472159587287479 0.612973013623757 0.016988377277008193 0.03937895259897173
0.0 0.7464046585897086 0.5272632848166106 0.0602913582119482 0.12188508120289315
0.0 0.6916503030030552 0.5118793117104568 0.03375724531513924 0.05897610383566643
0.0 0.7103775149193674 0.5114662294795106 0.029411771531033915 0.025483600421917385
0.0 0.6560827180076232 0.5387689632178212 0.025835200786841983 0.04343340735568335
0.0 0.6755037258088966 0.5730853433105518 0.02564971830860796 0.03452738501521091
0.0 0.47872079119381505 0.5066619873087121 0.038078924788613244 0.051277579715244326
0.0 0.3896734336487364 0.5392947275450711 0.03637764372678526 0.0976571130290011
0.0 0.3607010285959441 0.579272658655785 0.03353649466857578 0.07478229131429803
