0.0 0.9712217780950076 0.5676139857584783 0.017121953958996183 0.017255375966791053
0.0 0.9071560155349137 0.4295679679587992 0.021233694202466125 0.033441807915683075
0.0 0.8903396797040335 0.5230723626066978 0.018630397094927864 0.02196594728979584
0.0 0.8185621737213912 0.4930780609743893 0.05293515145680727 0.09563019395111805
0.0 0.7844120649682392 0.5334111000356008 0.015605887709124966 0.021276323040400502
0.0 0.7690003589631316 0.45431685402469596 0.01565155715894806 0.02339003361104186
0.0 0.7201178859252146 0.44083315769289755 0.02235647651391337 0.02635913674775503
0.0 0.6939832156357885 0.496320258364638 0.056800803341179984 0.08528640200535315
0.0 0.5245573628501567 0.535667480295433 0.027063201663040437 0.05948474955715777
0.0 0.5796348374148628 0.47926364253354514 0.015717531834671616 0.020387302107486904
0.0 0.569325566145593 0.5271159065680227 0.03371233357214054 0.035646952685163935
0.0 0.5442128623009055 0.5396784046721942 0.014734321988611576 0.012732991871690746
0.0 0.5438304412382273 0.47219187333943013 0.01887142645600348 0.03614957646542
0.0 0.43374086037246684 0.559159542597327 0.020676755632692 0.027347856022428063
0.0 0.40850639440619013 0.5471509685164193 0.028345861665775907 0.03254865491130976
0.0 0.25637515923352755 0.49853439546447087 0.023646690396772807 0.04519434465562039
0.0 0.24077490231758772 0.5442652781647705 0.03821229875601312 0.042548514009341676
0.0 0.27136251704928843 0.5597877575699902 0.015284919502405181 0.017019405603736493
0.0 0.2933879073604395 0.5513565209574188 0.029374740961658874 0.04231667571774689
1.0 0.16225157198869283 0.5154518261945207 0.04469820054686058 0.0510210694962524
