0.0 0.017003676470588258 0.6045751633986928 0.034007352941176516 0.045751633986928164
0.0 0.10677083333333331 0.6182598039215685 0.02113970588235292 0.03880718954248363
0.0 0.1331188725490196 0.6019199346405228 0.024816176470588203 0.047794117647058876
0.0 0.14767156862745096 0.5612745098039216 0.028186274509803932 0.04575163398692805
0.0 0.22962622549019607 0.5535130718954248 0.06832107843137258 0.07107843137254899
0.0 0.27313112745098045 0.49183006535947715 0.05177696078431371 0.09885620915032689
0.0 0.3126531862745098 0.5359477124183006 0.0333946078431373 0.07924836601307184
0.0 0.4837622549019608 0.49387254901960786 0.026348039215686292 0.06862745098039214
0.0 0.5102634803921569 0.5394199346405228 0.022977941176470562 0.024918300653594794
0.0 0.5389093137254902 0.5706699346405228 0.023897058823529438 0.04575163398692805
0.0 0.5767463235294119 0.516952614379085 0.008884803921568651 0.0191993464052288
0.0 0.5873161764705881 0.5167483660130718 0.006740196078431349 0.0106209150326797
0.0 0.5969669117647058 0.5330882352941178 0.008272058823529438 0.022875816993464082
0.0 0.6083026960784315 0.5553513071895425 0.012561274509803932 0.03145424836601296
0.0 0.5860906862745098 0.49611928104575165 0.01593137254901955 0.015114379084967267
0.0 0.6695772058823529 0.4814133986928104 0.03462009803921573 0.06985294117647056
0.0 0.7224264705882353 0.46384803921568635 0.019607843137254943 0.044526143790849626
0.0 0.7772671568627452 0.5012254901960784 0.02450980392156865 0.05882352941176472
0.0 0.8270526960784313 0.542483660130719 0.026654411764705843 0.037581699346405206
0.0 0.8543198529411765 0.5259395424836601 0.03155637254901955 0.05024509803921573
0.0 0.9168198529411766 0.43933823529411764 0.04381127450980393 0.07475490196078427
0.0 0.9669117647058824 0.5059232026143791 0.014705882352941124 0.02083333333333326
0.0 0.6121323529411765 0.5968137254901962 0.016544117647058876 0.023692810457516367
0.0 0.35830269607843135 0.5167483660130718 0.016850490196078427 0.02777777777777779
