0.0 0.40065602840926207 0.4409932975537638 0.039489834701795845 0.06082578152791762
0.0 0.4622766147539523 0.42959022451849416 0.038493933630700417 0.0344795046111514
0.0 0.6746490454223761 0.3881661893216968 0.036356938644513614 0.07099997425765925
0.0 0.7744921484829346 0.40701207139812684 0.022904730178041177 0.031230953329698496
0.0 0.8177108434919385 0.3486391804150797 0.021086331236304434 0.03268357062611277
0.0 0.8319732160522324 0.37239494740043466 0.025379627938810323 0.043295875970501385
0.0 0.8521332436844775 0.3426400979865175 0.024540185206582077 0.039928829781520125
0.0 0.9280545907450779 0.40090581264744224 0.0280059417581473 0.03536572829398721
0.0 0.7143705026444664 0.47453192851032455 0.020821887274784623 0.02773562614178582
0.0 0.7095593115898644 0.45661022351106295 0.02365731203843835 0.03852556766639775
