0.0 0.8064333315965686 0.7505323783106399 0.03010475791903 0.025909796138542385
0.0 0.7931870327928348 0.7261318330778532 0.019855781107813497 0.01841750849736068
0.0 0.7547465845115646 0.7409668424290331 0.06159040498909163 0.06698392727828995
0.0 0.7433829902706849 0.7035603161889266 0.06412439346509013 0.04830339475010892
0.0 0.7174976208311936 0.7394457293307728 0.04115206436602559 0.052238749071599755
0.0 0.6637794760684524 0.722382707877852 0.06784754038267127 0.0752786155366778
0.0 0.5795102512778683 0.732034669700366 0.049770359090272276 0.054384817048808376
0.0 0.5410728079229827 0.7393703033238201 0.05955978269779327 0.06243632791869902
0.0 0.5588423768171177 0.6625650016495086 0.0575231505537257 0.04463862508508554
0.0 0.4724033840217815 0.7197283047502597 0.06238650508492505 0.06897858788283395
0.0 0.49248928111497675 0.6887547845116466 0.011543112006048628 0.010284623471902177
0.0 0.28550975401089185 0.5826793783608564 0.038023496669235934 0.048091404942405824
0.0 0.25439714895248905 0.5524315612599804 0.06119647463753275 0.0810326510566951
0.0 0.2199198503591453 0.5608804434107196 0.05697752216089877 0.07010175973128097
0.0 0.1722777724519371 0.5575340335664918 0.06395534463258232 0.05724340578380249
0.0 0.04048439301549295 0.5420629573623413 0.0809687860309859 0.09034267481819724
0.0 0.008012465913026547 0.5686369291253764 0.016024931826053093 0.05261821258146737
