0.0 0.26937241330305867 0.08287475939915845 0.0993405548197156 0.11764163593862131
0.0 0.3193858989403175 0.09876822682337852 0.0433697374122074 0.03654288928904287
0.0 0.2779398485578234 0.1383971123143959 0.04481761188497074 0.04218943561220312
0.0 0.28553299596909887 0.10746994769343202 0.02988585141098926 0.03757807464835777
0.0 0.176127280480464 0.028876446154833618 0.030021671343170048 0.03021397692410427
0.0 0.3058725387389268 0.3536330147808859 0.02825697790834536 0.03264795533967657
0.0 0.43436294275589216 0.36967011221073315 0.11076547086638427 0.13499597406409491
0.0 0.4544767431379193 0.39921856003568396 0.04800740181765528 0.06028290806728909
0.0 0.4234916706747419 0.4380294620811306 0.04680838923434977 0.05478907084311946
0.0 0.456574079078382 0.5363628657217123 0.030066944653896976 0.02775927768268671
0.0 0.5282362980419959 0.5910981194104372 0.05983965989458234 0.06692291545899254
0.0 0.5604821833984645 0.53330388381704 0.033008014016663756 0.032046486111992456
0.0 0.5591510019276033 0.6727783800171802 0.07508802735131526 0.08393408407428882
0.0 0.5671796297202358 0.7093420694923529 0.03223876813967019 0.03509130092352786
0.0 0.7870843037940205 0.8677335172142723 0.04830170189063654 0.042051770510274755
0.0 0.8377430217403405 0.8168996760373093 0.032555469335448284 0.038388738623786
