0.0 0.9896591034864339 0.4068703450614865 0.017901342620953775 0.014555900634728669
0.0 0.9160356754383026 0.42703736091036437 0.043860672318081106 0.02566473175885514
0.0 0.8471286719663199 0.4033726265329324 0.02757335811508077 0.01582351309028901
0.0 0.8314224783634019 0.43888526653055754 0.0360277087990315 0.026807344300410207
0.0 0.7943715399362747 0.4070329449051966 0.0422194024006759 0.0405058833345604
0.0 0.7848483208356407 0.43236857462555645 0.04064503699324751 0.03656522969297271
0.0 0.7641540743195707 0.43932272589775534 0.023431986047171782 0.015353967592627582
0.0 0.764509533205085 0.4781593437152606 0.023762511134885145 0.021804203630753194
0.0 0.5945417523068144 0.4798015445732457 0.011762000038387455 0.01527063431662401
0.0 0.6042440355936178 0.43575093504033846 0.02134120201047618 0.021422798156481848
0.0 0.6289711563287632 0.4234332278010132 0.011444695954182849 0.009078407720023385
0.0 0.5244494250013456 0.42854219368861307 0.028973718497072642 0.0699349837918325
0.0 0.439880380610864 0.44284118900329394 0.049972240406239654 0.057887066568772905
0.0 0.3752249069928859 0.3781921035583104 0.03406966779237769 0.022075034329569587
0.0 0.2557383688110201 0.44086731982593663 0.02188326315432626 0.032001185259007914
0.0 0.18254734513575868 0.44683142265496084 0.012780816800979256 0.015065508889133161
0.0 0.008855818945512604 0.45530073899137835 0.017711637891025207 0.0564784300757884
0.0 0.20773720959821698 0.39333952045443354 0.015969743621317367 0.010339609546938022
