0.0 0.8404024087440622 0.5356456626258568 0.06258782309702327 0.06831040654121867
0.0 0.7919444407105931 0.5045833832817173 0.03417819867233751 0.03754185458991799
0.0 0.7494287446024539 0.6388225357892645 0.024992590008392268 0.02298313322646095
0.0 0.7097789261087875 0.5586618206290779 0.04798270200872645 0.03518333598468659
0.0 0.7343684334667107 0.5387078234803386 0.03405876878407654 0.024754110206873237
0.0 0.5191883307154033 0.4708390429689994 0.04263259918413331 0.03420161746863937
0.0 0.5549716188622911 0.4194504613708298 0.029604710367654885 0.024581068412826812
0.0 0.5545218297959443 0.45641071633315267 0.02482544679199905 0.02753384506329759
0.0 0.5289715556347983 0.4205318115424993 0.024380811744503905 0.017871919124770264
0.0 0.4475378625672173 0.42033476651645585 0.050455978688716374 0.059498534207406806
0.0 0.36661298684407284 0.444350338768684 0.01954013964642254 0.019059617372482407
0.0 0.18617522098482434 0.28014640397523405 0.022360171189341582 0.019040199114846557
0.0 0.27419727551132334 0.3191080278030142 0.020216713589327362 0.016678322299405024
