0.0 0.5057376780300873 0.9074361722129509 0.06218592322680416 0.03592932310881214
0.0 0.5293624363821248 0.8082628780875698 0.04195966392500572 0.02568325109676073
0.0 0.627914870038759 0.8563952345882424 0.030355789333226912 0.027475601054977927
0.0 0.50517958636161 0.7456430490603747 0.016776281490715084 0.015771564649465608
0.0 0.5998017762685154 0.5780414128577355 0.03966578546554844 0.02693937214305242
0.0 0.557446512500772 0.5765549563783042 0.041314373101945634 0.02557380925570052
0.0 0.5596643609684453 0.5408515544117609 0.03522515097327328 0.024776095824276645
0.0 0.530956938398919 0.5339552843226222 0.02868320134138347 0.03424263452963183
0.0 0.3764418625026249 0.5037248882206854 0.04647101957477495 0.024568192435531877
0.0 0.4095049521974202 0.5060503100378277 0.0233466316808571 0.015710783687359453
0.0 0.42341089594574544 0.49919934539227345 0.019293683645955684 0.008442741760459005
0.0 0.4810731146855005 0.22972283387251202 0.04148989608683684 0.030304048587590254
0.0 0.52772772846047 0.24206894970029164 0.02688877118719213 0.027357639046441923
0.0 0.4512021752557217 0.012548076407326095 0.049016822288267814 0.02509615281465219
0.0 0.48906457525793817 0.010948389837710579 0.0274816610965537 0.021896779675421158
