0.0 0.004657181383848082 0.4459483500009734 0.009314362767696163 0.05334098688320155
0.0 0.03211207570187873 0.36246469634831674 0.02714428968851175 0.03376924944797932
0.0 0.0392585627028104 0.329340486436723 0.01818872846293902 0.0233105460921072
0.0 0.08196114300223159 0.36728723207396974 0.04996726596378877 0.06538839078204511
0.0 0.07492404444651614 0.40937034379537746 0.02242532031128258 0.022258304519026995
0.0 0.03175220528173957 0.4784143694284661 0.0172830759328573 0.023908035692324914
0.0 0.050194772098487446 0.44718812566880856 0.01829689134495012 0.019298986098482906
0.0 0.14419898933891084 0.438703192143498 0.029021563259870764 0.04154774767903202
0.0 0.20148039351991415 0.5121172960129764 0.025502427758130747 0.04136892802240172
0.0 0.22203419330296276 0.4291408791882642 0.08623907055099778 0.12988586426043058
0.0 0.27870983477971784 0.42684151526013736 0.04607173809509202 0.06394242786642879
0.0 0.2606342245670509 0.4221217861447656 0.0339543478577799 0.03117075132018854
0.0 0.3070194399628997 0.46113503604004036 0.03485313440435589 0.04732364689276525
0.0 0.2802612455090573 0.4899530443783443 0.03255007528845871 0.03884100346341518
0.0 0.48651701071046916 0.470885543063895 0.04832758175348956 0.057680466119796714
0.0 0.5653931606963318 0.5230851853331201 0.05779398291175186 0.10121808889817768
0.0 0.58428505799256 0.5685571701784693 0.04963808905433176 0.07886585269904156
