0.0 0.979657173665919 0.6683579389530656 0.04068565266816204 0.07660099628634509
0.0 0.9537367064004298 0.6932086293146518 0.0923447867346372 0.11155472626396234
0.0 0.9583119228851583 0.6482726734321332 0.06991056474312862 0.08235033461194519
0.0 0.7698450376664923 0.6356434169736863 0.035384597881358726 0.039086513311489046
0.0 0.799562717939448 0.5815872980531134 0.039771148992544525 0.04107182198150927
0.0 0.7890820888500816 0.48911636662251545 0.07411142845703378 0.07868045921314071
0.0 0.7647509331889152 0.5695463368831981 0.09885460150566927 0.1227002729700224
0.0 0.7078683066211027 0.5367386357960182 0.06582613477429078 0.07926642232692616
0.0 0.7480244709983361 0.47331094164113996 0.07019695918785906 0.08763931747577036
0.0 0.587754544405964 0.4147171113094049 0.024435257359146423 0.027203356284378977
0.0 0.5224518840618576 0.4541978342711061 0.0700191351393869 0.07879034016753372
0.0 0.4555175446880408 0.410235703370099 0.04314014516415898 0.05097753368740798
0.0 0.421405633177118 0.4379015122299985 0.05713746058714858 0.061272933680267094
0.0 0.4074153596483625 0.3586260483311502 0.04694604403707564 0.04557866986918979
0.0 0.35472477635073896 0.3889585867473422 0.04078346169957697 0.035280614438572444
0.0 0.2857796603208099 0.39724862599009664 0.05032814579003814 0.05016139284273502
0.0 0.2877645943443825 0.3536292636637476 0.027226222408761214 0.02866029775556833
0.0 0.2783746419715456 0.3134062314460637 0.07022841258309445 0.07486414451812262
0.0 0.3004030783467902 0.2650202983623415 0.02125194858481294 0.02295282864730519
0.0 0.2537729634490435 0.3809628771871758 0.017416665118328595 0.020018011096258004
0.0 0.25090365967434813 0.35775493386783835 0.02438228271915216 0.028451054633349515
0.0 0.12392431868144445 0.3792249714704826 0.09062752469545957 0.11990934224189642
0.0 0.1501105006516259 0.3855125677409556 0.01900176671482126 0.024804769280971528
0.0 0.02545143161271135 0.35737540284832275 0.0509028632254227 0.1029058794769967
0.0 0.3273963192179308 0.3367920956774747 0.020059190713038966 0.020959656628475987
1.0 0.17376154559443605 0.2758362450485 0.07630652091513368 0.08116470128186418
