0.0 0.8777856595484378 0.41197056465999904 0.021171321611280547 0.017901615025795792
0.0 0.8437750879273291 0.3976591841388832 0.028730270182054873 0.02663765796734474
0.0 0.7452746561763267 0.35945584656298474 0.03689168417902011 0.04983972225753941
0.0 0.7174641782467244 0.4380230477132885 0.053755181628791004 0.052512693126306687
0.0 0.7110163970279864 0.47059754684800625 0.02538260371837109 0.020085679049885785
0.0 0.6941008540175578 0.45044901878893034 0.042330397208288684 0.03984542020332016
0.0 0.6328386958132042 0.4613564737074174 0.0403032857026937 0.04651572821511474
0.0 0.5974742492096976 0.4606745893313079 0.04896521309417434 0.05046927812349722
0.0 0.6120916329567307 0.426708444409278 0.03853120140717892 0.03637319506075887
0.0 0.5728110139520928 0.4174904372374738 0.04865650487962869 0.040089873625658745
0.0 0.5395702209086 0.41078969433285 0.06307396848080782 0.07543345937393997
0.0 0.5537624234868981 0.4938146229713311 0.04586915582206241 0.03946053091451229
0.0 0.500135247796689 0.40693909620628 0.01086717200301307 0.01707961451543394
0.0 0.4712978249897509 0.38927782383117787 0.04196316391100913 0.06001194426288492
0.0 0.45952560235313783 0.43162459810212694 0.031420364155322233 0.03691347121893673
0.0 0.3580732869472179 0.4126772504094909 0.02766673439279399 0.029628558344084732
0.0 0.31648639371330034 0.38168230462522157 0.07675298156993193 0.08505803629706321
0.0 0.27506076418911773 0.4238248348238602 0.04640498119963504 0.05346754742428195
0.0 0.23771747710722577 0.4087952581934405 0.025709680954325187 0.02440179832013134
0.0 0.22879674797221702 0.36801383231187906 0.06392533810994233 0.07510773463230003
0.0 0.19974345803715013 0.37551276371624026 0.03835164224148119 0.06195892378868095
0.0 0.18967433117374588 0.430878326885972 0.040437278829809964 0.02474268721948325
0.0 0.7188178438450743 0.5180123295437338 0.019707945530311077 0.018138486369278284
0.0 0.3845633570496233 0.45296303998676457 0.05146763293585993 0.055325886706731886
0.0 0.413349373760338 0.4236316898847927 0.058517953146234536 0.0523055106338135
0.0 0.38385885471402137 0.19848474644770425 0.044906293135608455 0.020448887876182764
0.0 0.31470554367517695 0.2013335057194842 0.02142563579148038 0.023779824533029403
0.0 0.3481625603617384 0.19470826387120246 0.04061000195849129 0.023869104240809458
0.0 0.02425716106099253 0.41670471779618384 0.04491440810149269 0.05145382127246212
0.0 0.0487876821203491 0.37902232061887675 0.08191360142033609 0.05457885436568377
0.0 0.1100093277484376 0.3307317625661326 0.012548837251245143 0.012156472460986945
