0.0 0.9159353695040231 0.4424557226522501 0.02304315938464596 0.045076734744494196
0.0 0.8449067040779079 0.5062699942544612 0.035444789865762605 0.024389073607464062
0.0 0.8230155293356388 0.5429522707572889 0.039487872475965746 0.03909858669222277
0.0 0.8540954634371096 0.4580531532796226 0.030692286458705476 0.05373800485628516
0.0 0.768591465190144 0.4922163608652803 0.026878093209459553 0.03871238103524388
0.0 0.7208917302945873 0.4899538766892532 0.04574078683201388 0.05360435966362054
0.0 0.6045238095277693 0.48363738630054703 0.03242774702218143 0.07127846823972328
0.0 0.5327114441105374 0.4613790568145101 0.031118892398125708 0.0656096128377468
0.0 0.44001899188076304 0.4148012701265007 0.022029811639934782 0.048968387874943675
0.0 0.5109680847270832 0.5225631877036137 0.022568664363991853 0.023658664558472098
0.0 0.41540295337092364 0.4428608013801944 0.02870933193540326 0.07534576882780297
0.0 0.3063889004753907 0.5136325080677296 0.027127846984269843 0.05616856645149032
0.0 0.25470327435029894 0.4870858875873379 0.020797882902907683 0.022900026135119433
0.0 0.23363508285444062 0.5295178200570245 0.024693273992581033 0.0524104217950756
0.0 0.19654225243829984 0.49965926508754166 0.018463236188799914 0.0339568103817674
0.0 0.9825837166128844 0.3189392077507177 0.01779529654308165 0.035235299654763685
0.0 0.7935153310863838 0.4214120587299812 0.029874519315757797 0.05237523761609758
1.0 0.10939184444159047 0.6196652701903719 0.04230610694424758 0.04931558676632242
