0.0 0.10101215999094276 0.5759962821235128 0.007227344854017881 0.008859188082192437
0.0 0.13090839886215674 0.5531159418000104 0.01936812558693929 0.03286791956547386
0.0 0.1085259671171866 0.5257459056235892 0.012901284332392238 0.021802247395162455
0.0 0.21994531555793448 0.4803855076437734 0.01859824211377098 0.02008173595756596
0.0 0.24541452258200658 0.5011382223685528 0.02848991022498093 0.051039016650665014
0.0 0.25425922482151975 0.5909816884792731 0.02701493963204754 0.026124843325770475
0.0 0.2575772615837615 0.5677272800106596 0.023053413582004634 0.023127588274194366
0.0 0.15626273927129067 0.7714242332543675 0.015713528662546106 0.023056823189331443
0.0 0.34100503515456776 0.4835867312033144 0.023752535040130973 0.06002395952091888
0.0 0.37334627633257533 0.5450325813638772 0.033740966300206565 0.03982329105976612
0.0 0.369374301165201 0.490762491356729 0.0593785612506641 0.09416649188765702
0.0 0.42279756356442566 0.4891583517636756 0.048524327712106075 0.0683289705267694
0.0 0.43563532726820514 0.4752676457821863 0.02222214796749178 0.049444260001130225
0.0 0.45593809435202004 0.4802469403510295 0.03330785867980918 0.08508179382825498
0.0 0.5033417021371045 0.5415391110256033 0.03931941835450564 0.07165958414923668
0.0 0.5417970253191569 0.5802860101234164 0.01990951471716773 0.023469899942275663
0.0 0.4905983658232296 0.5956271762119698 0.018296002924969856 0.034391911130145614
0.0 0.6678906001089584 0.5143745294003698 0.011727277203469666 0.014842614275439425
0.0 0.7328682775390383 0.5149557714819825 0.05959596861387739 0.08147750280985377
0.0 0.7613490235809415 0.5726280906796548 0.028270795755738543 0.04384748111558601
0.0 0.8065401662671624 0.500060504029761 0.0335065062956279 0.0424074693583979
0.0 0.8014423682736056 0.5786496657880779 0.025774860424931823 0.05077173169287774
0.0 0.7993718585860647 0.44876337044166265 0.02295621905190004 0.022140297437812873
0.0 0.7912927812641103 0.41732693938251547 0.008082060152774018 0.020024185595323707
0.0 0.8248105810206208 0.4198422684858355 0.03882577293631495 0.07161098688418449
0.0 0.8584712081603955 0.6288595384274822 0.017104943154681918 0.017327467231251226
0.0 0.8078881048123338 0.5542566327329733 0.02423040354174666 0.017703030629048655
