0.0 0.054563492063492064 0.4183201058201058 0.014384920634920632 0.025132275132275117
0.0 0.04823908730158731 0.42741402116402116 0.013144841269841272 0.04464285714285715
0.0 0.06076388888888888 0.4522156084656085 0.006944444444444441 0.022817460317460292
0.0 0.07750496031746032 0.4689153439153439 0.015128968253968256 0.021164021164021163
0.0 0.09474206349206349 0.4708994708994709 0.01884920634920635 0.03968253968253965
0.0 0.46726190476190477 0.3791335978835979 0.01785714285714285 0.053902116402116396
0.0 0.7085813492063493 0.4173280423280423 0.019841269841269882 0.0582010582010582
0.0 0.7125496031746031 0.2610780423280423 0.01736111111111116 0.01157407407407407
0.0 0.8932291666666666 0.4224537037037037 0.02356150793650791 0.017526455026455
0.0 0.8818204365079365 0.3103505291005291 0.019593253968253954 0.024801587301587324
