0.0 0.07911706349206349 0.5806878306878307 0.03025793650793651 0.06216931216931221
0.0 0.009796626984126984 0.6223544973544973 0.019593253968253968 0.06547619047619047
0.0 0.034102182539682536 0.6180555555555556 0.019593253968253968 0.019179894179894186
0.0 0.15860615079365076 0.5114087301587301 0.04340277777777776 0.06845238095238093
0.0 0.19332837301587302 0.4955357142857143 0.022073412698412703 0.04530423280423279
0.0 0.22643849206349206 0.5763888888888888 0.03273809523809523 0.03902116402116407
0.0 0.19717261904761904 0.6137566137566137 0.04315476190476192 0.07341269841269837
0.0 0.2534722222222222 0.5534060846560847 0.025793650793650813 0.04133597883597884
0.0 0.3080357142857143 0.5168650793650794 0.029265873015873023 0.06349206349206349
0.0 0.3209325396825397 0.5985449735449735 0.03025793650793651 0.042328042328042326
0.0 0.4809027777777778 0.5416666666666665 0.03869047619047622 0.07804232804232802
0.0 0.7061011904761905 0.5715939153439153 0.04265873015873012 0.06977513227513232
0.0 0.8917410714285714 0.5348875661375663 0.03893849206349209 0.04993386243386244
0.0 0.9231150793650794 0.4889219576719577 0.014880952380952328 0.026124338624338606
0.0 0.6416170634920635 0.546957671957672 0.011904761904761862 0.036375661375661394
1.0 0.8636507936507936 0.4788888888888889 0.03820932539682553 0.04744378306878305
