0.0 0.7855 0.5767500000000001 0.032333333333333325 0.03500000000000003
0.0 0.7381666666666666 0.579375 0.029000000000000026 0.02375000000000005
0.0 0.6708333333333334 0.5700000000000001 0.040999999999999925 0.0615
0.0 0.5466666666666666 0.7053750000000001 0.020000000000000018 0.027750000000000052
0.0 0.38166666666666677 0.490625 0.033333333333333326 0.023249999999999993
0.0 0.34166666666666673 0.5563750000000001 0.04133333333333333 0.07425000000000004
0.0 0.3113333333333334 0.5675000000000001 0.021333333333333315 0.031000000000000028
0.0 0.2828333333333334 0.613 0.02633333333333332 0.03949999999999998
0.0 0.25983333333333336 0.592625 0.01966666666666672 0.03325
0.0 0.23250000000000004 0.5386249999999999 0.02833333333333332 0.024249999999999994
0.0 0.09016666666666656 0.536875 0.041000000000000036 0.02124999999999999
0.0 0.059166666666666645 0.552125 0.019000000000000017 0.028249999999999997
0.0 0.010499999999999954 0.537875 0.020333333333333314 0.05725000000000002
