0.0 0.9823431072734249 0.688603564729033 0.035313785453150226 0.04833107728601338
0.0 0.9646150104885974 0.7128732532937501 0.0669331815190517 0.04603314211049814
0.0 0.9406710635109328 0.7432212356544274 0.045281681568896115 0.04534501502164934
0.0 0.8782358447621492 0.6904650084396577 0.020866121581981645 0.020106120148943196
0.0 0.8154769232531275 0.6344868440288551 0.045798834008586864 0.041998826843395176
0.0 0.7581067105065464 0.6148432820471665 0.06727261150578778 0.03896255812511029
0.0 0.6922125568283589 0.5878372983351097 0.02624739827018785 0.01940738537284281
0.0 0.27961504789367675 0.5613764886849164 0.035886785540741706 0.0228400942735838
0.0 0.21282509561565524 0.574161126442035 0.03278551315165057 0.021258824750569394
0.0 0.2675286504433911 0.6419211815718657 0.02700353981977066 0.02440686825688987
0.0 0.07110100510535108 0.5399813722982838 0.06265355388502365 0.05480020574362765
0.0 0.13213489441847828 0.5740255135796196 0.019172256146405664 0.012142242890801347
