0.0 0.9981858457463655 0.6931755025438986 0.00362830850726914 0.04934861389955991
0.0 0.9863721081563132 0.6569937697939798 0.02725578368737369 0.03992408161184491
0.0 0.9539477926825464 0.7034769044495192 0.034667076200249 0.04317405476260894
0.0 0.7198485625381339 0.5917987555390403 0.017401229546349817 0.027871357007716036
0.0 0.6833783986338933 0.5951678772840521 0.03929616601730024 0.04420403826481578
0.0 0.7077535178197731 0.6147960012833431 0.03696255148000016 0.02852101121427353
0.0 0.4669239079922175 0.5273651581011931 0.06662514039622608 0.06930811055820096
0.0 0.4146717531188948 0.5082715937641457 0.054424084425406194 0.06868963309151765
0.0 0.3963952987223147 0.482781077889273 0.04195226266968516 0.04293383711918819
0.0 0.3714599053069436 0.5144848726783253 0.036805004446042344 0.0339911576908003
0.0 0.30876780719408103 0.4802898534105806 0.0607590762541132 0.08071775672734227
0.0 0.2847319298802524 0.46682909847256443 0.022153401771699832 0.02693039742594816
0.0 0.2243656926565307 0.48566495481647093 0.052363711283193004 0.051578451723590546
0.0 0.18554858479638175 0.4850563664271373 0.03208114660427552 0.024163112711617418
0.0 0.11759667242992727 0.4835362713994641 0.04714752380823206 0.04963417908030654
0.0 0.13985616141596785 0.43446254976730614 0.03477047007722639 0.032676444584953224
0.0 0.014254702614740905 0.48896893668134667 0.02850940522948181 0.041134182427315924
0.0 0.021645812773458027 0.4476991728721743 0.043291625546916054 0.03385104603857192
0.0 0.22543997482168354 0.4155129316534684 0.03930479186956237 0.02490836661018403
1.0 0.6761674565585245 0.4435433935329091 0.056836491871379624 0.04479584529080871
