0.0 0.4893315020025601 0.0575703843788965 0.04746125685056113 0.02125708442878585
0.0 0.48382487277913877 0.08053566663077108 0.03704228720436187 0.031980117531973426
0.0 0.5132224975955879 0.10409138686837174 0.031324824840168075 0.03192037421339021
0.0 0.5388975493043793 0.1958866776686371 0.031467738556241076 0.01680233524064531
0.0 0.47571940215109 0.2082050639429885 0.02714497387945275 0.03503600307464652
0.0 0.45550146264525826 0.24218946405377928 0.024001360694643925 0.022140268903324628
0.0 0.485294341612294 0.3287235054136214 0.030038608441769032 0.024008671037894447
0.0 0.43443123894331115 0.3865390781322884 0.07583254799982225 0.029677471575104364
0.0 0.46773963254871026 0.41024852002926554 0.07677539612637563 0.03352362289611599
0.0 0.4735735964980188 0.44236086107229666 0.06442356444924052 0.03204056728028526
0.0 0.45244818319900504 0.47678720663522123 0.0583981081465727 0.03130061166496423
0.0 0.3987591281542646 0.5026347268146679 0.07803331305807759 0.03872705442541463
0.0 0.5244841092292298 0.5528155306847528 0.04260174421282903 0.016918677492623102
0.0 0.48819694894641114 0.5693649022508536 0.056040279638895796 0.0360149319643005
0.0 0.5016812372908492 0.5893686305157129 0.05580067607827344 0.041879709479205274
0.0 0.5055042784376635 0.6123185440565088 0.06613710561327252 0.023257550741276445
0.0 0.5509812618548293 0.5947366297194111 0.02426690543307186 0.0187580737307671
0.0 0.55157107483896 0.6390955832740479 0.017865064814078235 0.010792916007065334
0.0 0.538095985935076 0.6614133160588004 0.06439290669365194 0.029106606330238538
0.0 0.46503703347911796 0.6688884622410836 0.0841436677608372 0.04759182497932668
0.0 0.5107180124085228 0.703787172012025 0.04053540162138586 0.020733384961748924
0.0 0.48281366598289643 0.7389326814716806 0.014265827396939379 0.011883629904050785
0.0 0.4925190160012938 0.7893683053265876 0.047033932084928676 0.03795180414329058
0.0 0.41381028689082966 0.8479086242826341 0.018177775330335322 0.011924506911502486
0.0 0.3979922274039105 0.8784404337689882 0.07345349489212216 0.0323605881397927
1.0 0.5410048031093204 0.7663826389714881 0.038952009958360234 0.036788676860130765
