0.0 0.9908600990841108 0.4866943352101373 0.018279801831778353 0.04785445908539665
0.0 0.9108033703604046 0.43549698527471503 0.03810785933628902 0.027646982977176993
0.0 0.8815177906302283 0.4024307504570556 0.0433657395453394 0.04299739882846931
0.0 0.9293979657252118 0.48272166548952367 0.035489744051369176 0.05729551449008147
0.0 0.8359644068309665 0.4644298658860909 0.03044177607421994 0.04163933386707225
0.0 0.7879351224780062 0.47588795425960473 0.05086778018456617 0.058308262665343
0.0 0.6709162668261462 0.5046507372556762 0.03860413314852318 0.07536453669216342
0.0 0.6022277748215884 0.5410550787669063 0.03683273957037425 0.06946772708506876
0.0 0.5169946194234518 0.6061778181703199 0.026267394901221208 0.05175657250863486
0.0 0.5683874992941453 0.4830661658105009 0.024885246047502085 0.025916600054738448
0.0 0.48659628348161676 0.5823956689136686 0.03511243105945283 0.07923964894049607
0.0 0.3622465025925382 0.531423453041071 0.03203047902266787 0.059508696501180625
0.0 0.3148305581526869 0.5683200067705961 0.02301654128824543 0.025005581159344148
0.0 0.285277086596626 0.5292539948519769 0.02925389307789522 0.05547975211904932
0.0 0.2533236290780674 0.5667134014469399 0.021473707948856335 0.036133668480287984
0.0 0.8748834083273418 0.531582308864368 0.03454942580548381 0.05583951924057806
1.0 0.14173364211423803 0.46152002757959987 0.047027978750639285 0.053660321698603075
