0.0 0.04885531843839555 0.7893985664387518 0.03077681917222802 0.03653612307104237
0.0 0.07515755912133859 0.804646961570747 0.02553940082016698 0.020247067507742855
0.0 0.10946694655119213 0.8008844207580431 0.05275310044050008 0.04497025733399407
0.0 0.10042786063105968 0.7716668619452897 0.034815659727992554 0.030561038829769016
0.0 0.3139053587827624 0.6648860426337992 0.05807461001871017 0.0508106231193044
0.0 0.3710705600955252 0.5858179134856168 0.030638838101437527 0.030068096273627054
0.0 0.41138072445371787 0.6526616476433909 0.04268156894492603 0.05082761139640235
0.0 0.42338174728561156 0.6140149461214044 0.025434371187850746 0.021491064013887673
0.0 0.46293524709792144 0.6379130809024287 0.08605200581680084 0.06918917908603772
0.0 0.4598444232899697 0.6801718395799166 0.06118328457438238 0.042348804256637784
0.0 0.5139363016297397 0.5974343611754207 0.042603653035670375 0.036896234757566204
0.0 0.23475941351479712 0.7448059676337513 0.020391911409668506 0.016396718614995365
