0.0 0.113 0.545875 0.048000000000000015 0.028750000000000053
0.0 0.1645 0.592125 0.027666666666666673 0.012750000000000039
0.0 0.15933333333333333 0.5585 0.033333333333333326 0.030000000000000027
0.0 0.20683333333333334 0.56875 0.03966666666666668 0.024499999999999966
0.0 0.21183333333333337 0.588125 0.06633333333333333 0.015249999999999986
0.0 0.2646666666666667 0.5269999999999999 0.052666666666666695 0.05999999999999994
0.0 0.23583333333333334 0.517375 0.02099999999999999 0.018750000000000044
0.0 0.30700000000000005 0.556875 0.02466666666666667 0.04325000000000001
0.0 0.3448333333333333 0.55175 0.03633333333333333 0.041000000000000036
0.0 0.4078333333333334 0.581 0.02566666666666667 0.019499999999999962
0.0 0.44133333333333336 0.5485 0.026000000000000023 0.05600000000000005
0.0 0.4656666666666667 0.5275 0.020000000000000018 0.034499999999999975
0.0 0.5141666666666667 0.537875 0.02633333333333332 0.025249999999999995
0.0 0.4866666666666667 0.600125 0.03400000000000003 0.03374999999999995
0.0 0.7263333333333334 0.58625 0.05066666666666664 0.04849999999999999
0.0 0.6923333333333334 0.5583749999999998 0.02400000000000002 0.022249999999999992
0.0 0.981 0.615125 0.03466666666666662 0.04774999999999996
0.0 0.9771666666666667 0.663875 0.017000000000000015 0.012249999999999983
0.0 0.984 0.58125 0.031333333333333324 0.01849999999999996
