0.0 0.049682960446734245 0.0723303431026773 0.04988800217161801 0.05533632657566706
0.0 0.08927699734596159 0.07812762829886619 0.02225018821633873 0.02391192715957363
0.0 0.29536679093223067 0.1569443625277563 0.06619413133179142 0.06976278381644352
0.0 0.3473441123244507 0.18167871631236016 0.03619706872538819 0.038294673620947184
0.0 0.25582402892711253 0.28870275501271103 0.025541452454560687 0.024288337841629426
0.0 0.3448372637308684 0.28001744134658463 0.04718093160096326 0.039199136349031494
0.0 0.34878864451117514 0.2485959421496961 0.033444111822643285 0.027641646332331127
0.0 0.5201043566295056 0.395448155859257 0.04253059022659844 0.0372729571766911
0.0 0.544832806230035 0.33791385481190034 0.02970631291312431 0.02657352638079613
0.0 0.513687400788471 0.3578233361180875 0.0263468927470194 0.02803587331227453
0.0 0.5576514905964283 0.3605618948939054 0.023972314587688448 0.019913312906671865
0.0 0.6008434423130853 0.4296033447748334 0.05428239648316335 0.059921412241354055
0.0 0.623207570596866 0.5110052397283735 0.020195569433665184 0.01989591159144244
0.0 0.8579659575735441 0.5774599750293845 0.02253534496253662 0.02046498168899802
0.0 0.778378011198666 0.523305190520939 0.02026372536154797 0.01805715397790797
