0.0 0.4137499999999999 0.013499999999999956 0.04300000000000004 0.02633333333333332
0.0 0.39862499999999995 0.04666666666666669 0.017750000000000044 0.012666666666666715
0.0 0.35712499999999997 0.24333333333333335 0.05025000000000002 0.03933333333333333
0.0 0.35037499999999994 0.29533333333333334 0.027750000000000052 0.021333333333333426
0.0 0.47750000000000004 0.2781666666666667 0.014499999999999957 0.018333333333333313
0.0 0.42687500000000006 0.3420000000000001 0.016249999999999987 0.04066666666666663
0.0 0.400875 0.3295 0.011249999999999982 0.029000000000000137
0.0 0.4286250000000001 0.5331666666666667 0.01824999999999999 0.03433333333333333
0.0 0.37237499999999996 0.5236666666666665 0.01375000000000004 0.023333333333333317
0.0 0.403 0.5096666666666667 0.020499999999999963 0.01533333333333331
0.0 0.3833750000000001 0.5446666666666666 0.00824999999999998 0.02066666666666661
0.0 0.41487499999999994 0.6118333333333335 0.04625000000000001 0.029000000000000026
0.0 0.466125 0.6691666666666667 0.012750000000000039 0.013666666666666716
0.0 0.40099999999999997 0.8816666666666666 0.01100000000000001 0.01733333333333331
0.0 0.398875 0.794 0.00924999999999998 0.016000000000000014
