0.0 0.0430453431372549 0.505718954248366 0.03952205882352941 0.08415032679738566
0.0 0.005208333333333333 0.4252450980392158 0.009191176470588236 0.04656862745098034
0.0 0.24877450980392157 0.5108251633986929 0.030637254901960786 0.060049019607843146
0.0 0.38817401960784315 0.49754901960784315 0.028799019607843146 0.06045751633986929
0.0 0.3799019607843137 0.5614787581699345 0.015931372549019607 0.03880718954248363
0.0 0.4494485294117647 0.5208333333333333 0.017769607843137247 0.02450980392156865
0.0 0.4794730392156863 0.437704248366013 0.028799019607843146 0.030637254901960786
0.0 0.6213235294117647 0.34967320261437906 0.03860294117647056 0.056372549019607865
0.0 0.6237745098039216 0.3874591503267973 0.02757352941176472 0.02246732026143794
0.0 0.6579350490196079 0.42197712418300665 0.021752450980392135 0.04003267973856206
0.0 0.6698835784313726 0.3743872549019608 0.030943627450980338 0.05433006535947715
0.0 0.6968443627450981 0.43157679738562094 0.026654411764705843 0.052696078431372584
0.0 0.7149203431372549 0.4180964052287582 0.013174019607843146 0.032271241830065356
0.0 0.8371629901960784 0.39950980392156865 0.023590686274509776 0.05228758169934644
