0.0 0.016493055555555556 0.5264550264550265 0.03298611111111111 0.056216931216931165
0.0 0.09995039682539683 0.5709325396825395 0.048611111111111105 0.09226190476190477
0.0 0.13120039682539683 0.5423280423280423 0.020337301587301584 0.01388888888888884
0.0 0.13169642857142858 0.5806878306878307 0.01686507936507936 0.02645502645502651
0.0 0.19928075396825398 0.6071428571428571 0.027033730158730174 0.04761904761904767
0.0 0.23053075396825398 0.5590277777777778 0.031994047619047616 0.0532407407407407
0.0 0.25570436507936506 0.5844907407407407 0.017857142857142877 0.02083333333333337
0.0 0.23077876984126983 0.5092592592592593 0.041418650793650785 0.04497354497354494
0.0 0.11259920634920635 0.4093915343915344 0.024801587301587297 0.03968253968253971
0.0 0.1158234126984127 0.46097883597883604 0.055059523809523794 0.0846560846560847
0.0 0.1753472222222222 0.5132275132275133 0.02628968253968253 0.04960317460317465
0.0 0.40625 0.48412698412698413 0.011408730158730174 0.016534391534391513
0.0 0.37189980158730157 0.4793320105820106 0.011160714285714302 0.012896825396825407
0.0 0.3890128968253968 0.4907407407407407 0.010664682539682557 0.015873015873015872
0.0 0.5017361111111112 0.5183531746031746 0.02380952380952378 0.03207671957671954
0.0 0.4910714285714285 0.5525793650793651 0.023313492063492036 0.06613756613756616
0.0 0.5936259920634921 0.45171957671957674 0.018601190476190466 0.037037037037037035
0.0 0.5828373015873016 0.49289021164021163 0.03323412698412698 0.07572751322751325
0.0 0.5456349206349207 0.4923941798941799 0.016865079365079416 0.02314814814814814
0.0 0.6786954365079365 0.4742063492063492 0.00868055555555558 0.03439153439153442
0.0 0.6910962301587301 0.5125661375661377 0.017609126984126977 0.019841269841269882
0.0 0.7088293650793651 0.38789682539682535 0.012400793650793607 0.01785714285714285
0.0 0.7521081349206349 0.42328042328042326 0.025545634920634885 0.021825396825396803
0.0 0.796875 0.4508928571428571 0.021329365079365115 0.04199735449735448
0.0 0.7813740079365079 0.48379629629629634 0.015625 0.03703703703703709
0.0 0.7471478174603174 0.5353835978835979 0.028025793650793607 0.03240740740740744
0.0 0.8562748015873016 0.47585978835978837 0.02604166666666663 0.0535714285714286
0.0 0.8608630952380952 0.41451719576719576 0.028273809523809534 0.03273809523809523
0.0 0.8694196428571429 0.38078703703703703 0.02256944444444442 0.038690476190476164
0.0 0.8907490079365079 0.39269179894179895 0.040426587301587324 0.05787037037037035
0.0 0.8953373015873016 0.45734126984126977 0.05307539682539686 0.07473544973544971
0.0 0.7315228174603174 0.43468915343915343 0.014136904761904767 0.03273809523809523
0.0 0.9544890873015872 0.2878637566137566 0.01810515873015872 0.022817460317460292
0.0 0.939732142857143 0.3463955026455027 0.0580357142857143 0.08366402116402116
0.0 0.9810267857142858 0.3740079365079365 0.03745039682539686 0.07010582010582012
