0.0 0.5365297998641759 0.8608255603888997 0.02345405016769031 0.013159814716274698
0.0 0.50913502231546 0.8415938359349914 0.0443084660531009 0.031073020472709656
0.0 0.6277901750171824 0.818994095362493 0.01800490229011853 0.018250003134199888
0.0 0.4258397030361628 0.7672189938720216 0.02349359586252242 0.014915066319676207
0.0 0.4010296684710893 0.7608705937564088 0.021458476189138653 0.01802706437200019
0.0 0.5519073542223445 0.7590555901208986 0.018435023384493654 0.018986500283676544
0.0 0.5275573779686922 0.7377252462910435 0.06667303269783165 0.04927087276805808
0.0 0.5621611788475409 0.7313201018568736 0.01855996304099994 0.021194797114874153
0.0 0.5670343813431272 0.7878713344558669 0.013773328878017299 0.018981721814745445
0.0 0.6210810023456039 0.7527023903658849 0.021845900302676746 0.01853703890757885
0.0 0.5860551132071639 0.7767798825357983 0.02650444352314807 0.020070546366013464
0.0 0.6105553940251326 0.8096931362541928 0.009734602391298308 0.009918428024359383
0.0 0.492161179582727 0.606352284476674 0.03958973915899433 0.01685663587045183
0.0 0.5418404126353509 0.5994512947540234 0.025274263913657946 0.030543932061406376
0.0 0.5441025795208555 0.49944971687898415 0.016052025292403904 0.023343775403823153
0.0 0.5612604006580872 0.47017833192205893 0.06760118215545774 0.03874055776488222
0.0 0.45454717896762614 0.4731689336769695 0.020588780142373975 0.021140257041556865
0.0 0.5094752654747873 0.19212122605363036 0.06095021624243957 0.0405455709726697
0.0 0.5512411296332389 0.22952093737206752 0.011375995379134474 0.009353913415463544
0.0 0.5559764780887567 0.2455174543799198 0.00857233005068414 0.008388504417623177
0.0 0.7409951269482198 0.4223433991482688 0.00912739080156555 0.011333298398297387
0.0 0.7479544255851116 0.4144636746489915 0.004826179857814528 0.0039683269035299396
0.0 0.7414458860213977 0.43469067353155977 0.0062050883886187735 0.005102134590252716
