0.0 0.04813544012785584 0.5685518253077646 0.04208041012446506 0.07920787923532968
0.0 0.08701648378162861 0.5419878066768476 0.021757006572860754 0.031306620022049314
0.0 0.30727798715275073 0.3505560034001647 0.01863309988904238 0.022738541184955385
0.0 0.42760294976742463 0.3614701206104397 0.0409542553316411 0.0659438980024154
0.0 0.5267977934124422 0.4488028769056998 0.04480125573953986 0.03293117547092206
0.0 0.582776360566986 0.3683526778736378 0.019273575079225558 0.024539249784852946
0.0 0.5982230882917499 0.4269401827607009 0.017248238134764282 0.022067669221270847
0.0 0.6303834966551558 0.4398035478964807 0.01958745214761326 0.026281106434427826
0.0 0.7861195749716199 0.24583649406570987 0.038551436051754595 0.0701454842855192
0.0 0.8189969897854086 0.35343711705721487 0.019653200361302692 0.02839957529607373
0.0 0.8476803114498084 0.3217418325430697 0.03457923142992925 0.06563778732074876
0.0 0.36724711060216314 0.43821304947211426 0.010845629179585647 0.01459407558020176
0.0 0.3622993975082555 0.45753837888832427 0.005776997765054914 0.014523372699825843
0.0 0.48625932020295215 0.4502629287836288 0.024916933470249703 0.02429219240348035
0.0 0.6597157969830942 0.4201306295434181 0.009225359624016716 0.012616811129336103
