0.0 0.39512499999999995 0.5485 0.03375 0.057666666666666644
0.0 0.45525 0.5661666666666667 0.035499999999999976 0.031000000000000028
0.0 0.66225 0.6291666666666667 0.02949999999999997 0.06833333333333336
0.0 0.7635 0.6206666666666667 0.020000000000000018 0.029333333333333322
0.0 0.8005 0.6831666666666667 0.018000000000000016 0.031000000000000028
0.0 0.817125 0.661 0.02124999999999999 0.04133333333333333
0.0 0.834125 0.6926666666666667 0.020750000000000046 0.038000000000000034
0.0 0.915625 0.6425000000000001 0.02475000000000005 0.03300000000000003
0.0 0.7106249999999998 0.5473333333333333 0.01824999999999999 0.026000000000000023
0.0 0.704 0.5646666666666667 0.020000000000000018 0.036666666666666625
