0.0 0.44740109328435973 0.9835224297607752 0.014557555182084847 0.017685985924361547
0.0 0.4597809953476984 0.9106121312014273 0.026026014933443142 0.043041626043875514
0.0 0.4303577530303817 0.8464529576745841 0.01606174105992686 0.027049400252313727
0.0 0.4630868167152671 0.8279052230486204 0.026899539843272313 0.03552180018174267
0.0 0.4288260240872278 0.7952419021374983 0.04028912308045096 0.04189149004600745
0.0 0.4523371133669958 0.7836309697751414 0.03644337307144674 0.04025853251324785
0.0 0.45705621505665706 0.7630138616198476 0.01548828342652453 0.02304229912129052
0.0 0.494530345207006 0.7596313617180263 0.02171771092289404 0.02354898745495837
0.0 0.4798103225267638 0.5956181833804175 0.015067842781182617 0.01178680566123369
0.0 0.4382744285742177 0.6091968661101214 0.02127937017846987 0.0212030669896337
0.0 0.42877147687108097 0.6342162922966994 0.009087592384667886 0.011300384860912449
0.0 0.42367108376939433 0.532963163655394 0.06828083851824834 0.029976637722566424
0.0 0.4293440875855834 0.45006371393579336 0.05727527922677911 0.04987386990968523
0.0 0.3608181139193205 0.39393436837493134 0.02227923515690816 0.03349580391580309
0.0 0.4097784499178986 0.27273286713965733 0.03149563127251587 0.022034035856849488
0.0 0.40850765824481566 0.20160175518065857 0.01489973581471482 0.01276324652730626
0.0 0.399060716499045 0.02378230941712009 0.05555490632657223 0.03785256651661556
0.0 0.35935554093712596 0.23101667940202766 0.0104356046954302 0.015700524725115572
