0.0 0.973239396839932 0.7297699343580963 0.05352120632013602 0.084484539328475
0.0 0.5322240254501575 0.5990170284668825 0.032450821975184896 0.03450126886799665
0.0 0.5185388875326832 0.5811687657738699 0.041054990125962754 0.062429345614666065
0.0 0.5104393315859943 0.5553764573073369 0.01331259891444514 0.01213203858222034
0.0 0.4334326540862331 0.5475986198109993 0.06175914762563789 0.0715764388094029
0.0 0.39329243485786153 0.5476632253504761 0.04970305436297717 0.06927550197617971
0.0 0.3641660853675328 0.5850290591542865 0.050366886115262355 0.06434720583897846
0.0 0.2134537530915414 0.5596920248735464 0.06493599068149222 0.08631034617019562
0.0 0.14776286552593965 0.5419733326234026 0.0478099787254562 0.06576692272614038
0.0 0.48069739748071383 0.5397214962585806 0.005757469729922471 0.00675162579916444
0.0 0.018529610332183588 0.49653879859506783 0.016084057954354747 0.01390934155288781
