0.0 0.19780717212737606 0.9281934601439613 0.06044052230381386 0.05297254638230142
0.0 0.20862251233608728 0.9021040872781881 0.057678786795160086 0.056236109628504005
0.0 0.25362229800238145 0.8999786389884787 0.052105221342370445 0.052274948067859484
0.0 0.3429880244341181 0.8292155971351856 0.0419223369755487 0.0377428163603839
0.0 0.2905229260100858 0.7728880520243093 0.05018744660803964 0.05243632572076784
0.0 0.29485090824398874 0.7257968395203209 0.03834137759512052 0.037810981577967695
0.0 0.38450230104974087 0.6630185225182973 0.04545918172247132 0.04374069862689578
0.0 0.3759330782578544 0.571329628687388 0.09364402307747893 0.08049020185208744
0.0 0.42482453689633315 0.5718044442526042 0.0971822076172994 0.08485580417866645
0.0 0.45304147363269437 0.5448370280037163 0.08421687021796898 0.07498797951950875
0.0 0.45680214249726037 0.4966803506123003 0.07788087429337731 0.07015830828363129
0.0 0.4230276192907568 0.4339336903229978 0.10195190755057748 0.09074994366830869
0.0 0.5799383727568067 0.47375998423319793 0.05277612233098106 0.045456657294271396
0.0 0.556464029780571 0.4322414345491559 0.07881770434378998 0.073110643199225
0.0 0.5835710766808071 0.42236656776627307 0.08258976144798913 0.0786223992396855
0.0 0.6034019481237938 0.40285014729127816 0.07987883953733099 0.06765851530212874
0.0 0.6350415221767488 0.45182744950414266 0.03628929853699092 0.034719326326218325
0.0 0.6667932939706857 0.40932533670716315 0.024656384564595735 0.02264087969941464
0.0 0.6694440729991266 0.3782612087817527 0.08218416889079605 0.0721278604055775
0.0 0.604014976968662 0.31967394390141113 0.11391692253503294 0.10349994475815028
0.0 0.6727419963252707 0.3180203212759295 0.05338085136933346 0.047737437746826816
0.0 0.6704496560534645 0.2644027625988253 0.021918046165592564 0.021239139263636853
0.0 0.7152920506015013 0.22242911370844964 0.07142459260435141 0.06883626004064525
0.0 0.6802919918035166 0.11046557631107648 0.0257315383175013 0.023949407699867697
0.0 0.6864498790859961 0.0698074975448792 0.0931735983629256 0.08146245430418986
1.0 0.74604415619691 0.27874944681538283 0.06280965630757607 0.06219312397723764
