0.0 0.1399124119048879 0.23199574066158063 0.05752144327604358 0.060444220641768936
0.0 0.1562998802488487 0.24367356668769902 0.08308098734420982 0.08505768663700766
0.0 0.19684288612953066 0.24105156877183187 0.03355124337758131 0.03370422621490568
0.0 0.16925708608072373 0.29157560764293977 0.07768135298977713 0.07896157778633461
0.0 0.1894104273772961 0.3434577101661773 0.07577053124011729 0.07582286747393874
0.0 0.3686428149454002 0.3181019595219588 0.0480770921014293 0.04926069615862383
0.0 0.36143921930367595 0.38857287227144693 0.07842938509232616 0.07971766161716387
0.0 0.3315921798429824 0.46416888956694546 0.04646592862942317 0.04689669609241576
0.0 0.38882776717085465 0.451937815010792 0.053916417812777284 0.05545429791430223
0.0 0.3578665833968044 0.5092856708575431 0.09281898517510967 0.09530294334956224
0.0 0.40245297067436236 0.48034144945067747 0.04531783307166043 0.0461109283072636
0.0 0.4076962074728069 0.5047018699757233 0.0702591383935337 0.07241700157263686
0.0 0.4208694745449425 0.5461674490784147 0.07475868432341892 0.07500828790010639
0.0 0.4204678494017175 0.6567557668761597 0.0381719001957429 0.03886032296370312
0.0 0.5434965367742042 0.5182796397081779 0.03407130412948567 0.03511802880591619
0.0 0.5479343049689984 0.48381976574526414 0.06328039959240261 0.06532151271144226
0.0 0.5395168297645032 0.4529885428095065 0.08112296881645414 0.0831479784789333
0.0 0.5228659858368476 0.6503366080292676 0.07545573520967519 0.07764177943775907
0.0 0.5704039818630344 0.6649892910677522 0.07597468236999394 0.07787489024412964
0.0 0.553262804759229 0.6403753889896924 0.06832716726971733 0.07015893545347096
0.0 0.5110607687002997 0.707827354878151 0.04352700861869124 0.04435633663155536
1.0 0.621780276069501 0.8089186287744302 0.05441474706231608 0.05494092750542956
