0.0 0.3353174603174603 0.5621693121693123 0.029761904761904767 0.0892857142857143
0.0 0.36793154761904756 0.5441468253968254 0.035466269841269826 0.08167989417989419
0.0 0.34685019841269843 0.47404100529100524 0.01909722222222221 0.022817460317460292
0.0 0.37462797619047616 0.4371693121693121 0.03000992063492064 0.042989417989417966
0.0 0.6196676587301588 0.38888888888888895 0.033482142857142905 0.08796296296296297
0.0 0.546502976190476 0.3839285714285714 0.017113095238095233 0.05158730158730157
0.0 0.5662202380952381 0.37863756613756616 0.016865079365079416 0.04100529100529099
0.0 0.5894097222222222 0.4150132275132275 0.024553571428571397 0.060846560846560815
0.0 0.7564484126984127 0.5016534391534392 0.027281746031746046 0.0535714285714286
0.0 0.7103174603174605 0.4158399470899471 0.02876984126984128 0.04993386243386244
0.0 0.7473958333333333 0.3725198412698413 0.01810515873015872 0.026124338624338606
0.0 0.8359375 0.373015873015873 0.014136904761904767 0.02777777777777779
0.0 0.8774801587301586 0.427744708994709 0.01041666666666663 0.014219576719576743
0.0 0.9724702380952381 0.4851190476190476 0.05456349206349209 0.16468253968253965
0.0 0.8384176587301587 0.5249669312169312 0.020585317460317443 0.06316137566137564
0.0 0.9050099206349206 0.5013227513227513 0.014880952380952328 0.012566137566137614
