0.0 0.0006633546751287061 0.556691346231042 0.0013267093502574122 0.0496004661863394
0.0 0.019199528806561096 0.5990397547827037 0.021450582996425938 0.04771705071208143
0.0 0.026278493971768183 0.6391842340536815 0.013709124779932545 0.015729622296521306
0.0 0.18379149517324586 0.5344056786004067 0.015042342236318562 0.016096514853669364
0.0 0.31054596912920607 0.6790419133163376 0.028294546227785822 0.03997829273675646
0.0 0.3262948908654351 0.6442504191887537 0.023917943642555284 0.02681691834026978
0.0 0.4180584639907933 0.6743562874641247 0.015494353241453207 0.03631426243412994
0.0 0.4053431223312263 0.6685643308513893 0.005171311438953552 0.012814062914746405
0.0 0.45631462526142186 0.6653091818012652 0.014542995784470492 0.019638163434999134
0.0 0.6285387802314897 0.6963327866829906 0.02202499023733595 0.05233245298616951
0.0 0.5800166886283002 0.7224876199110449 0.03783593322683432 0.06524442127795305
0.0 0.782658420867411 0.7145984979383949 0.0179453963247429 0.013640858137227374
0.0 0.8605414912595851 0.6920833449720787 0.020908810881195006 0.046648192288175405
0.0 0.8516577601008861 0.761342400575924 0.014936263563382735 0.03347213208513278
