0.0 0.7355356038852244 0.26233372502306274 0.042615127412918063 0.0388848334704166
0.0 0.7361150046868116 0.2967778779711465 0.04284503055983824 0.03503743858716052
0.0 0.7160532511282796 0.32183146959056474 0.03630250761775311 0.03179145447798376
0.0 0.6415263442456811 0.36980269941151706 0.05117957676591123 0.042981605194599815
0.0 0.650187002589016 0.43091763236574876 0.04262037206973723 0.0349429066299376
0.0 0.6196234749212073 0.4601905134067726 0.047995840139168466 0.038930358348670535
0.0 0.6539873689146273 0.5557437956412293 0.035020501171638685 0.034456619529167565
0.0 0.6392263693620083 0.5983651136331967 0.04582044438946986 0.03727546873048382
0.0 0.6415714847205021 0.6675763069887448 0.042122048010566515 0.039909896951641155
0.0 0.5024391416791969 0.7465386729734211 0.040144485744340874 0.04795207771701848
0.0 0.50669841171485 0.9045242530167907 0.09834393088423138 0.10498038406100729
0.0 0.48385482116012324 0.8208701111781218 0.01897053077147498 0.017842767486532574
0.0 0.4748068791346187 0.8489714878677999 0.026313071793493348 0.02167189212084608
0.0 0.4373305676810619 0.8855604504796584 0.030314365638223206 0.04480178629863618
0.0 0.4247691665563599 0.9389795836779088 0.024855413936247406 0.019086470978657788
0.0 0.3829388395524643 0.9841362380341165 0.03743164644760871 0.03172752393176692
0.0 0.5615525238733866 0.620507796305322 0.015233616627240876 0.017749396262881523
0.0 0.5055243478484546 0.6757340636597393 0.016247803883636613 0.026310922426198924
