0.0 0.3791891079768166 0.42826528994028557 0.05452341672012717 0.054025832069390045
0.0 0.3697428902995607 0.4933310723288238 0.10570114269871744 0.10571820274388544
0.0 0.4302596683658504 0.5248948948283441 0.026563207751006457 0.025968949510983275
0.0 0.4959997033850072 0.7041701156565416 0.051727011326080596 0.051917515163791395
0.0 0.13810066531977147 0.23945516756087432 0.07995729758792697 0.08034967862679399
0.0 0.14712999310200858 0.13494804762296292 0.03304746573424422 0.032908142032037846
0.0 0.12236986375104111 0.1423376093008149 0.027162471755092066 0.0271766884593988
0.0 0.07678927370549035 0.2084576704094611 0.08067718338709856 0.08040422266440855
0.0 0.10023217544032881 0.17497971885989744 0.022847962875699346 0.02271432585521571
0.0 0.199523067494954 0.31945667694546803 0.07137153068151664 0.07086541600819551
0.0 0.5818806795278086 0.39232368345857077 0.033190193427663606 0.032894485978082755
0.0 0.5310643387608753 0.628176955193503 0.02772425176673099 0.02764748156347452
0.0 0.6039864110670191 0.6293469295257517 0.11089412363696005 0.11123816788118401
0.0 0.6093704167027657 0.7169427812638693 0.09395278016660025 0.0939755268934912
0.0 0.7223590809240605 0.6434944503637574 0.0441811861681628 0.04384567194652289
0.0 0.7248818048871983 0.694995736505639 0.07793940693953993 0.07733377533607133
0.0 0.6694441143653743 0.8002023583845466 0.07783416323856707 0.07808437723436623
0.0 0.6374964208050198 0.8359660954074708 0.04746200063113737 0.04701843945676587
0.0 0.7294536564576395 0.8146024961761698 0.051497301455765476 0.05163093847624922
0.0 0.7149886621334608 0.7573595444880099 0.05588293394579469 0.05537681927247351
0.0 0.8299839241164476 0.7940508308186528 0.12582334331886114 0.12418842232358207
0.0 0.8197159411397017 0.9112081127693252 0.10907230324069772 0.1099622689303017
0.0 0.300559610183495 0.38050672113803297 0.046474920969204137 0.045940372887269376
0.0 0.7399388543420071 0.5973936489093429 0.023977770231051965 0.023778736370757114
1.0 0.5019294662338546 0.5236763534228168 0.0587202545602073 0.05827544231585702
