0.0 0.037319962137717405 0.5700043296865837 0.05801586510279727 0.06808752106200755
0.0 0.0748065224836551 0.45734302180570396 0.021677785611263434 0.023051193242064838
0.0 0.10717552777183945 0.5201748431578761 0.017277625880975755 0.021703050469113583
0.0 0.19423431493752424 0.5276388917700199 0.038501524967028744 0.0432321512509003
0.0 0.2283686187745472 0.5422938467115943 0.034234069403959955 0.027290730826019627
0.0 0.2739334921231357 0.5987845842518159 0.06619548527554697 0.059099545849739865
0.0 0.285992778763331 0.5312089656402958 0.026839180833375997 0.017530529113499727
0.0 0.32488597441937384 0.5488628493330855 0.01927103768753402 0.021865252101269883
0.0 0.39967763689116337 0.5761370282541277 0.05413224819196227 0.03658315068727758
0.0 0.4142598306326539 0.6094391006890891 0.040222136860415036 0.023817545714731603
0.0 0.45658480758552833 0.5973416603792651 0.03747993272927114 0.034733117467668384
0.0 0.44356494012365794 0.540083969885151 0.04609777535367077 0.035186814731192784
0.0 0.39113672441042935 0.5163828672405139 0.027041932873571428 0.020022293871697627
0.0 0.3517935582475663 0.49525402968892707 0.016418235275374338 0.01519742849243988
0.0 0.36239375973542237 0.5104443831913299 0.016839403429325994 0.012261377993321276
0.0 0.7273718015918711 0.6207075837936924 0.044190075493649617 0.044190075493649617
0.0 0.744605621733487 0.561239011687693 0.025814367689297013 0.021160041829358933
0.0 0.7733128673599369 0.5482430205883662 0.03767346250854886 0.02088736924319823
0.0 0.8194868777452043 0.5053569999646104 0.029950949767330703 0.01926889041665303
0.0 0.8782653685639641 0.578330397821958 0.04008943269319598 0.03841082336666102
0.0 0.7682814302817675 0.5891608615672456 0.05311665730880122 0.05655017638580473
0.0 0.9772203253965959 0.5326546096036568 0.04119073552289432 0.027609260062747
0.0 0.652653153245357 0.5347341222531101 0.0148303275492071 0.020018756376679048
0.0 0.21971256573233738 0.6373088482824422 0.03948717792720624 0.0594015885738266
0.0 0.17893399633149987 0.5697685392287702 0.03055920588791694 0.026744184691246398
