0.0 0.01801466266077517 0.42333171962934324 0.018706619112863976 0.019725214364883448
0.0 0.02866161438996878 0.5064797409851025 0.05732322877993756 0.03916450052153797
0.0 0.06535139076795032 0.4850554950314129 0.0453614099276487 0.031983858951125876
0.0 0.09081331893198508 0.5383008417790927 0.028046056870323688 0.036873882387826074
0.0 0.32521930307582525 0.5101005189322019 0.01344628738180692 0.024311303403348306
0.0 0.35569410544229285 0.5236188949503924 0.03227333092309831 0.03736630718319578
0.0 0.3289591487417003 0.5334550036658288 0.03168678863366231 0.02292686946629441
0.0 0.020205751864376065 0.3979588168086901 0.022788438847860748 0.023060064248399237
0.0 0.562114244930023 0.5281262546702028 0.05529246619230088 0.058076626547820975
0.0 0.6127373434430259 0.5268632029212269 0.043936972856977285 0.058740557186327536
0.0 0.635918167338141 0.5101961687356358 0.03488844373507338 0.03590703898709274
0.0 0.6481991600674263 0.5447964175437476 0.030982184424961146 0.028062211369171974
0.0 0.7122210242924134 0.5335464392207273 0.04864051720627349 0.06935195399733679
0.0 0.7368687307102662 0.5289309145117324 0.01798949995948773 0.022946663519315846
0.0 0.7834529817394861 0.5627427855852337 0.043751611196011675 0.042936734994395875
0.0 0.8171094855357706 0.5735133648273487 0.027562347846883384 0.019345679480592737
0.0 0.8761597397558099 0.5919757828522583 0.0390680205183096 0.04164846182342552
0.0 0.8712412064941588 0.5431727948119227 0.02921205392170867 0.027039050717400315
0.0 0.9694369813531512 0.6286651974624109 0.034918549842180124 0.03423948634083385
0.0 0.9698452495091083 0.5891564082095886 0.038153024759292165 0.027152196037481535
0.0 0.8029401247842516 0.501924683561818 0.03424676544918004 0.019307368419560655
1.0 0.40603504295752596 0.3949424593472415 0.048628353461030005 0.03613358503625741
