0.0 0.12739687920149828 0.5564074517105679 0.012088777791388172 0.022692724803480613
0.0 0.1471784438471469 0.5304033021315362 0.028987664886103853 0.04262131104450839
0.0 0.16479521335955705 0.6469869723430592 0.01734649120012452 0.017094016271265056
0.0 0.22283451982974506 0.451929585809807 0.013824927851093655 0.022661550361170624
0.0 0.22995279215531422 0.42796592290385727 0.016987407289335454 0.020522056293366175
0.0 0.22609298010198642 0.5752049488401811 0.01805840510631515 0.017490336516381544
0.0 0.24780798907061866 0.5522491165746252 0.04610785246736887 0.0640335724163823
0.0 0.2527644945777866 0.5862418746074927 0.020239657705274527 0.0175255522200366
0.0 0.1974206217189587 0.5888850695040526 0.018240448627864753 0.012875356389603687
0.0 0.2297087908123425 0.6429163893082556 0.017476769925899138 0.020885181465500224
0.0 0.20752981891543706 0.6078524414350381 0.0188083251944281 0.025435792076985875
0.0 0.1745108314677581 0.6305226521431235 0.009429419603562805 0.009240063406918186
0.0 0.3772745679375244 0.5226248252347228 0.015102216757692632 0.038519266409396846
0.0 0.38215217546795244 0.5713411827666217 0.029226476335738494 0.02379826536526264
0.0 0.4796127459929964 0.577279488552011 0.02246767196769872 0.014956542834133169
0.0 0.5075247939765508 0.5951081248482322 0.03564544122874874 0.06537436410193653
0.0 0.5085898232820267 0.4909047705444721 0.02010437584718977 0.019536307257256302
0.0 0.7806837220033999 0.5549712403511529 0.037698916668088556 0.05871745449562893
0.0 0.7426441977668015 0.594315477341542 0.00880477510891442 0.010887693272004006
0.0 0.7268639368888675 0.5983375652402063 0.007961331693871587 0.008150687890516206
0.0 0.5474775632458657 0.7722126062989062 0.010854498199021734 0.008582223839287417
0.0 0.5549040214227862 0.7792949899619678 0.0037353591371152017 0.004619021388122757
0.0 0.5354167853717797 0.7721915350099586 0.0048026046048623705 0.005938741784729529
