0.0 0.2680278722471593 0.8778988811919857 0.047662696634512 0.05915968644494951
0.0 0.2424909973278312 0.8083057812156493 0.023671953234411514 0.03258087607453408
0.0 0.2738795610191244 0.8268030239620112 0.04307897135339833 0.04506979209979434
0.0 0.2825567718716111 0.7754904360197712 0.04012519060389519 0.049183424999997505
0.0 0.26527410871781365 0.7628203055502016 0.04152009880750024 0.07202942674602042
0.0 0.3470550828252498 0.7345599778662254 0.08059590820834928 0.07621610256627798
0.0 0.3451723339692059 0.7670596185191795 0.02699057179228409 0.028334375796101208
0.0 0.33416190044232885 0.6805890371673242 0.052813387971600345 0.041714562310442016
0.0 0.354289625339613 0.6449985875252486 0.05521071431495295 0.05242356526999836
0.0 0.3502286493130302 0.5707222409553786 0.029590484093551084 0.03327350247438399
0.0 0.39586017136878693 0.5503172042756372 0.06602341917321786 0.048106032455652925
0.0 0.4264127394946264 0.534459918898744 0.04225720045129844 0.03359713020447552
0.0 0.43536292172527613 0.48210313553181705 0.03557391569287277 0.036220932435451436
0.0 0.3625277302694965 0.4847216424880816 0.04707333414796128 0.04722264570394108
0.0 0.4715436285402167 0.25187727086063494 0.06836418622406565 0.06965821970922309
0.0 0.48575847693888347 0.2967658485161204 0.03166330673599338 0.03270848762785139
0.0 0.5440025037861271 0.006927332568482214 0.06126167456691267 0.013854665136964428
0.0 0.5788842212021095 0.008430651013946328 0.03084724936911465 0.016861302027892655
