0.0 0.7683684321805333 0.1999341486190173 0.06641956891248613 0.06417045949598038
0.0 0.7166683458840493 0.2117312014472572 0.021505244939617918 0.02110834327788169
0.0 0.5223979130462041 0.4560777794711668 0.05694114795076982 0.05062379650146698
0.0 0.5487278152612737 0.45816822529910173 0.053752488954371236 0.05427066612386022
0.0 0.5769090531949881 0.4882035364049898 0.047517841472415334 0.046415336856481304
0.0 0.5268462496126023 0.4992938446840106 0.07084450221836691 0.06787876480150395
0.0 0.5673035166578244 0.5484667747536566 0.04490477881377941 0.042269792781696625
0.0 0.5472321248224322 0.5270156509161211 0.023811625310655726 0.02361317447978739
0.0 0.5020718776609966 0.4692196763576688 0.01613901798159456 0.015477515212033999
0.0 0.5511987315308811 0.6150784099378064 0.04589205418911568 0.04483364975781878
0.0 0.4755492809536206 0.6582284097279996 0.042676916186620895 0.041519286339890105
0.0 0.4420408687343623 0.6049760858605254 0.019016681748054876 0.01935845817899451
0.0 0.4324143388455956 0.5785310285117284 0.02660122617414795 0.024947469250246712
0.0 0.4368800688962053 0.5393417158817014 0.019770147964002782 0.01997962384103036
0.0 0.4096200677837638 0.7041714351667484 0.07841950148537141 0.0726754524363542
0.0 0.3422086571158574 0.7299090928770967 0.03677584239728027 0.03436135728838452
0.0 0.24206790741461198 0.6753525369914984 0.08871512903107759 0.07784443351796644
0.0 0.27853511725258406 0.6881732169048741 0.04476467717302829 0.0449300528654184
0.0 0.24488830022654023 0.6944463940626688 0.019377146845686033 0.019112545737861808
0.0 0.3086021771973383 0.7438088956407587 0.04461718684435839 0.04221372678162183
0.0 0.18848282390492893 0.7444442050842718 0.038227247946893694 0.03417003096025595
0.0 0.1937425634784716 0.7342264294457802 0.022377566006969885 0.022068864714508196
0.0 0.16053236662330808 0.6900788906724963 0.024003353290269647 0.023650551813170884
0.0 0.2333027272842118 0.8945038087957333 0.04754863342085158 0.04420804443457094
0.0 0.21491696255674164 0.913991142743577 0.04555457995308132 0.045400229306850726
1.0 0.33510158987597927 0.8972705680783597 0.06182537079799738 0.06130498861927647
