0.0 0.9923115079365079 0.4718915343915344 0.015376984126984072 0.07539682539682535
0.0 0.9706101190476191 0.47470238095238093 0.04439484126984128 0.0849867724867725
0.0 0.9402281746031746 0.5067791005291006 0.02430555555555547 0.027447089947089998
0.0 0.9248511904761905 0.4460978835978836 0.04712301587301582 0.07341269841269843
0.0 0.8704117063492064 0.41964285714285715 0.057787698412698374 0.05886243386243384
0.0 0.7462797619047619 0.5724206349206349 0.02529761904761907 0.04960317460317465
0.0 0.6999007936507936 0.5109126984126984 0.04761904761904767 0.07407407407407401
0.0 0.6677827380952381 0.42857142857142855 0.03149801587301582 0.04034391534391535
0.0 0.6312003968253969 0.4806547619047619 0.026289682539682557 0.05787037037037035
0.0 0.6134672619047619 0.412037037037037 0.046875 0.09788359788359785
0.0 0.5993303571428572 0.46808862433862436 0.027033730158730118 0.043320105820105814
0.0 0.5771329365079365 0.4525462962962963 0.032738095238095344 0.07705026455026454
0.0 0.5359623015873016 0.4292328042328042 0.055059523809523836 0.060185185185185175
0.0 0.4544890873015873 0.34077380952380953 0.02256944444444442 0.03670634920634919
0.0 0.4588293650793651 0.5421626984126984 0.015873015873015817 0.03736772486772488
0.0 0.4807787698412699 0.5729166666666666 0.02852182539682535 0.07043650793650791
0.0 0.5102926587301587 0.5912698412698412 0.04241071428571419 0.08399470899470896
0.0 0.3776041666666666 0.4216269841269841 0.03645833333333337 0.08134920634920634
0.0 0.3288690476190477 0.4451058201058201 0.03968253968253965 0.07870370370370372
0.0 0.36073908730158727 0.45205026455026454 0.03447420634920639 0.07208994708994709
0.0 0.34449404761904767 0.36706349206349204 0.02529761904761907 0.042328042328042326
1.0 0.18145833333333328 0.36836309523809524 0.03667162698412696 0.04747685185185191
