0.0 0.6730975383495666 0.03154844477158261 0.06227697771744434 0.0429235466886605
0.0 0.712651675437577 0.044686807526193834 0.020591268801851692 0.017365696963720978
0.0 0.7384972202536665 0.0560499614676194 0.09071659989749947 0.05446397728198776
0.0 0.8045707840778961 0.0676076642003982 0.05123038185013873 0.038748821259111804
0.0 0.70335296664429 0.18063057345282454 0.017359066792424604 0.015395675238779993
0.0 0.6505779700798886 0.24818759898709464 0.08033583844410697 0.05039411725102494
0.0 0.6987696335375693 0.26063927598229103 0.03120529489998969 0.018793855435878526
0.0 0.6402937221833268 0.2831589116430777 0.024819539930075463 0.015353187796431467
0.0 0.5392517521104521 0.3809845779896659 0.06356127451458349 0.030464102610286703
0.0 0.6513168037691687 0.4633722023005346 0.03690957694686481 0.02821455720929522
0.0 0.49035521666437476 0.9080755698232765 0.02886460094631277 0.032791384053602046
0.0 0.44148810178387404 0.9269909139109791 0.030403165901468965 0.0198849968640864
0.0 0.4153543292894426 0.9066265197904807 0.05234174204027292 0.03137552509242392
0.0 0.4456104705980144 0.9116475833313582 0.052819001338054394 0.04265143793525117
