0.0 0.026869971040148766 0.6431677427027647 0.03413460656539746 0.08568571611577824
0.0 0.06438092351422306 0.5733111148079999 0.028033622065933683 0.039690908145165626
0.0 0.11730861448899824 0.4977017889627881 0.03302085521218018 0.06376155035445075
0.0 0.20685418174185483 0.5503038788000132 0.01857212768497707 0.052162381646615574
0.0 0.22973683740608236 0.5277780883302673 0.036021507578866685 0.08437765724086549
0.0 0.23320440107067614 0.5803183106855024 0.022960563285161606 0.02114720767283651
0.0 0.30343195229020503 0.5257206629947013 0.029567505153910434 0.03595742493067455
0.0 0.36567278389754776 0.5587672736201724 0.03621529046783456 0.055125998996366166
0.0 0.3742828615225592 0.5158211896843174 0.0332734744220633 0.0349141294998811
0.0 0.42544213055168334 0.5610071342414886 0.05785104558458937 0.11406506956666285
0.0 0.43603114294095335 0.48805134979662057 0.037319326433662925 0.052516973470291106
0.0 0.47268005980035244 0.5048019900619938 0.031210783395366593 0.061519727201369445
0.0 0.5081024103583978 0.5109983309485082 0.027336582652818853 0.03286299975704721
0.0 0.5237624121563522 0.4633109294861218 0.026187564497639593 0.045357323827932006
0.0 0.6168277243272267 0.48691745840103345 0.05088208935247773 0.09880648767820854
0.0 0.6508604942779771 0.4782488164533975 0.04234740302508433 0.08094597248742985
0.0 0.6905868927007184 0.511889172614445 0.047506287440382544 0.09396273122280274
0.0 0.6744224684778701 0.3901952007371373 0.03890304940468481 0.05116478735469171
0.0 0.7266144334429117 0.38610752401447995 0.042197164426429734 0.04729183019439043
0.0 0.7572874124616881 0.4670929020480472 0.04358296576430809 0.0894349576759535
0.0 0.7699117670892849 0.3581335932181258 0.04607550391315329 0.0617049022860493
0.0 0.7996312207391784 0.40066086668296763 0.01144465536585959 0.03173696817044824
0.0 0.8999215281467045 0.36542367173270635 0.04909001041140448 0.09261054510720335
0.0 0.9334486127264607 0.31286533018451246 0.030884754783484625 0.05316312373490539
