0.0 0.9891267035305309 0.46561515864874603 0.021746592938938214 0.1001973175218085
0.0 0.9503456842528144 0.5061812598606008 0.07125841176696346 0.09834577496615604
0.0 0.9402472526244126 0.4278048506806532 0.05809228195037475 0.08246487600933655
0.0 0.973408953305849 0.4455616714540562 0.023242657216310803 0.03398107737100198
0.0 0.8512860496359325 0.408865939833285 0.050803826175359834 0.0757193740623679
0.0 0.8264715141309515 0.41451273840811725 0.020893739157927138 0.027409185094481314
0.0 0.8158056500056192 0.4633340761689659 0.06369592891210629 0.08251832828437389
0.0 0.8036180698010409 0.3938397418845676 0.04528152398838092 0.04588480601954337
0.0 0.7362169712314857 0.4262721983802772 0.08844390736481655 0.12500279845325918
0.0 0.6368011449846713 0.44801842660890057 0.03097026655764956 0.045509363508663914
0.0 0.6295345093026465 0.5029814817086242 0.023117010701863006 0.028667205388557215
0.0 0.5805964496505756 0.4461737426264142 0.03991480896514321 0.05397128029122761
0.0 0.5766226755550015 0.5182897294917896 0.0701180538141909 0.09274112998278156
0.0 0.5397241386814267 0.5269174789406794 0.06298995486428716 0.10280656892100715
0.0 0.4837793669691732 0.4381900435281833 0.025086604386217348 0.02985253243240049
0.0 0.48131532191224574 0.5099122717126698 0.058135365221582025 0.08992832826384156
0.0 0.5288620064231264 0.6748119857751278 0.014098278011672294 0.018321252229809182
0.0 0.36004543896157454 0.5383827122525076 0.021737335979911454 0.025477684573118498
0.0 0.32359358801171867 0.507029076542154 0.04210697349758896 0.06080871646362401
0.0 0.06059412624114043 0.4348297346154032 0.04544188081349239 0.06269574690473761
0.0 0.04334139717443234 0.34486024543361704 0.018447896765900237 0.020499055671852562
0.0 0.05672373330899228 0.5237069673913948 0.042517404883108 0.060615865817980674
1.0 0.26257622332197994 0.41642407261572256 0.05319198748613527 0.060846429897524035
