0.0 0.17283333333333334 0.615125 0.03566666666666665 0.04125000000000001
0.0 0.18783333333333332 0.577625 0.02366666666666667 0.020750000000000046
0.0 0.21699999999999997 0.556 0.021999999999999992 0.005499999999999949
0.0 0.25416666666666665 0.59375 0.037000000000000005 0.04349999999999998
0.0 0.3320000000000001 0.5795 0.03466666666666668 0.04249999999999998
0.0 0.3351666666666666 0.6128749999999998 0.009666666666666657 0.010249999999999981
0.0 0.3946666666666667 0.57175 0.03266666666666668 0.05449999999999999
0.0 0.41833333333333333 0.564125 0.04666666666666669 0.05525000000000002
0.0 0.47883333333333333 0.565125 0.046999999999999986 0.06725000000000003
0.0 0.5028333333333334 0.52725 0.01633333333333331 0.013000000000000012
0.0 0.5323333333333333 0.5647500000000001 0.03600000000000003 0.051000000000000045
0.0 0.531 0.529 0.016000000000000014 0.008499999999999952
0.0 0.7881666666666667 0.545125 0.03700000000000003 0.037250000000000005
0.0 0.7613333333333333 0.556125 0.024666666666666615 0.03325
0.0 0.7718333333333334 0.511125 0.020333333333333314 0.01375000000000004
0.0 0.7453333333333333 0.510875 0.024666666666666615 0.014249999999999985
0.0 0.8618333333333333 0.519 0.03833333333333333 0.03600000000000003
0.0 0.883 0.54175 0.022666666666666724 0.013499999999999956
