0.0 0.012 0.506625 0.016 0.017249999999999988
0.0 0.033 0.587375 0.060666666666666674 0.029249999999999998
0.0 0.06916666666666667 0.559375 0.04166666666666666 0.025249999999999995
0.0 0.10333333333333333 0.6074999999999999 0.02266666666666667 0.033499999999999974
0.0 0.3295 0.53975 0.009666666666666657 0.02300000000000002
0.0 0.36183333333333334 0.547875 0.027000000000000024 0.03325
0.0 0.33716666666666667 0.562125 0.029000000000000026 0.01824999999999999
0.0 0.009833333333333333 0.48125 0.019666666666666666 0.020000000000000018
0.0 0.5660000000000001 0.517125 0.04733333333333334 0.05075000000000002
0.0 0.6156666666666666 0.50725 0.03533333333333333 0.05350000000000005
0.0 0.6356666666666667 0.48687499999999995 0.030000000000000027 0.031249999999999944
0.0 0.6536666666666666 0.518875 0.02733333333333332 0.02375000000000005
0.0 0.7148333333333333 0.49687500000000007 0.03833333333333333 0.06375000000000003
0.0 0.7383333333333333 0.4881249999999999 0.014666666666666717 0.02074999999999999
0.0 0.79 0.5135 0.038000000000000034 0.03699999999999998
0.0 0.825 0.518375 0.02533333333333332 0.015249999999999986
0.0 0.8863333333333332 0.5265 0.033333333333333326 0.03649999999999998
0.0 0.8731666666666666 0.47925 0.025666666666666615 0.02300000000000002
0.0 0.9845 0.5467499999999998 0.030333333333333323 0.02949999999999997
0.0 0.9781666666666666 0.50775 0.03500000000000003 0.02150000000000002
0.0 0.7988333333333333 0.45025 0.032333333333333325 0.014000000000000012
1.0 0.3895 0.4125 0.044333333333333336 0.029000000000000026
