0.0 0.42324999999999996 0.7855 0.03500000000000003 0.032333333333333325
0.0 0.42062499999999997 0.7381666666666666 0.02375000000000005 0.029000000000000026
0.0 0.43 0.6708333333333334 0.0615 0.040999999999999925
0.0 0.29462499999999997 0.5466666666666666 0.027750000000000052 0.020000000000000018
0.0 0.509375 0.38166666666666677 0.023249999999999993 0.033333333333333326
0.0 0.443625 0.34166666666666673 0.07425000000000004 0.04133333333333333
0.0 0.43249999999999994 0.3113333333333334 0.031000000000000028 0.021333333333333315
0.0 0.38700000000000007 0.2828333333333334 0.03949999999999998 0.02633333333333332
0.0 0.40737500000000004 0.25983333333333336 0.03325 0.01966666666666672
0.0 0.46137500000000004 0.23250000000000004 0.024249999999999994 0.02833333333333332
0.0 0.463125 0.09016666666666656 0.02124999999999999 0.041000000000000036
0.0 0.4478750000000001 0.059166666666666645 0.028249999999999997 0.019000000000000017
0.0 0.462125 0.010499999999999954 0.05725000000000002 0.020333333333333314
