0.0 0.887 0.454125 0.04800000000000004 0.028750000000000053
0.0 0.8354999999999999 0.407875 0.027666666666666617 0.012750000000000039
0.0 0.8406666666666667 0.4415 0.033333333333333215 0.030000000000000027
0.0 0.7931666666666666 0.43125 0.03966666666666663 0.024499999999999966
0.0 0.7881666666666667 0.411875 0.06633333333333324 0.015249999999999986
0.0 0.7353333333333334 0.47300000000000003 0.05266666666666675 0.05999999999999994
0.0 0.7641666666666667 0.48262499999999997 0.020999999999999908 0.018750000000000044
0.0 0.6930000000000001 0.443125 0.024666666666666726 0.04325000000000001
0.0 0.6551666666666667 0.44825 0.03633333333333333 0.041000000000000036
0.0 0.5921666666666666 0.4190000000000001 0.025666666666666726 0.019499999999999962
0.0 0.5586666666666666 0.4515 0.026000000000000023 0.05600000000000005
0.0 0.5343333333333333 0.47250000000000003 0.020000000000000018 0.034499999999999975
0.0 0.48583333333333334 0.462125 0.02633333333333332 0.025249999999999995
0.0 0.5133333333333333 0.399875 0.03400000000000003 0.03374999999999995
0.0 0.2736666666666666 0.41374999999999995 0.05066666666666664 0.04849999999999999
0.0 0.30766666666666664 0.4416250000000001 0.02400000000000002 0.022249999999999992
0.0 0.019000000000000017 0.38487499999999997 0.03466666666666662 0.04774999999999996
0.0 0.022833333333333317 0.33612500000000006 0.017000000000000015 0.012249999999999983
0.0 0.01600000000000007 0.41874999999999996 0.031333333333333324 0.01849999999999996
