0.0 0.15952049869142898 0.6467525770309273 0.03123291966693581 0.038366481866456525
0.0 0.19317902474575632 0.6617504633719873 0.025789710738813837 0.04072042231920603
0.0 0.22624096821132117 0.6524991326068428 0.02476215132472606 0.03338878468228579
0.0 0.3046731183360715 0.5992406757076905 0.032367297018892294 0.04804454417830395
0.0 0.36119702507184404 0.6333640236554786 0.025777842079050706 0.04045970846643643
0.0 0.4028106274441715 0.6155437885320585 0.02844854456683127 0.04578475967961981
0.0 0.4824637301725598 0.6893904068546921 0.029126898862479655 0.030205228032174736
0.0 0.5305961587235639 0.6927148673925306 0.027310739877647094 0.043651574218409595
0.0 0.5977340975996217 0.7240135021388437 0.03291166871991802 0.03714203700102914
0.0 0.7337301512329706 0.6201492198359491 0.04508174251973196 0.030151030939339907
0.0 0.8874413697404635 0.690516754346709 0.09316308266338513 0.080471977820052
0.0 0.8146743364515545 0.6329930398084058 0.014640595719700444 0.016797254059090383
0.0 0.8461226696245228 0.635858538400152 0.016051379583437497 0.02492685813400375
0.0 0.8978325892297883 0.6142989699915962 0.04592625805206463 0.01822149323067035
0.0 0.9556712845640343 0.624311236955776 0.013246694501034217 0.02427883139099063
0.0 0.5849250475309424 0.6255402755444555 0.016488933346594625 0.011677926281801754
0.0 0.6627493147922559 0.5935278760470672 0.02779418163177727 0.008550153372605118
