0.0 0.9914655902576635 0.4494041713317999 0.017068819484673092 0.0303598709151382
0.0 0.9769079532779922 0.42626357043739627 0.021689100202803013 0.013695972307395277
0.0 0.9459245033719161 0.4164515455741138 0.043638981780992125 0.03188438193480431
0.0 0.9425945344662038 0.4450566427573915 0.028475401098323472 0.022049553182407422
0.0 0.7180938014243197 0.4558145869688437 0.047560267639352394 0.03658930778291042
0.0 0.6387740886568054 0.5021708032885461 0.023889016481842495 0.023027012493122057
0.0 0.6294837665571298 0.42925988219105693 0.02998169042237675 0.04228483826138646
0.0 0.6044438606903539 0.4579820545258132 0.021110481058299935 0.015154817136231569
0.0 0.5794668288669496 0.42234971659672627 0.07272153022068384 0.047253230553943704
0.0 0.5982062244650179 0.3871264951313793 0.054229323166835375 0.025783191539060946
0.0 0.5201376972829769 0.4378124960451122 0.035029896326834065 0.02640985643962962
0.0 0.8166704449370766 0.4170871579741817 0.017232658762504238 0.011198630841461055
