0.0 0.1097470238095238 0.6412037037037037 0.04340277777777776 0.09060846560846558
0.0 0.1566220238095238 0.656084656084656 0.03348214285714285 0.015873015873015817
0.0 0.1463293650793651 0.603339947089947 0.03025793650793651 0.023478835978835932
0.0 0.13541666666666663 0.6311177248677249 0.010912698412698402 0.030753968253968256
0.0 0.009176587301587302 0.6321097883597884 0.018353174603174604 0.018849206349206393
0.0 0.28410218253968256 0.4537037037037037 0.013144841269841279 0.024470899470899476
0.0 0.39112103174603174 0.5109126984126984 0.04464285714285715 0.10714285714285715
0.0 0.4224950396825397 0.49917328042328046 0.017609126984126977 0.0492724867724868
0.0 0.41976686507936506 0.45271164021164023 0.021081349206349187 0.041666666666666685
0.0 0.4982638888888889 0.3953373015873016 0.02083333333333337 0.014880952380952384
0.0 0.5827132936507935 0.3921957671957672 0.030009920634920584 0.04828042328042326
0.0 0.576140873015873 0.45386904761904756 0.021329365079365115 0.018849206349206338
0.0 0.6505456349206349 0.3463955026455027 0.037698412698412676 0.06051587301587302
0.0 0.6764632936507935 0.3227513227513228 0.017113095238095233 0.024470899470899476
0.0 0.9304315476190477 0.3204365079365079 0.035962301587301626 0.019841269841269826
0.0 0.9417162698412698 0.3867394179894179 0.014384920634920584 0.02943121693121692
