0.0 0.4090878955235451 0.3946454227975121 0.029035816231847145 0.03205611816813836
0.0 0.4264772545347535 0.40972119487739195 0.031471119832066796 0.06295547941037383
0.0 0.43990183594232046 0.43390899024657353 0.012478245465115556 0.010739283744220729
0.0 0.5186924691044066 0.42586455606405293 0.053602100878924364 0.06806294045268158
0.0 0.5589153074103561 0.4175426496553153 0.03986724645448669 0.06869740130090163
0.0 0.5804248154143499 0.3740960256482588 0.04204023699760562 0.06263320474504475
0.0 0.998110906088312 0.4217280083863339 0.0037781878233759114 0.024716168479044565
0.0 0.7367092712653494 0.36849093296167545 0.05326187350339917 0.08474623308170615
0.0 0.8062019861039356 0.37273884921007233 0.038592631894049156 0.06504315491187118
0.0 0.47293517767754323 0.4434832157780315 0.0049749077432177935 0.0064392965608135455
0.0 0.9450902515069297 0.3916976846885882 0.015285749747373734 0.012082399208883099
0.0 0.9869862912797094 0.4132813071244257 0.005791331511757036 0.007438768931552042
