0.0 0.7545577826405293 0.17191186316403365 0.06256120555961964 0.06039488828878686
0.0 0.7226172089113797 0.16282896258841062 0.07199274024371527 0.06386905047809244
0.0 0.6907652905702759 0.1475171922084414 0.05448492954000628 0.05450954678172032
0.0 0.6606680281642661 0.21591796582588502 0.024785852026777855 0.02449044512620968
0.0 0.6315986121665217 0.2870950299825014 0.05353454991533524 0.052057515412494704
0.0 0.5923655938597613 0.3262652034024519 0.06938515304641779 0.05838124600025624
0.0 0.549087765599191 0.37490509586301446 0.028783268037792298 0.026124605932679346
0.0 0.22082894461852381 0.562310378087627 0.037850255522850484 0.03277910372976467
0.0 0.16083807418080825 0.5786282486283296 0.03473906021354012 0.03025872222159054
0.0 0.17856044881277308 0.5010087238796508 0.031419663692785205 0.030410356782510806
0.0 0.06630648174069312 0.6591527893089717 0.05585953117461534 0.06019155973464552
0.0 0.09461826224082798 0.6111394875891838 0.0201968418985905 0.017464328068335533
