0.0 0.4851448091963314 0.08418863296970508 0.026773586498305246 0.01665234860972109
0.0 0.49750124530927065 0.0727258368315026 0.0233151488077859 0.019266653652352306
0.0 0.5089799883489556 0.015394068313490439 0.021306098138035745 0.025214990012247585
0.0 0.5275089574304325 0.0012973231503989324 0.02277866559231234 0.002594646300797865
0.0 0.49697337631995986 0.1352197252846671 0.06683075449942977 0.04965955090914237
0.0 0.5102825695832276 0.1803936425379343 0.09067620362346751 0.055077366911895964
0.0 0.45449983344030337 0.21138495114571312 0.05820596492049834 0.0541574697650648
0.0 0.5094930819671819 0.23540583954506067 0.05009204679659229 0.03375846289363582
0.0 0.4395338449181698 0.3292632453921653 0.03978252345327565 0.02240191494115551
0.0 0.41130049684581216 0.3486944136643192 0.030915764149725966 0.01870047704281408
0.0 0.4396377276643237 0.4689957460695039 0.024918415554984863 0.01710063180656135
0.0 0.489807374446801 0.44872899892682694 0.016454128683485447 0.011777418762553504
0.0 0.5405164913124931 0.5438160215920336 0.033173407525096565 0.01663041870030746
0.0 0.4783424329099206 0.5585738115833557 0.016529412801449705 0.0101076618652447
0.0 0.5488473229413695 0.6006240926251969 0.02084821053102759 0.015543285844597188
0.0 0.5367753612659127 0.7154459613818007 0.036003520429672586 0.020647159495269296
0.0 0.6071032957192943 0.67994026633644 0.04199424604341151 0.02656808346839712
0.0 0.5906433196364971 0.7260957686815641 0.01938888903875524 0.018690872632646016
0.0 0.5446661938627768 0.861556573217407 0.03751825709690271 0.02879305202053728
0.0 0.5117876244512954 0.7399158736990554 0.01284512275703742 0.017731237599802108
0.0 0.38258044249736667 0.22920122759329112 0.017177166448619385 0.01452470410540424
