0.0 0.013499999999999998 0.5862500000000002 0.026333333333333334 0.04300000000000004
0.0 0.04666666666666666 0.601375 0.012666666666666666 0.017750000000000044
0.0 0.24333333333333335 0.6428750000000001 0.03933333333333333 0.05025000000000002
0.0 0.29533333333333334 0.6496250000000001 0.021333333333333315 0.027750000000000052
0.0 0.2781666666666667 0.5225 0.018333333333333313 0.014499999999999957
0.0 0.3420000000000001 0.5731249999999999 0.040666666666666684 0.016249999999999987
0.0 0.3295 0.599125 0.029000000000000026 0.011249999999999982
0.0 0.5331666666666667 0.571375 0.03433333333333333 0.01824999999999999
0.0 0.5236666666666665 0.6276250000000001 0.023333333333333317 0.01375000000000004
0.0 0.5096666666666667 0.597 0.01533333333333331 0.020499999999999963
0.0 0.5446666666666666 0.616625 0.02066666666666661 0.00824999999999998
0.0 0.6118333333333335 0.5851250000000001 0.029000000000000026 0.04625000000000001
0.0 0.6691666666666667 0.533875 0.013666666666666716 0.012750000000000039
0.0 0.8816666666666666 0.599 0.01733333333333331 0.01100000000000001
0.0 0.794 0.601125 0.016000000000000014 0.00924999999999998
