0.0 0.5390114379084967 0.9373468137254901 0.05923202614379086 0.02787990196078438
0.0 0.5087826797385621 0.9220281862745099 0.06985294117647056 0.024816176470588203
0.0 0.5281862745098039 0.8579963235294117 0.0702614379084967 0.030330882352941235
0.0 0.4709967320261438 0.8333333333333334 0.06045751633986929 0.025735294117646967
0.0 0.508578431372549 0.7752757352941176 0.027777777777777735 0.015012254901960675
0.0 0.5433006535947712 0.7284007352941176 0.04738562091503273 0.019914215686274384
0.0 0.5294117647058822 0.7068014705882353 0.04493464052287577 0.015931372549019662
0.0 0.4742647058823529 0.6498161764705883 0.03431372549019607 0.017769607843137192
0.0 0.4752859477124183 0.6133578431372548 0.02001633986928103 0.02573529411764708
0.0 0.5077614379084967 0.6237745098039216 0.02532679738562088 0.02083333333333337
0.0 0.5095996732026143 0.5643382352941176 0.0625 0.015318627450980449
0.0 0.47855392156862747 0.5337009803921569 0.029820261437908502 0.02573529411764719
0.0 0.5241013071895425 0.2786458333333334 0.06781045751633985 0.02604166666666663
0.0 0.4375 0.2411151960784313 0.03594771241830064 0.02941176470588236
0.0 0.48774509803921573 0.20481004901960792 0.07598039215686275 0.023590686274509776
0.0 0.4272875816993464 0.17218137254901966 0.06617647058823528 0.03982843137254899
0.0 0.3672385620915033 0.1312806372549019 0.02450980392156865 0.016850490196078427
0.0 0.43647875816993464 0.10324754901960781 0.0437091503267974 0.01715686274509809
0.0 0.5251225490196079 0.02680759803921573 0.06495098039215685 0.032169117647058876
