0.0 0.11756634839501454 0.19664486351644167 0.06106275702352798 0.0635388589805006
0.0 0.1535239089193573 0.28032526940796765 0.09606162814422567 0.10071423253312806
0.0 0.19423641873552505 0.2776373518294397 0.024247768114531 0.023560451557079476
0.0 0.17151443150461274 0.30677139803932085 0.02974436182433754 0.03076652490977816
0.0 0.20639070176725666 0.3673476415091671 0.051041611385308716 0.05323573731871156
0.0 0.2588497346230425 0.3499934399494016 0.05839700703691089 0.06066162697620614
0.0 0.2624427616403497 0.3842901845756085 0.02686342569243494 0.027180648718950984
0.0 0.28899975886793117 0.3127313069511551 0.060148215906063784 0.06052712118773573
0.0 0.26028936429453875 0.16650874027967685 0.044243671109864824 0.0458297862424451
0.0 0.2316544265765161 0.20722855215610628 0.09600227541649181 0.09915688218017943
0.0 0.24494223126063686 0.2823412134470685 0.05176230843423535 0.05424722214194466
0.0 0.4360342112163236 0.39948319178714203 0.019242751486833798 0.01978908003250035
0.0 0.4130997084285846 0.37519791723683255 0.01670964077721626 0.016894687542683973
0.0 0.4190950499737071 0.3940770590106109 0.018256775883908283 0.018811916180311417
0.0 0.48720581062279616 0.48269961415574847 0.03859124398250635 0.03947241905616217
0.0 0.45858288192795926 0.5020069874443995 0.06019178274846193 0.0647562696299987
0.0 0.5963976420426167 0.4879336627559938 0.03787610312499212 0.039841123539244405
0.0 0.563500529613459 0.5123865787135622 0.07383590364425874 0.07836514352284929
0.0 0.5358337980315979 0.48961567586731003 0.027611021009522396 0.02828071406550059
0.0 0.64680676047447 0.5560540078859239 0.02871199794030732 0.031452452419376664
0.0 0.6330336922829567 0.5923554240860803 0.02603698763466955 0.02627490490455675
0.0 0.7214221442224457 0.5093167501381642 0.020841831066043204 0.021423406614655915
0.0 0.732652177286943 0.5619713024907476 0.03328293814982475 0.032886409366679636
0.0 0.7496795250861282 0.6096801206080631 0.04312690829374399 0.045329845977883365
0.0 0.7182174724748995 0.6250814255004539 0.035638873365142376 0.037921116805910815
0.0 0.6614307269454335 0.6432538859491419 0.04197398689044163 0.04244100967947928
0.0 0.7792993347579698 0.6642101823296702 0.05413588159869287 0.05707019459396656
0.0 0.819680262115407 0.6208608150187402 0.04237375678524402 0.0428495913250182
0.0 0.8464198459807554 0.6006570915876197 0.041925746545532716 0.04364403793916127
0.0 0.8552859559360703 0.6224475485262622 0.06772250183056028 0.0695817812359737
0.0 0.8198122175630933 0.6738075743823071 0.08811076646547955 0.09041944515845757
0.0 0.7103092752073012 0.5581537726286541 0.03174691542595742 0.03372955934168298
0.0 0.9663126345961115 0.5820226382522631 0.028329865994645043 0.028832135786628577
0.0 0.9199801345846692 0.6171369378121971 0.09759950293189712 0.10033114566022994
0.0 0.934397380997363 0.6627552730156823 0.07337863308552683 0.07685927462646702
