0.0 0.11393715772656592 0.6020465355309732 0.05398669140703985 0.04259477132869538
0.0 0.14515551653469802 0.5430018918026231 0.029843725128892162 0.021016219959958504
0.0 0.15168432279408456 0.5751715732980901 0.04083534256847643 0.038862715715083374
0.0 0.19127950132595647 0.5500583354771016 0.04486108456406185 0.035885632381123744
0.0 0.1893493191260489 0.5308476588305959 0.06644709475070598 0.036216588222458435
0.0 0.25756323173831325 0.568587276244508 0.0687194359871709 0.07305921506463542
0.0 0.23466251098476082 0.5869129512511857 0.025676270642795096 0.02434474751675486
0.0 0.28593892928210435 0.5274255472640661 0.037234143107417905 0.048231537815083825
0.0 0.32190539258578676 0.519456369185705 0.04727692310206144 0.0500386006968116
0.0 0.3692031855486331 0.4719723570402241 0.030243329569447364 0.02659396989067031
0.0 0.4103699107971312 0.4902356995471678 0.04271718531172031 0.060470826992257254
0.0 0.43940320469634647 0.5011409884873547 0.03000067482903357 0.03858160164129293
0.0 0.4798622261718613 0.4755812612986793 0.03277653744099451 0.03213543371364175
0.0 0.4342128246851917 0.42837932048246435 0.04270194810209049 0.042554001088085935
0.0 0.6558568847513175 0.3610620303781261 0.06303629409408718 0.061754086639381534
0.0 0.6343604647842914 0.397635238437653 0.02961809240913138 0.028582463311100037
0.0 0.876834903690581 0.25003485877688925 0.047984890617611464 0.05572745101717891
0.0 0.8571153669427019 0.2071691157569442 0.019809456144574966 0.01699846287849005
0.0 0.8908419975586132 0.2797089571232372 0.0351522006753926 0.027557587289829544
