0.0 0.6152867422942466 0.046089195080335876 0.10885396303616424 0.0874256097848709
0.0 0.5773229356062539 0.0835358564819014 0.032147310706408305 0.04014072444112898
0.0 0.6331220305575695 0.10031709498491317 0.03781414462849064 0.04089142127753814
0.0 0.6119898142056346 0.07581092318804547 0.03501687415587018 0.026010210792804578
0.0 0.7070425499739378 0.30810132397261936 0.03011759990198537 0.024976296232235295
0.0 0.5980796299040732 0.3818527782386004 0.12534197095334287 0.0969709813596864
0.0 0.5934860929068021 0.4178822406920358 0.056165645899197925 0.04179251228230585
0.0 0.63943511857594 0.4387448419476889 0.050624148560110216 0.04127973532092977
0.0 0.6548048878157514 0.5430410119284428 0.02480346547354384 0.027505464482463382
0.0 0.6151414330564569 0.6256403260951373 0.06148079554880326 0.0531871597019804
0.0 0.5593001102475939 0.5881684191020656 0.028860856640062216 0.02998668956044548
0.0 0.6247977478634993 0.7138569009097138 0.07710361012327227 0.06674594725574678
0.0 0.6343817696937004 0.7506682820961696 0.03212298522990131 0.028783014232764526
0.0 0.5082576942073818 0.9866026939891496 0.03720739453688504 0.02679461202170086
0.0 0.4389509664222791 0.9727867500313944 0.03550268031762016 0.02867262726729547
