0.0 0.927436748991644 0.5470583621753118 0.02917928853599383 0.052497065422872136
0.0 0.8980134516701441 0.4589874630138814 0.024116406164238047 0.03239943735689055
0.0 0.8950718604097545 0.4251474191472012 0.016049758692982974 0.02245344667385707
0.0 0.8478331176597514 0.4575147424984683 0.04387340253869976 0.06315407178546184
0.0 0.8495393218382667 0.5002504771423935 0.020833237578209096 0.02062442166578926
0.0 0.8837903977365806 0.5743423219471228 0.01496712964142477 0.02325016083407716
0.0 0.8693764099968295 0.5409692590358783 0.01681436063435393 0.01806725610887261
0.0 0.7769581173918706 0.5207099179868733 0.024906658342448873 0.04056785177393474
0.0 0.7107609274132596 0.5865154910536763 0.02110300987022351 0.04094052155010508
0.0 0.7007550643555075 0.5014124354566507 0.07297554267297568 0.12754610111868536
0.0 0.6446814356615856 0.4919986724133451 0.03986415678935873 0.06220745941827832
0.0 0.6632507811572342 0.4895780467940667 0.031951806121538695 0.028471540914541738
0.0 0.6122156169369091 0.5225428872319491 0.03032619144804971 0.045917779575395445
0.0 0.6352021692870649 0.5545667180121265 0.0291857752294028 0.03705117459721541
0.0 0.43248276511800476 0.5096673373087778 0.04333051576236746 0.055024206857876845
0.0 0.34747780455068583 0.5516599685495092 0.0466199733506083 0.10091211057975835
0.0 0.32297198827536183 0.5945052381628633 0.04134186250722305 0.07788464718068944
