0.0 0.0430453431372549 0.494281045751634 0.03952205882352941 0.0841503267973856
0.0 0.005208333333333333 0.5747549019607843 0.009191176470588236 0.04656862745098034
0.0 0.24877450980392157 0.4891748366013071 0.030637254901960786 0.06004901960784309
0.0 0.38817401960784315 0.5024509803921569 0.028799019607843146 0.06045751633986929
0.0 0.3799019607843137 0.43852124183006536 0.015931372549019607 0.03880718954248369
0.0 0.4494485294117647 0.4791666666666667 0.017769607843137247 0.02450980392156865
0.0 0.4794730392156863 0.562295751633987 0.028799019607843146 0.030637254901960786
0.0 0.6213235294117647 0.6503267973856209 0.03860294117647056 0.056372549019607865
0.0 0.6237745098039216 0.6125408496732028 0.02757352941176472 0.02246732026143794
0.0 0.6579350490196079 0.5780228758169934 0.021752450980392135 0.04003267973856206
0.0 0.6698835784313726 0.6256127450980392 0.030943627450980338 0.05433006535947715
0.0 0.6968443627450981 0.5684232026143791 0.026654411764705843 0.052696078431372584
0.0 0.7149203431372549 0.5819035947712419 0.013174019607843146 0.032271241830065356
0.0 0.8371629901960784 0.6004901960784313 0.023590686274509776 0.05228758169934644
