0.0 0.33468088685725117 0.4395437920343025 0.030687275540663306 0.08958989378031806
0.0 0.3674803279849245 0.4572267041726443 0.036312368658297456 0.08204370698602942
0.0 0.34712796186362715 0.5275476149341974 0.01933308652922522 0.023014500169203478
0.0 0.37528704880678104 0.5641289286675752 0.030454624438602473 0.043298667582527206
0.0 0.6208147778246973 0.6098627189608579 0.03439358017106142 0.08830583769874545
0.0 0.5477055371431843 0.6155823734445027 0.017647758365924804 0.051762191429724824
0.0 0.567476668214447 0.6206683866349472 0.017289892178030786 0.041178176241890685
0.0 0.5902872461230046 0.5840539297897329 0.025183964268804426 0.0610981995565939
0.0 0.7564174250471072 0.4956841722948361 0.027836460553992914 0.05385178360984039
0.0 0.7111798847183202 0.5819719763734317 0.029286709949607914 0.05022986310148536
0.0 0.7487060138191765 0.6249047953872727 0.018375408905636048 0.02631090052958962
0.0 0.837237758616073 0.6234895403496921 0.014424535009254003 0.02792305168917475
0.0 0.878209977148524 0.5683323532341599 0.010563734576251482 0.014326957408229424
0.0 0.9722320586867643 0.5099749086298255 0.05553588262647147 0.16524014862141756
0.0 0.8381402098698978 0.4715209223475447 0.0212399568525381 0.06337169073229121
0.0 0.9049743594063049 0.4944724592068906 0.015010613484717439 0.01271995610873089
