0.0 0.6412037037037037 0.1097470238095238 0.09060846560846558 0.04340277777777776
0.0 0.656084656084656 0.1566220238095238 0.015873015873015817 0.03348214285714285
0.0 0.603339947089947 0.1463293650793651 0.023478835978835932 0.03025793650793651
0.0 0.6311177248677249 0.13541666666666663 0.030753968253968256 0.010912698412698402
0.0 0.6321097883597884 0.009176587301587302 0.018849206349206393 0.018353174603174604
0.0 0.4537037037037037 0.28410218253968256 0.024470899470899532 0.013144841269841279
0.0 0.5109126984126984 0.39112103174603174 0.1071428571428572 0.04464285714285715
0.0 0.4991732804232804 0.4224950396825397 0.049272486772486856 0.017609126984126977
0.0 0.4527116402116403 0.41976686507936506 0.04166666666666663 0.021081349206349187
0.0 0.39533730158730157 0.4982638888888889 0.014880952380952439 0.02083333333333337
0.0 0.3921957671957672 0.5827132936507935 0.04828042328042326 0.030009920634920584
0.0 0.45386904761904756 0.576140873015873 0.018849206349206282 0.021329365079365115
0.0 0.3463955026455027 0.6505456349206349 0.06051587301587302 0.037698412698412676
0.0 0.3227513227513228 0.6764632936507935 0.024470899470899532 0.017113095238095233
0.0 0.3204365079365079 0.9304315476190477 0.01984126984126977 0.035962301587301626
0.0 0.38673941798941797 0.9417162698412698 0.029431216931216864 0.014384920634920584
