0.0 0.9514680892795537 0.4830761323612202 0.01020201346414984 0.02392538401617106
0.0 0.9253785030872885 0.45825120201075303 0.026308977681593904 0.043953311248478344
0.0 0.926670162750453 0.5882053371568664 0.017059781034993837 0.016733034117088375
0.0 0.8292793199481958 0.3861372870883142 0.012182083497414342 0.02361822562409871
0.0 0.8173276052448357 0.3613102071535115 0.0161147996277774 0.020689256478451046
0.0 0.8473696417318717 0.520853057756447 0.017807694142072172 0.017072513576785187
0.0 0.8197111602589637 0.49968453707245736 0.042435530424871026 0.065634561596145
0.0 0.8202837367341898 0.5375441672747471 0.020283761109944454 0.016771231742462867
0.0 0.880970883678061 0.5307069934235575 0.018737004728622164 0.011793632723135272
0.0 0.8553190817125144 0.5951688569996784 0.016614714267551678 0.021025797659272705
0.0 0.8732993778230811 0.5531208804049058 0.017417475246962133 0.02599458184197534
0.0 0.9132083183439488 0.5719946362346189 0.00928172132974181 0.009036661141312852
0.0 0.6736308602749603 0.4901711170059162 0.011153647239890652 0.041459423875604084
0.0 0.6768734301238046 0.5440385986384415 0.029526305388020258 0.022501246653057083
0.0 0.5718625258520479 0.5676057600782035 0.02322056566592523 0.013499844858243515
0.0 0.5446187296058935 0.5919050942060311 0.03032278257864629 0.06879723216199152
0.0 0.5251710686205705 0.47870162285025597 0.019815188111502735 0.01908000754621597
0.0 0.24033244563435335 0.5961716916317259 0.033700736196902725 0.060902417112516205
0.0 0.2886310150974952 0.6323083769698382 0.008313233691525757 0.011008895764244242
0.0 0.3065084521217917 0.6339154763177378 0.0077819774104186945 0.008027037598847597
0.0 0.5322271558693468 0.7916360218229539 0.011005957485369255 0.008065235224221756
0.0 0.5253889768243357 0.8006462384543922 0.0035268264145866812 0.004670440627255079
0.0 0.5453475684054535 0.7894963053041508 0.004534491104468463 0.006004852235042213
