0.0 0.038449754901960786 0.4156454248366013 0.02787990196078432 0.05596405228758172
0.0 0.1410845588235294 0.43300653594771243 0.03523284313725489 0.07189542483660127
0.0 0.22319240196078433 0.4987745098039216 0.03829656862745098 0.09395424836601318
0.0 0.28645833333333337 0.4611928104575163 0.041666666666666685 0.10049019607843135
0.0 0.3772977941176471 0.5157271241830066 0.04136029411764708 0.0518790849673203
0.0 0.4018075980392156 0.5575980392156863 0.038296568627450955 0.05555555555555558
0.0 0.467218137254902 0.5471813725490196 0.009191176470588258 0.011846405228758239
0.0 0.5471813725490197 0.5702614379084967 0.02757352941176472 0.03267973856209139
0.0 0.6263786764705882 0.5310457516339869 0.046875 0.11601307189542487
0.0 0.6712622549019608 0.5565767973856209 0.04350490196078427 0.08946078431372562
0.0 0.7303921568627451 0.6405228758169934 0.013480392156862697 0.022875816993464082
0.0 0.7279411764705882 0.6041666666666667 0.021446078431372584 0.049836601307189476
0.0 0.7449448529411765 0.5755718954248366 0.020526960784313708 0.037581699346405206
0.0 0.8097426470588236 0.6209150326797386 0.05698529411764708 0.09722222222222232
0.0 0.8527879901960784 0.6296977124183006 0.034007352941176516 0.09844771241830075
0.0 0.8777573529411765 0.7040441176470589 0.03125 0.04697712418300648
