0.0 0.15833523809225497 0.1736435773490226 0.05806539914359707 0.06983097626981088
0.0 0.23474287384332967 0.24497408058528627 0.07402753285523139 0.08938695899454324
0.0 0.26716766935731684 0.34551540077261994 0.08920971772087519 0.11252695238918986
0.0 0.3409787592552107 0.34902122317642875 0.09610195581347497 0.12074549190328998
0.0 0.3869358793641044 0.444978884570676 0.06891075176258987 0.07331749519531716
0.0 0.3843117097931982 0.4936281982639078 0.06796622614476472 0.07519670808778328
0.0 0.44489143352663674 0.521085964872398 0.015489273962647265 0.01660165580003481
0.0 0.49913538967201754 0.584666499368938 0.04488585974929543 0.047025055590425024
0.0 0.5872016373548096 0.5956167590955399 0.10975316107661448 0.13871787276551206
0.0 0.6106913558838346 0.6418440356728258 0.09178718801348906 0.11103995058365723
0.0 0.6138028833090697 0.7449071981592836 0.025760995640516926 0.02969711598819602
0.0 0.6318623743259338 0.7130831544996619 0.04842067870329081 0.06031460757997209
0.0 0.6619318122086998 0.6985265239906736 0.04074729788455156 0.047892211993924905
0.0 0.6911497673377633 0.7723744266821618 0.10918638377830325 0.1260432470064059
0.0 0.7223647434051295 0.8035488723112417 0.08752579050994402 0.11452244202500172
0.0 0.702159134006599 0.8796682956602955 0.05636984276925827 0.0629585659599381
