0.0 0.9460565476190477 0.4489087301587302 0.053323412698412676 0.04728835978835977
0.0 0.9439484126984128 0.5107473544973545 0.0580357142857143 0.09226190476190482
0.0 0.7428075396825398 0.4323743386243386 0.04265873015873012 0.05720899470899471
0.0 0.7104414682539683 0.4088955026455027 0.042906746031746046 0.07837301587301587
0.0 0.6824156746031745 0.35978835978835977 0.04191468253968256 0.05357142857142855
0.0 0.6796875 0.4041005291005292 0.01661706349206349 0.024470899470899476
0.0 0.6598462301587302 0.4624669312169312 0.017609126984126977 0.026124338624338606
0.0 0.5732886904761905 0.384755291005291 0.027529761904761862 0.0625
0.0 0.5572916666666667 0.40757275132275134 0.030753968253968256 0.03736772486772488
0.0 0.5362103174603174 0.3559854497354497 0.026289682539682557 0.043320105820105814
0.0 0.511656746031746 0.3855820105820106 0.032738095238095344 0.03439153439153442
0.0 0.5832093253968254 0.4457671957671957 0.019593253968253954 0.015873015873015872
0.0 0.5267857142857142 0.5041335978835979 0.015376984126984072 0.020833333333333315
0.0 0.44345238095238093 0.3877314814814815 0.008928571428571397 0.012896825396825407
0.0 0.4280753968253969 0.39616402116402116 0.012400793650793607 0.03439153439153442
0.0 0.41865079365079355 0.3619378306878307 0.02083333333333337 0.020833333333333315
0.0 0.4072420634920635 0.3812830687830688 0.02430555555555558 0.05886243386243384
0.0 0.37772817460317465 0.37830687830687837 0.042162698412698374 0.09656084656084657
0.0 0.33593749999999994 0.40476190476190477 0.04439484126984128 0.046957671957671976
0.0 0.3036954365079365 0.3458994708994709 0.07018849206349209 0.06349206349206349
0.0 0.2905505952380952 0.38310185185185186 0.014136904761904767 0.02215608465608465
0.0 0.20064484126984133 0.36904761904761907 0.013392857142857095 0.0224867724867725
0.0 0.11408730158730168 0.4346891534391534 0.03670634920634919 0.0763888888888889
0.0 0.6063988095238095 0.2971230158730158 0.013392857142857206 0.018849206349206338
0.0 0.8687996031746031 0.3804563492063492 0.008928571428571397 0.01157407407407407
