0.0 0.11078804326252795 0.584144058122235 0.023388312841408188 0.02856622289084354
0.0 0.11567587616520436 0.41932792701276345 0.07271828989372298 0.1047078437607829
0.0 0.1656608556298277 0.4644976141198836 0.08892316758216762 0.1265162131465617
0.0 0.0331494916925745 0.5650439212744216 0.027878827905661818 0.04043348651867651
0.0 0.049635312265692455 0.537805184713174 0.057922434824238644 0.050261965162060274
0.0 0.49372119422724203 0.4504610696790218 0.023835906139044072 0.028304513441981483
0.0 0.49527631476094186 0.5216549300540888 0.04810093555953976 0.07597653349691141
0.0 0.5265523662879522 0.566334719436665 0.05801395379779267 0.08149187470687658
0.0 0.5274453318832903 0.6279414485810919 0.0478402681373008 0.10458448785714092
0.0 0.5658967609572749 0.4978217659282898 0.06069937506571321 0.10148428298934842
0.0 0.5922456060588435 0.5486687397950039 0.0484606207761219 0.05349667027625771
0.0 0.584209686976463 0.4618293375209058 0.02536561190734854 0.0558656300067627
0.0 0.6247884009594167 0.42951927678430246 0.014774051196588922 0.021938008936218722
0.0 0.6337583213746343 0.46835334243401583 0.04892279616165285 0.06771931894384986
0.0 0.6502951099964378 0.5048363800413603 0.02450722682655071 0.03869328175651071
0.0 0.7202534012544092 0.47141608468492135 0.013490015208944994 0.015972574821688124
0.0 0.7350367567180374 0.4687630386751371 0.014579626500402787 0.018693582430091116
0.0 0.2528982226724398 0.5708945371903082 0.02589041912643214 0.02922414203497281
