0.0 0.8287715706945689 0.3206030345794584 0.058525522503936944 0.06424732810900113
0.0 0.8457529228637657 0.35680797983679 0.02167176489073963 0.022625399158250514
0.0 0.8549154138469509 0.3823000825093388 0.07935650555011953 0.09007452546975031
0.0 0.8905124521872938 0.4359169361436673 0.050659431630759144 0.0543495816224312
0.0 0.7450026859789913 0.4401252539326589 0.018822753048086227 0.019403226080484115
0.0 0.6631300920635975 0.4480173643927524 0.07185720735954049 0.08070942110360696
0.0 0.6862942791265568 0.48977995810762026 0.027340707017158072 0.03101012582910123
0.0 0.6319996095775325 0.4639581271541175 0.022042164922170704 0.02484087418551717
0.0 0.4971823444628023 0.45825129632124095 0.049972964568612055 0.05975808140046085
0.0 0.513862682373529 0.5906574206509535 0.03671578728464758 0.039286453570980706
0.0 0.09806371670841135 0.7723571673292382 0.03655786515340531 0.03539691908860976
0.0 0.052623866107018163 0.7508418993518977 0.027789221969059696 0.03089889892833364
0.0 0.04953532124793504 0.7192040374191757 0.045751241369895695 0.05194986410871527
0.0 0.06602464751101228 0.743576801154559 0.054205732582056854 0.05721175364268838
