0.0 0.89118386016525 0.39486301004517277 0.02613683874122208 0.07055863731516049
0.0 0.977799586006113 0.4060514817955202 0.023242186561637124 0.026167078648809905
0.0 0.9763411022965727 0.3523105520277643 0.010439904480273765 0.03182817786772568
0.0 0.9338440747251513 0.37659326661788145 0.015673775113773436 0.058633127644125316
0.0 0.9166767124898803 0.39360702419596516 0.018358807485240214 0.022654742738275446
0.0 0.6898111793741246 0.4424498949610275 0.01836900667202035 0.02303055343595195
0.0 0.6717764643087136 0.4690774228902048 0.022139830481717637 0.06857249236558732
0.0 0.6518794964856288 0.4530695601082989 0.016026069011523036 0.030102112181042695
0.0 0.6515688432426783 0.40004965417555627 0.019041194566532638 0.016664719745704548
0.0 0.5860378112682865 0.43304337344773325 0.018950360318480297 0.04445176320351901
0.0 0.5891869639008875 0.4711307888362721 0.014500868634073183 0.015414897411314632
0.0 0.5287056807188271 0.45114716911292974 0.02179677733778007 0.06630997878944273
0.0 0.42419574687034217 0.5081400802503229 0.027237392480494615 0.07997685292733081
0.0 0.3503479863439195 0.4789289843751794 0.02631202725712911 0.025123789846715094
0.0 0.3466370345307391 0.5032873399216384 0.011845475389978488 0.021351374673290402
0.0 0.300385919579242 0.5295523747662864 0.03203078121651842 0.028283263229828215
0.0 0.3682737503448491 0.44309026965788245 0.013224167945925958 0.020262189530685648
0.0 0.2594048516314585 0.5993005343851887 0.024454931355489512 0.03971921193542305
0.0 0.3194058718645355 0.6275711129326291 0.01651191077038061 0.03762597552465996
0.0 0.24828904005008956 0.5638738961489704 0.010660567382851371 0.029580963071750954
0.0 0.1645475107526072 0.5390682712962871 0.013862997506483371 0.033423213339452196
0.0 0.09908829503951497 0.5331349857985946 0.023957088069205046 0.08364316722307691
