0.0 0.06051587301587301 0.482473544973545 0.038690476190476185 0.05555555555555558
0.0 0.10317460317460317 0.5153769841269842 0.013888888888888895 0.016865079365079416
0.0 0.4202628968253968 0.509755291005291 0.015128968253968256 0.0625
0.0 0.4048859126984127 0.4877645502645503 0.04092261904761907 0.03703703703703709
0.0 0.41021825396825395 0.44626322751322745 0.029761904761904767 0.038029100529100524
0.0 0.45126488095238093 0.4783399470899471 0.03893849206349209 0.06117724867724866
0.0 0.4636656746031746 0.4148478835978836 0.02157738095238093 0.04133597883597884
0.0 0.4598214285714285 0.4444444444444444 0.016369047619047616 0.01785714285714285
0.0 0.44370039682539686 0.5171957671957672 0.008928571428571452 0.01388888888888884
0.0 0.5262896825396826 0.3844246031746032 0.02876984126984128 0.03670634920634919
0.0 0.609002976190476 0.4158399470899471 0.02604166666666663 0.03472222222222221
0.0 0.5889136904761905 0.476521164021164 0.015128968253968256 0.012566137566137559
0.0 0.5744047619047619 0.5011574074074074 0.012400793650793607 0.02480158730158727
0.0 0.5407986111111112 0.5229828042328042 0.015128968253968256 0.013558201058201047
0.0 0.6876240079365079 0.43783068783068785 0.03298611111111116 0.07605820105820105
0.0 0.7513640873015873 0.4740410052910053 0.01661706349206349 0.03472222222222221
0.0 0.7733134920634921 0.5877976190476191 0.019345238095238138 0.10085978835978837
0.0 0.759796626984127 0.5509259259259258 0.03298611111111116 0.031746031746031744
0.0 0.7864583333333334 0.5732473544973545 0.012896825396825351 0.014880952380952328
0.0 0.7839781746031746 0.4914021164021164 0.022321428571428603 0.04034391534391535
0.0 0.8621031746031746 0.5851521164021164 0.010912698412698374 0.04133597883597884
0.0 0.8506944444444444 0.5876322751322751 0.014880952380952328 0.01719576719576721
0.0 0.8375496031746033 0.6421957671957672 0.015873015873015928 0.01851851851851849
0.0 0.9507688492063492 0.453042328042328 0.020585317460317443 0.04563492063492064
0.0 0.9779265873015873 0.45486111111111105 0.03224206349206349 0.03339947089947087
1.0 0.8871502976190475 0.3714550264550265 0.042480158730158646 0.04638227513227505
