0.0 0.12227182539682538 0.48065476190476186 0.02827380952380952 0.034060846560846514
0.0 0.15438988095238096 0.5439814814814814 0.03596230158730157 0.08664021164021163
0.0 0.19035218253968253 0.550595238095238 0.03447420634920634 0.06944444444444442
0.0 0.39893353174603174 0.578207671957672 0.02901785714285715 0.0717592592592593
0.0 0.46924603174603174 0.617228835978836 0.017361111111111105 0.044642857142857095
0.0 0.472842261904762 0.5709325396825397 0.029513888888888895 0.043320105820105814
0.0 0.36321924603174605 0.6195436507936508 0.042906746031746046 0.0896164021164021
0.0 0.3291170634920635 0.5914351851851851 0.02132936507936506 0.04067460317460325
0.0 0.365203373015873 0.5291005291005292 0.05034722222222221 0.09391534391534395
0.0 0.6216517857142857 0.5252976190476191 0.012648809523809534 0.03472222222222232
0.0 0.6357886904761905 0.5085978835978836 0.014136904761904767 0.031084656084656048
0.0 0.6759672619047619 0.4783399470899471 0.012648809523809534 0.027447089947089998
0.0 0.7559523809523809 0.5239748677248677 0.019345238095238138 0.02876984126984128
0.0 0.6613343253968254 0.5479497354497356 0.015128968253968256 0.023809523809523836
0.0 0.6879960317460319 0.55869708994709 0.017857142857142905 0.013558201058201047
