0.0 0.0954861111111111 0.46345899470899465 0.006448412698412703 0.008267195767195756
0.0 0.12748015873015872 0.48330026455026454 0.016369047619047616 0.031415343915343896
0.0 0.10788690476190477 0.5127314814814816 0.010912698412698416 0.02083333333333337
0.0 0.22321428571428573 0.5469576719576719 0.01686507936507936 0.01851851851851849
0.0 0.24652777777777776 0.5238095238095238 0.02380952380952378 0.0489417989417989
0.0 0.2465277777777778 0.43353174603174605 0.024801587301587324 0.02380952380952378
0.0 0.25210813492063494 0.45634920634920634 0.021081349206349187 0.021164021164021163
0.0 0.13132440476190477 0.26355820105820105 0.013640873015873023 0.021825396825396803
0.0 0.34337797619047616 0.5319113756613757 0.01810515873015872 0.058531746031746046
0.0 0.3695436507936508 0.46759259259259256 0.03025793650793651 0.037037037037037035
0.0 0.3709077380952381 0.5219907407407407 0.050843253968253954 0.0896164021164021
0.0 0.4242311507936508 0.5183531746031746 0.0424107142857143 0.06448412698412698
0.0 0.4383680555555556 0.5309193121693123 0.017609126984126977 0.047949735449735464
0.0 0.45808531746031744 0.5239748677248677 0.02529761904761907 0.08300264550264552
0.0 0.4992559523809524 0.45833333333333337 0.03273809523809523 0.06878306878306878
0.0 0.5337301587301588 0.41600529100529093 0.017857142857142905 0.021825396825396803
0.0 0.48127480158730157 0.40575396825396826 0.015128968253968256 0.03306878306878308
0.0 0.665674603174603 0.46924603174603174 0.01041666666666663 0.013888888888888895
0.0 0.7302827380952381 0.4623015873015873 0.05233134920634919 0.07671957671957674
0.0 0.7529761904761905 0.4021164021164021 0.02430555555555558 0.041666666666666685
0.0 0.805059523809524 0.4699074074074074 0.029761904761904767 0.03968253968253965
0.0 0.7922867063492063 0.3921957671957672 0.021081349206349187 0.04894179894179895
0.0 0.8029513888888888 0.5216600529100529 0.021081349206349187 0.020171957671957674
0.0 0.7979910714285714 0.5537367724867723 0.006200396825396859 0.01951058201058198
0.0 0.8311011904761905 0.5479497354497354 0.03224206349206349 0.06878306878306872
0.0 0.8441220238095238 0.33664021164021163 0.015625 0.015873015873015872
0.0 0.80109126984127 0.4158399470899471 0.022817460317460347 0.015542328042328024
