0.0 0.8044405715198992 0.275277780968594 0.0374400147097016 0.0388259329691204
0.0 0.6670516414301929 0.16176525908927308 0.12594397044886763 0.1345062873666456
0.0 0.6681196237477417 0.234573229908406 0.1530945679394009 0.16315671420641287
0.0 0.8442647048212633 0.19858547881596522 0.04845887362910206 0.05181925077865146
0.0 0.8103832405877992 0.19256315952797007 0.08042910240059897 0.07837870278392495
0.0 0.4228688518065187 0.49110024755954024 0.03767137344020466 0.038867439883264576
0.0 0.4796017610291402 0.5431118552974549 0.08733832070947062 0.09479949709236796
0.0 0.49360775663057443 0.6003705576416256 0.09925078559303097 0.10553488071450445
0.0 0.5430235996457892 0.6450103335637232 0.10428084165090051 0.11946898695959773
0.0 0.4098991043219878 0.5834987397451324 0.11357939775691839 0.12449587719754462
0.0 0.4324278201033481 0.641150405303806 0.0741594290963522 0.0755073769924991
0.0 0.3676033157853332 0.5727210765431663 0.05553932930364591 0.06370295740707088
0.0 0.3124278468222923 0.5826580962912051 0.025986730736274777 0.02790423408149778
0.0 0.33758466230216355 0.6176272632483133 0.08309605944122722 0.08812713257473315
0.0 0.3554375982577116 0.6570682780598563 0.04448864142639419 0.04828567775356851
0.0 0.2784178753431527 0.6900833306917167 0.02129236165964299 0.021956843016898486
0.0 0.26572459103028323 0.7002029275000893 0.023870904928461445 0.024972045463342196
0.0 0.6923775380130817 0.38129066617189 0.04000618005046741 0.04089848358735321
