0.0 0.3880226328927104 0.4608480283892481 0.05160499368209204 0.04977283583482317
0.0 0.3831250613046214 0.5222734999248501 0.09869444458137067 0.09875726142184843
0.0 0.44163434696181914 0.5481321989696643 0.02562484273823301 0.02343672279492348
0.0 0.513966864211163 0.7118244256311244 0.048047844044995625 0.048749298763664406
0.0 0.15111558282752485 0.2988485448867133 0.07413567069836324 0.07558045802935232
0.0 0.15323663564266085 0.20056011994753398 0.031055592992282166 0.0305425887950469
0.0 0.13052645103109295 0.2089695808303818 0.025348419792461274 0.025400767159526105
0.0 0.09189739001321126 0.27356759369573247 0.07572223224885816 0.0747171628012136
0.0 0.11179699340141583 0.24083823000225524 0.02152211694118039 0.02103005169077099
0.0 0.2134028578991132 0.3699546120173157 0.06735174040345698 0.06548817413594932
0.0 0.5754185166570747 0.41496806131305214 0.031403775704668235 0.030314950469719992
0.0 0.542163274066497 0.6386287549830633 0.025998108915306073 0.025715433133156163
0.0 0.61043567423988 0.6353104415632207 0.10309504192308827 0.10436184820605687
0.0 0.6207716264094738 0.7169101580594891 0.08771443588555672 0.08779819167286029
0.0 0.722001794284225 0.641379359716369 0.04172333491860414 0.04048793705587417
0.0 0.7274775837052392 0.689394159410626 0.07362244773468118 0.07139244989771965
0.0 0.6819946500587335 0.7911449990741178 0.07234815295367836 0.07326946661401945
0.0 0.6542791099708077 0.8265268116709185 0.04493586458993426 0.04330262673751162
0.0 0.7389909513649475 0.800981764113451 0.04791145000500663 0.04840351525541586
0.0 0.7219985200142998 0.7483196072382204 0.052886413956334644 0.05102284768882703
0.0 0.83176999682072 0.7756773329420847 0.11975721247321014 0.11373726526075556
0.0 0.8292559384837538 0.8858719880289183 0.10064343983073143 0.10392038500898959
0.0 0.3115931666812858 0.4209389282015898 0.04413902106806683 0.04217076006642939
0.0 0.7356539924325822 0.5971990425258913 0.022667143175433946 0.02193428003652631
1.0 0.5085910059318643 0.5426557614759479 0.05545204931340175 0.05381420489267774
