0.0 0.9341140639540045 0.17196817112262439 0.023684901264915403 0.023931673501770334
0.0 0.8671549808282195 0.11914122766443744 0.06748491919659538 0.06128271031030569
0.0 0.8549735105495231 0.1642809227813724 0.04953539525465689 0.04629445321062742
0.0 0.7974273026788534 0.1461632962086791 0.03914816165125479 0.041286854370665094
0.0 0.6549826464092027 0.3409818754191378 0.022074479534443192 0.024706716727563527
0.0 0.6236233354379299 0.3543223820247835 0.042524402185197596 0.043758263369472805
0.0 0.6349234932405567 0.32748475955799267 0.034893950057963585 0.03277170882101044
0.0 0.9515440947216033 0.19130484385243082 0.028369966194161655 0.028435772123989567
0.0 0.4762619231836174 0.5054140434346468 0.06989420889583298 0.07056871967657002
0.0 0.441892257076991 0.5441203906832466 0.061814894554150124 0.06540131772977653
0.0 0.4381753999711432 0.5730674697699767 0.043733985377203854 0.04398075761405884
0.0 0.40375538858273036 0.5581074829767319 0.036931351399113965 0.03622393765346288
0.0 0.3675012490367588 0.6137919380042888 0.07058676808469266 0.07560447023407835
0.0 0.35375631608646274 0.635428230471891 0.024759225496636894 0.025960183715998064
0.0 0.29599627847348137 0.6466493840080081 0.05380161276694373 0.05360419497745972
0.0 0.26447062912732444 0.6642840332188379 0.030054552672828833 0.028063923295531534
0.0 0.2094836373779488 0.6955271047075499 0.04969079232765583 0.05031594866102185
0.0 0.24937998177920984 0.7258957534134691 0.03511044134305161 0.03458399390442768
0.0 0.11700165110441316 0.7396296765557486 0.04292524072366355 0.04276072589909352
0.0 0.14623758243892698 0.7674950779150562 0.041788757662742315 0.03912361750470794
0.0 0.32784545256476993 0.7036352506407241 0.03498612368465248 0.03136679754411209
1.0 0.6846530096741685 0.4816982985914681 0.05402304239441924 0.05099596962233088
