0.0 0.9947872360254949 0.5464751646539452 0.010425527949010194 0.05179779521068861
0.0 0.9808020964797294 0.5498450661230381 0.03839580704054124 0.04342623010620694
0.0 0.9603640070492521 0.5180759924524332 0.03815571185178279 0.037673804944921896
0.0 0.8705182361733048 0.48361552644982075 0.023003866861863398 0.0348708244433138
0.0 0.8521807431678083 0.5459565031309048 0.04046940293325674 0.03408413641734953
0.0 0.8161160223189647 0.5630743928913269 0.026908388664519944 0.02841434774846041
0.0 0.7319466858893928 0.5249709621800143 0.029961059290300796 0.03484036672226787
0.0 0.6690395655416457 0.5706446195274941 0.04457813218715978 0.08192591746888134
0.0 0.6483485336139613 0.5349302231427154 0.04862372952635474 0.08362221863712938
0.0 0.6166214335170365 0.5260390449309365 0.044727276651820747 0.07093096471238369
0.0 0.58002695090384 0.5440274008804884 0.042809953097346476 0.06473671735951858
0.0 0.5489854723986545 0.5955551913826185 0.05409354911670161 0.08589940496952253
0.0 0.5103995514046806 0.46445460760401636 0.025290680188491454 0.046072915546868876
0.0 0.4903444279018794 0.49936778383900077 0.04708396467215631 0.06328808441535505
0.0 0.47150926730698023 0.48392853478555403 0.05292596367736435 0.06419053762523841
0.0 0.4488020249706991 0.4779223533321607 0.03624240408913931 0.07093970138312611
0.0 0.4707613287257466 0.43386954958700646 0.02356415321618588 0.02802179210464939
0.0 0.4262304155818792 0.4290949155977963 0.014318802639766703 0.020041447158740122
0.0 0.40252787247070865 0.4405352007056806 0.04177537426642469 0.0703283584979345
0.0 0.3881269848705666 0.5132642520273683 0.06418537158458115 0.09376240799317048
0.0 0.3573556689230649 0.4640589670895472 0.028718219871841033 0.04474162452496677
0.0 0.31939927134122786 0.4887932353980853 0.01471248052405838 0.016640108151502186
0.0 0.2696198519003774 0.4742834432790426 0.047273416432971394 0.05462249676260056
0.0 0.20335921200035742 0.5478772525826012 0.015515955476657461 0.02057597799869737
0.0 0.1711795779290758 0.5608981725436477 0.046808519033618406 0.08006009560702232
1.0 0.2972942741510006 0.42771582166904887 0.04453039399982539 0.0462809208389976
