0.0 0.10393266544536481 0.15964261023599624 0.09316601689938658 0.11181259429187784
0.0 0.162410759513345 0.2642474680387745 0.061383650982641536 0.060045585877441465
0.0 0.19926824967663503 0.16278208518187595 0.11549930873488234 0.11292049235031482
0.0 0.4120851727086884 0.5421434069708595 0.051793529638149816 0.046100670826934476
0.0 0.4578679478283212 0.6138792087004565 0.15933284441024004 0.15672969956921445
0.0 0.49033753047347917 0.49604469277003416 0.0408421512729335 0.042180216378133684
0.0 0.7159879459883017 0.7889826467423923 0.09883622674589021 0.10705924502875663
0.0 0.7119376537368609 0.7074678691743489 0.11175142656315595 0.11912294886998587
0.0 0.5342308977677312 0.522142582185039 0.029564878100363234 0.027034718628712096
0.0 0.6320025565560158 0.5954065691408712 0.04254644310217226 0.0380213502009501
