0.0 0.6939354183547465 0.1641964291391401 0.03424733331759788 0.03193476060317135
0.0 0.812052632209598 0.27128251423634253 0.12015044547477094 0.10586318117057411
0.0 0.7474533431770867 0.2796724216604548 0.14561328643139804 0.128823374943096
0.0 0.7567305907004191 0.1191036170532891 0.04631329344723156 0.04070609659170424
0.0 0.7664068984455981 0.14832923136511297 0.0671944794363738 0.07061581989059385
0.0 0.5517769227729139 0.5297033205318087 0.03420733165414269 0.03221154972251428
0.0 0.49845282912854766 0.4861423779339954 0.08525275228469076 0.07280287452072343
0.0 0.4459615543990808 0.48108355829141747 0.0940973802773793 0.08361160536676038
0.0 0.4001024934727693 0.4430557429164383 0.10975448822611311 0.08441122560226078
0.0 0.4716326016222513 0.5530337877969538 0.11240626263670067 0.09419079262580687
0.0 0.4177006199339314 0.5404795513262604 0.06606356705628902 0.06381435249842204
0.0 0.4865980602488017 0.5890995014447153 0.058549060941745334 0.044927057281424765
0.0 0.48487469664292027 0.6392246075780701 0.02498255472209643 0.021782967815835108
0.0 0.4506882543180415 0.6214351569124563 0.07848954215701742 0.07009458641286626
0.0 0.41347905688677133 0.6106857604771826 0.043421775328985945 0.03708595967302286
0.0 0.39412386209853 0.683110297562975 0.019319789749041416 0.018211022009247735
0.0 0.38679176368661716 0.6956461526853799 0.022111170572113925 0.020273784031884623
0.0 0.6144430426244409 0.27700725113072217 0.03584819867501032 0.034359281995859026
