0.0 0.4481029999872376 0.34729039611863466 0.09713705723778843 0.0740672465591316
0.0 0.4487825282993214 0.3865286875232109 0.09319046764547712 0.07527932296579765
0.0 0.37371338157956796 0.4041092950907305 0.030860022564624168 0.029418159397208044
0.0 0.3546461394548872 0.4488337420420801 0.055006014168673234 0.0499755137845771
0.0 0.4392860236427068 0.6978772033968994 0.09788372665005063 0.0767684415983354
0.0 0.39632669049398944 0.6336947406138713 0.056080207833763995 0.04271894248237518
0.0 0.40185374450509204 0.654472749581031 0.04629020211603452 0.03693411222969045
0.0 0.4472398453704296 0.6565340380297586 0.06844074291599966 0.05437456668276297
0.0 0.6140695760755899 0.7635047371885859 0.06323271135590769 0.053043544972834034
0.0 0.5115039208285777 0.7664697476525613 0.06069383343129875 0.05249123407888745
0.0 0.49143561988876683 0.8230713601629873 0.03335758534826794 0.0302495691873933
0.0 0.5383968485150668 0.903635580907969 0.032782506787845556 0.027495675173986767
0.0 0.6101769462157629 0.9128100609826157 0.01845184205344408 0.01697793748230747
0.0 0.7124463921116468 0.9506142946194995 0.1789902046240881 0.09877141076100093
0.0 0.6784072911909937 0.8260839945991603 0.06846939748100578 0.05196807456502195
0.0 0.691802860326755 0.8992919914357792 0.019287472035615427 0.02018463133978554
