0.0 0.0626531862745098 0.5390114379084967 0.02787990196078432 0.05923202614379086
0.0 0.0779718137254902 0.5087826797385621 0.02481617647058823 0.06985294117647056
0.0 0.14200367647058823 0.5281862745098039 0.03033088235294118 0.0702614379084967
0.0 0.16666666666666663 0.4709967320261438 0.02573529411764705 0.06045751633986929
0.0 0.22472426470588236 0.508578431372549 0.015012254901960786 0.027777777777777735
0.0 0.27159926470588236 0.5433006535947712 0.019914215686274495 0.04738562091503273
0.0 0.2931985294117647 0.5294117647058822 0.015931372549019607 0.04493464052287577
0.0 0.3501838235294117 0.4742647058823529 0.017769607843137247 0.03431372549019607
0.0 0.3866421568627451 0.4752859477124183 0.02573529411764708 0.02001633986928103
0.0 0.3762254901960784 0.5077614379084967 0.020833333333333315 0.02532679738562088
0.0 0.43566176470588236 0.5095996732026143 0.015318627450980393 0.0625
0.0 0.46629901960784315 0.47855392156862747 0.02573529411764708 0.029820261437908502
0.0 0.7213541666666665 0.5241013071895425 0.02604166666666663 0.06781045751633985
0.0 0.7588848039215688 0.4375 0.02941176470588236 0.03594771241830064
0.0 0.7951899509803921 0.48774509803921573 0.023590686274509776 0.07598039215686275
0.0 0.8278186274509803 0.4272875816993464 0.03982843137254899 0.06617647058823528
0.0 0.8687193627450981 0.3672385620915033 0.016850490196078427 0.02450980392156865
0.0 0.8967524509803921 0.43647875816993464 0.01715686274509809 0.0437091503267974
0.0 0.9731924019607843 0.5251225490196079 0.032169117647058876 0.06495098039215685
