0.0 0.011780753968253968 0.45734126984126977 0.023561507936507936 0.07473544973544971
0.0 0.04241071428571429 0.45072751322751325 0.03323412698412698 0.06481481481481483
0.0 0.07341269841269843 0.4553571428571429 0.018353174603174607 0.0224867724867725
0.0 0.09089781746031747 0.4783399470899471 0.01760912698412699 0.03273809523809523
0.0 0.1148313492063492 0.5299272486772487 0.036706349206349215 0.07969576719576721
0.0 0.16951884920634921 0.3953373015873015 0.01661706349206349 0.0400132275132275
0.0 0.1783234126984127 0.43634259259259267 0.04216269841269843 0.06580687830687831
0.0 0.22767857142857142 0.423776455026455 0.0530753968253968 0.04530423280423279
0.0 0.21577380952380953 0.4001322751322751 0.017361111111111105 0.010582010582010581
0.0 0.2698412698412698 0.3819444444444444 0.03373015873015872 0.06283068783068785
0.0 0.2992311507936508 0.4581679894179894 0.03943452380952378 0.07969576719576721
0.0 0.31101190476190477 0.36342592592592593 0.007440476190476164 0.014550264550264536
0.0 0.32700892857142855 0.38921957671957674 0.009672619047619069 0.019179894179894186
0.0 0.3322172619047619 0.4193121693121693 0.013640873015873023 0.019841269841269826
0.0 0.36879960317460314 0.39285714285714285 0.019841269841269826 0.04034391534391535
0.0 0.35763888888888884 0.4480820105820106 0.018849206349206338 0.029761904761904767
0.0 0.39657738095238093 0.4173280423280423 0.021825396825396803 0.032407407407407385
0.0 0.421875 0.38921957671957674 0.025793650793650813 0.046957671957671976
0.0 0.4314236111111111 0.46395502645502645 0.013144841269841279 0.029761904761904767
0.0 0.3874007936507937 0.5128968253968254 0.01339285714285715 0.01719576719576721
0.0 0.4807787698412698 0.5102513227513228 0.012648809523809534 0.02314814814814814
0.0 0.511780753968254 0.5226521164021164 0.022073412698412676 0.05456349206349209
0.0 0.6354166666666667 0.5163690476190477 0.024801587301587324 0.0625
0.0 0.7253224206349206 0.40906084656084657 0.02852182539682535 0.05687830687830686
0.0 0.7642609126984126 0.46064814814814814 0.022073412698412676 0.047619047619047616
0.0 0.8225446428571429 0.4366732804232804 0.035962301587301626 0.11342592592592593
0.0 0.8454861111111112 0.45734126984126977 0.02529761904761907 0.06216931216931215
0.0 0.9543650793650794 0.4447751322751323 0.02430555555555558 0.054232804232804244
0.0 0.9634176587301588 0.4087301587301587 0.013144841269841279 0.016534391534391513
0.0 0.9933035714285714 0.44328703703703703 0.012896825396825351 0.024801587301587324
0.0 0.6246279761904762 0.6395502645502645 0.019593253968253954 0.031084656084656048
