0.0 0.01 0.579125 0.02 0.029249999999999998
0.0 0.028166666666666666 0.60125 0.021000000000000005 0.012499999999999956
0.0 0.059666666666666666 0.6092499999999998 0.041999999999999996 0.02949999999999997
0.0 0.06133333333333333 0.5805 0.027333333333333334 0.020499999999999963
0.0 0.2848333333333334 0.55675 0.04566666666666669 0.03400000000000003
0.0 0.3613333333333333 0.505875 0.02266666666666667 0.02174999999999999
0.0 0.37483333333333335 0.578125 0.027666666666666673 0.04074999999999995
0.0 0.39816666666666667 0.548 0.020333333333333314 0.014000000000000012
0.0 0.4251666666666667 0.582125 0.07033333333333336 0.04325000000000001
0.0 0.4085 0.618375 0.05299999999999999 0.022750000000000048
0.0 0.4835 0.56325 0.03366666666666662 0.024499999999999966
0.0 0.18866666666666668 0.6011249999999999 0.016666666666666663 0.010249999999999981
