0.0 0.9289125459350203 0.5939582657516953 0.035140522208858105 0.06227998319766426
0.0 0.917536142350186 0.5620362418660879 0.033443320861406 0.07242867035998435
0.0 0.8515657860235846 0.5731937963828662 0.038965443453142234 0.07353068529882056
0.0 0.8343264490777228 0.5133463894501571 0.033167944978442554 0.06322467701816303
0.0 0.7719856436010627 0.5432912185257748 0.01840170703137356 0.029451976163623717
0.0 0.7210991130205997 0.571812427240221 0.025741864143416282 0.04952204331601873
0.0 0.7014278390685116 0.5553057482433852 0.021481256060774 0.04658746752924614
0.0 0.6518671736297528 0.4934004796160062 0.02196278888326686 0.03628393767866306
0.0 0.6155719994386717 0.48980696674431623 0.02805813626576592 0.023107615694517802
0.0 0.621801850661855 0.5233383455059633 0.023866447148402803 0.027756141882954832
0.0 0.5626096631689517 0.5176519779126492 0.02309283366339665 0.0639346283761929
0.0 0.5361406314809725 0.4829839747404492 0.02929687777186951 0.03283296389418938
0.0 0.27737463314345273 0.495939687090033 0.03440091823926006 0.07055739883998235
0.0 0.2510870012038324 0.4052903873315483 0.033718096788060814 0.03937583458377286
0.0 0.20872427093314333 0.4505455822150757 0.03300186577776176 0.0783521702965162
0.0 0.18399600241041628 0.3864499150754336 0.04787073222736432 0.07067848771632851
0.0 0.15101035711479527 0.3217142826316698 0.01981229598344425 0.026442457462794333
0.0 0.11445332771950348 0.38685752779783555 0.022542081897470034 0.04552664169255016
0.0 0.027425715690836877 0.46513257175613193 0.040117961258108015 0.0684950523897262
