0.0 0.9159708180884013 0.49061660273236873 0.015287148679677731 0.026183157246285782
0.0 0.9266946273728187 0.47761363679568414 0.018152892120790076 0.022511295547433308
0.0 0.9832606833970132 0.46281584881768784 0.024317093262160694 0.020108979608850053
0.0 0.9977673102485995 0.44318210309357464 0.0044653795028009036 0.02232146560039966
0.0 0.86433752360574 0.48177973202361973 0.04637933872411759 0.06486498084401793
0.0 0.8184652458355253 0.4711236747088197 0.05043293015166661 0.08875682235145976
0.0 0.7907748469781336 0.5286164279211355 0.051472446774048164 0.05583085020069123
0.0 0.76359237230032 0.47511527341562065 0.03124525506113951 0.048829158541044804
0.0 0.673968074791732 0.5504212677116931 0.020336484103478103 0.03904756088337702
0.0 0.6562139536347069 0.5797382154678518 0.01711574232473101 0.030266097491326693
0.0 0.534466637214859 0.5584544147384296 0.01585527409488774 0.02427150140150902
0.0 0.5517775325690433 0.5071897348890418 0.010962734940001106 0.015997442346640522
0.0 0.45389898793041045 0.46210374025595075 0.014875819533381351 0.03268515767328528
0.0 0.4427867382131935 0.5250316657731381 0.00926208994658484 0.016175419519880885
0.0 0.39670219659107864 0.45709507270633726 0.014520821195746658 0.020231832582382592
0.0 0.28277813949347974 0.4758328158435321 0.018783808448657346 0.03531568351523473
0.0 0.31412827348003014 0.4035566659449754 0.024433848157157156 0.04104086811040092
0.0 0.2690095839984853 0.4226764219278576 0.017806720713473556 0.018558169580136064
0.0 0.13645596688209038 0.4764636346207504 0.026965978373484245 0.03635908920676689
0.0 0.25980482726099385 0.5022030741850696 0.017229768367945708 0.011969626301307434
0.0 0.7771767875097721 0.6014512498043143 0.013709356659794225 0.016564862353112275
