0.0 0.994349903250312 0.3506869848997898 0.011300193499376054 0.09833175316309495
0.0 0.9917901234493427 0.39131064927893866 0.016419753101314494 0.03432474833312904
0.0 0.9673203022603594 0.33322789849522116 0.06535939547928116 0.08720055051593517
0.0 0.9057099951766197 0.3202027215104416 0.07424880283037061 0.07507081530660059
0.0 0.8181469050722812 0.5083886819618272 0.03864383521923498 0.05723396352782095
0.0 0.7548815446031936 0.4574469561068327 0.06777040667834389 0.08800455993938971
0.0 0.7008305595507959 0.3815303310749387 0.04259823225398218 0.04936402725064443
0.0 0.6768436747435457 0.4442071683321301 0.04178786070195062 0.0659423811573242
0.0 0.6410359320451001 0.3786166356804445 0.07314313612844803 0.11215711288490204
0.0 0.6410207981896321 0.4395687548699374 0.03880037598727293 0.051257026588604315
0.0 0.6143210769893738 0.4293955844826606 0.05332195223774305 0.08721415894999485
0.0 0.5662201501408659 0.41616435176825767 0.07180010969941253 0.07572047689373995
0.0 0.4601296513262659 0.3467068198360682 0.03253208767315763 0.04334471332202905
0.0 0.5164464735609113 0.5515003010615729 0.025855649185329233 0.042295898709929
0.0 0.5468112254414205 0.5772906164089934 0.047307249594434664 0.07936573616740428
0.0 0.5817158160823093 0.5884529884545353 0.0650007269507834 0.09680628660798984
0.0 0.4023463911551053 0.4491817985543679 0.05823317235558073 0.09256800117041797
0.0 0.35856510599208713 0.4857423888270725 0.060848287580234806 0.09069366364027764
0.0 0.3929397982423487 0.4846328604176412 0.053819242253698885 0.0825896789217484
0.0 0.354436797625759 0.4019223305887897 0.03676971435568577 0.04979545051748402
1.0 0.18807450720018784 0.4452501680559582 0.04972551966641309 0.05798990663897152
