0.0 0.03909995273234518 0.48405385516189814 0.0474954449905558 0.04172558257492626
0.0 0.0717085593929282 0.48547367495885646 0.034648533008945104 0.04099538166613759
0.0 0.1021426187790952 0.5539141073680176 0.020823493714919095 0.028420479228831286
0.0 0.1772455419186801 0.4553348901927842 0.029578626130954133 0.05371588390300441
0.0 0.21571838635305762 0.5329335762485761 0.01120668937037217 0.020149976114598123
0.0 0.2036562637274726 0.49618139214807877 0.02750701707771319 0.05481769917835971
0.0 0.2467054864222991 0.449136523654342 0.02714517357940499 0.03772325467472576
0.0 0.25176037766447024 0.49487926627270634 0.02259882659059559 0.043562660034049405
0.0 0.3119800405794345 0.5366682066056583 0.028572791736610537 0.046747858345843496
0.0 0.44271245597193304 0.4963004927964649 0.0228396886043033 0.03707201589618958
0.0 0.5705078899986016 0.5203372129798779 0.025300848237781004 0.048187969153111465
0.0 0.5606819063452257 0.4824350396709375 0.01073854364504745 0.017277721049427597
0.0 0.5448949242308168 0.5097229154272491 0.018724177579749757 0.03439897047554347
0.0 0.6557118186600083 0.5373841869138238 0.02239472386021002 0.034607599306625825
