0.0 0.40864373769130025 0.02286810140913302 0.039679399817797945 0.04573620281826604
0.0 0.44421115635427344 0.11385831128033097 0.04117998514660243 0.04173184564851172
0.0 0.3830542201439336 0.18373851494290933 0.07059815109498091 0.06164574739733997
0.0 0.40904558881380926 0.22362523852485702 0.014110943021882372 0.01607311369533787
0.0 0.3991540393416577 0.25875295160173395 0.06788353338035896 0.06671849454299478
0.0 0.4777739684582569 0.24108588765517164 0.043815746421649704 0.05626326663138348
0.0 0.4306329680895763 0.3845726468538412 0.040754939698539605 0.052344010238636385
0.0 0.40526199041127725 0.3825722840552024 0.019495105555883296 0.01097192669306074
0.0 0.3829308124313562 0.3907888732714854 0.010420583658242055 0.010236630157605675
0.0 0.3613044887395501 0.4166803061835256 0.039666473557213144 0.032492287032391265
0.0 0.4162880356915749 0.48372447082082115 0.05795082054662615 0.061936479727082716
0.0 0.37576122011975754 0.5091787333717683 0.07300846338541211 0.058292183334495595
0.0 0.3658495991058577 0.2723938854136406 0.031699722683373455 0.04328879322347029
0.0 0.38618247957693363 0.6235800683271961 0.04356134011332069 0.050858162305233434
0.0 0.42758515367439853 0.5682100114411484 0.06090855521866578 0.052753283357116376
0.0 0.37876568463902344 0.5713165923403266 0.015502077677725823 0.020530140028455657
0.0 0.3103370404543457 0.8756869852617399 0.02951960108977536 0.019340840721224772
