0.0 0.10305059523809523 0.46841931216931215 0.020089285714285712 0.026124338624338606
0.0 0.12983630952380953 0.6311177248677249 0.06026785714285715 0.09755291005291011
0.0 0.17336309523809523 0.5796957671957672 0.07390873015873015 0.11772486772486768
0.0 0.02864583333333333 0.4976851851851852 0.02306547619047619 0.037698412698412676
0.0 0.04861111111111111 0.5224867724867723 0.05257936507936507 0.04365079365079361
0.0 0.5003720238095238 0.5499338624338626 0.020585317460317443 0.025793650793650813
0.0 0.4924355158730158 0.47916666666666674 0.038938492063492036 0.07142857142857145
0.0 0.5174851190476191 0.4307208994708994 0.04836309523809529 0.0757275132275132
0.0 0.5101686507936508 0.3695436507936508 0.034722222222222265 0.10085978835978837
0.0 0.5656001984126984 0.4933862433862434 0.04836309523809523 0.09589947089947093
0.0 0.5849454365079365 0.439484126984127 0.0424107142857143 0.04828042328042326
0.0 0.5885416666666666 0.5266203703703703 0.01835317460317465 0.05390211640211645
0.0 0.633060515873016 0.5532407407407407 0.01215277777777779 0.020502645502645467
0.0 0.636780753968254 0.513558201058201 0.04092261904761907 0.06283068783068785
0.0 0.6483134920634921 0.4751984126984127 0.019841269841269882 0.036375661375661394
0.0 0.7220982142857143 0.4990079365079365 0.011656746031746046 0.014550264550264591
0.0 0.7371031746031746 0.4996693121693121 0.012400793650793607 0.017195767195767153
0.0 0.2456597222222222 0.4626322751322751 0.02256944444444442 0.026455026455026454
