0.0 0.36926724550130896 0.22493483667910663 0.12527767312489657 0.1315672969806443
0.0 0.16463281406328176 0.15907896366492044 0.0388908003030613 0.038389987162322614
0.0 0.18579802878659685 0.24664461961835327 0.056088816330686186 0.05181717483615034
0.0 0.40701362684887465 0.3929189213584276 0.09629364951975322 0.09619054093195412
0.0 0.22854285651704848 0.24563204040218306 0.02855885581086945 0.026231547686260237
0.0 0.26143554808837166 0.2242763418828758 0.03344595466391276 0.03665705068394326
0.0 0.5231960650323744 0.3950691535375189 0.06156142196256642 0.06608347002747184
0.0 0.4450679715597541 0.4364160074298782 0.07179931696611097 0.07462743823145879
0.0 0.5982210756523513 0.5164134228810563 0.041415563255514654 0.042564487519562266
0.0 0.6292591642358556 0.5339961483156881 0.056812265241544146 0.056237803109520534
0.0 0.6310238938696272 0.4829851763368928 0.026409103807416345 0.02455314922703189
0.0 0.6262151840004808 0.5916314909437229 0.05041197907086914 0.045889931005963946
0.0 0.7153334470289218 0.6284464741784954 0.05087895144121668 0.04877259029046277
0.0 0.7683715683914782 0.7186759763659322 0.05506708630324375 0.05212112665183999
0.0 0.7926662959826388 0.6839575316892319 0.05107720481113254 0.05144544976755805
0.0 0.823673635444401 0.7303868403876603 0.08399079867049242 0.08540485930316644
0.0 0.8593330930095274 0.7470362145843918 0.057211761110386616 0.056077566644595844
0.0 0.9408130087239326 0.7121989279402865 0.07641352068412244 0.07838731365056306
0.0 0.8675215497001662 0.6966612596446832 0.023741321526631554 0.022076854323588302
0.0 0.873782399174315 0.6700836588152623 0.015987285961177267 0.015236066250069236
0.0 0.8178591419964422 0.6486427298186402 0.024482090093721043 0.022891271881962938
