0.0 0.9088746549632215 0.4947455894089495 0.031493743310705424 0.0329595362476407
0.0 0.8173413394710282 0.4498510548680448 0.059967028505512054 0.08567947960758387
0.0 0.4968968433759998 0.4042988207134976 0.026721394695919054 0.051517725212406495
0.0 0.4736802278597865 0.3835373295783272 0.023699717731833658 0.030906533005098435
0.0 0.44630999648691533 0.38538614367725144 0.025344474001012363 0.036154696910909445
0.0 0.3747106453616265 0.3873031880926043 0.02527264489847758 0.02539479430988889
0.0 0.3051814877292107 0.4253273568250025 0.028674272208638385 0.03533141513055249
0.0 0.2739007414550621 0.4156759378190058 0.02880630914882032 0.048716663208856925
0.0 0.28408133009916464 0.38469009699974827 0.012902277176556676 0.021025213035406054
0.0 0.25767486546116064 0.3839135656213887 0.020072200697367842 0.02092724657724676
0.0 0.24962611766202092 0.4259077215385255 0.042327707841343126 0.06840660717764879
0.0 0.11848213850200753 0.32752176635683095 0.019223869095700452 0.019895690858462378
0.0 0.22466857091304027 0.3338530828969436 0.01583718341182358 0.020417786339746113
0.0 0.238693876654585 0.34258481141047664 0.014194087323343096 0.01633170202304024
1.0 0.5944120537215838 0.3944719414555503 0.038529807883803 0.04309758512352735
