0.0 0.0155 0.44383333333333336 0.031 0.04633333333333334
0.0 0.048375 0.4043333333333333 0.019749999999999997 0.04466666666666669
0.0 0.055375 0.3666666666666666 0.012749999999999997 0.014666666666666661
0.0 0.2025 0.4665 0.014000000000000012 0.015000000000000013
0.0 0.322875 0.33166666666666667 0.026249999999999996 0.03733333333333333
0.0 0.337375 0.3645 0.022249999999999992 0.025000000000000022
0.0 0.423875 0.33699999999999997 0.014249999999999985 0.033999999999999975
0.0 0.411875 0.3423333333333333 0.0047499999999999765 0.01200000000000001
0.0 0.45975 0.3458333333333333 0.013500000000000012 0.018333333333333313
0.0 0.621875 0.3181666666666666 0.02024999999999999 0.04899999999999999
0.0 0.5765 0.2931666666666667 0.03500000000000003 0.061
0.0 0.766875 0.30233333333333334 0.016750000000000043 0.01266666666666666
0.0 0.839875 0.3241666666666667 0.01924999999999999 0.04366666666666669
0.0 0.832125 0.259 0.01375000000000004 0.031333333333333324
