0.0 0.9615502450980392 0.5843545751633987 0.02787990196078427 0.05596405228758172
0.0 0.8589154411764706 0.5669934640522876 0.03523284313725483 0.07189542483660127
0.0 0.7768075980392157 0.5012254901960784 0.0382965686274509 0.09395424836601313
0.0 0.7135416666666666 0.5388071895424836 0.04166666666666674 0.1004901960784314
0.0 0.6227022058823529 0.4842728758169934 0.04136029411764697 0.051879084967320244
0.0 0.5981924019607844 0.4424019607843137 0.03829656862745101 0.05555555555555558
0.0 0.532781862745098 0.45281862745098045 0.009191176470588314 0.011846405228758183
0.0 0.45281862745098034 0.4297385620915033 0.02757352941176472 0.0326797385620915
0.0 0.3736213235294118 0.46895424836601307 0.046875 0.11601307189542487
0.0 0.3287377450980392 0.44342320261437906 0.04350490196078427 0.0894607843137255
0.0 0.26960784313725494 0.3594771241830065 0.013480392156862697 0.022875816993464027
0.0 0.2720588235294118 0.39583333333333326 0.021446078431372584 0.04983660130718953
0.0 0.2550551470588235 0.4244281045751634 0.020526960784313708 0.037581699346405206
0.0 0.19025735294117646 0.3790849673202614 0.05698529411764708 0.09722222222222221
0.0 0.14721200980392152 0.37030228758169936 0.034007352941176516 0.09844771241830064
0.0 0.12224264705882348 0.29595588235294124 0.03125 0.046977124183006536
