0.0 0.3755 0.5483750000000001 0.042333333333333334 0.027750000000000052
0.0 0.4103333333333333 0.59725 0.068 0.0685
0.0 0.47016666666666673 0.5798749999999999 0.02566666666666667 0.00824999999999998
0.0 0.6266666666666667 0.656625 0.03066666666666662 0.036250000000000004
0.0 0.09733333333333333 0.5759999999999998 0.046 0.057499999999999996
0.0 0.037333333333333336 0.501375 0.02333333333333333 0.01924999999999999
0.0 0.025666666666666667 0.5218750000000001 0.017333333333333333 0.017750000000000044
0.0 0.037333333333333336 0.59425 0.05600000000000001 0.04800000000000004
0.0 0.031666666666666676 0.557375 0.01666666666666667 0.012750000000000039
0.0 0.18833333333333332 0.59 0.053333333333333344 0.03849999999999998
0.0 0.48650000000000004 0.39675 0.02566666666666667 0.017000000000000015
0.0 0.6018333333333334 0.584375 0.019000000000000017 0.016750000000000043
0.0 0.6506666666666666 0.5391249999999999 0.06666666666666665 0.07674999999999998
0.0 0.7095 0.5935000000000001 0.06033333333333335 0.061000000000000054
0.0 0.7376666666666667 0.47375 0.033333333333333326 0.02350000000000002
0.0 0.7718333333333334 0.506125 0.05900000000000005 0.04125000000000001
0.0 0.8016666666666666 0.6105 0.046666666666666634 0.05400000000000005
0.0 0.8031666666666668 0.65425 0.03700000000000003 0.02400000000000002
0.0 0.8503333333333334 0.582125 0.031333333333333324 0.035250000000000004
0.0 0.8046666666666666 0.5535 0.043333333333333335 0.02849999999999997
0.0 0.9036666666666666 0.505125 0.10466666666666669 0.05675000000000002
0.0 0.9708333333333332 0.588875 0.057666666666666644 0.08374999999999999
0.0 0.2935 0.5665 0.03766666666666668 0.02200000000000002
0.0 0.7201666666666666 0.43225 0.018333333333333313 0.012500000000000011
1.0 0.5166666666666667 0.53384 0.04428666666666675 0.03125
