0.0 0.5338955026455028 0.9185267857142857 0.04398148148148151 0.020585317460317443
0.0 0.47420634920634924 0.8439980158730159 0.022486772486772444 0.034226190476190466
0.0 0.4388227513227513 0.8200644841269842 0.03703703703703698 0.03745039682539686
0.0 0.5218253968253969 0.8559027777777778 0.05224867724867721 0.0277777777777779
0.0 0.49255952380952384 0.7686011904761905 0.03736772486772488 0.024801587301587324
0.0 0.4975198412698413 0.7211061507936508 0.05125661375661372 0.042906746031746046
0.0 0.5104166666666666 0.605282738095238 0.06977513227513232 0.02852182539682535
0.0 0.5367063492063493 0.5348462301587302 0.06415343915343918 0.027529761904761973
0.0 0.5884589947089947 0.44494047619047616 0.047949735449735464 0.019345238095238138
0.0 0.47685185185185186 0.5096726190476191 0.022486772486772555 0.021329365079365115
0.0 0.5618386243386242 0.4187748015873016 0.07407407407407407 0.024553571428571397
0.0 0.4973544973544974 0.30592757936507947 0.054894179894179884 0.024057539682539653
0.0 0.5267857142857144 0.255828373015873 0.02182539682539686 0.019593253968253954
0.0 0.4856150793650794 0.23239087301587297 0.05125661375661372 0.02182539682539686
0.0 0.517526455026455 0.19704861111111116 0.033068783068783025 0.01661706349206349
0.0 0.6534391534391535 0.9920634920634921 0.03439153439153442 0.015873015873015817
0.0 0.5618386243386244 0.7974950396825398 0.05092592592592593 0.027033730158730118
1.0 0.40264880952380944 0.10324156746031743 0.04714285714285715 0.03969990079365071
