0.0 0.61775 0.931 0.01649999999999996 0.020666666666666722
0.0 0.62775 0.8925000000000001 0.025000000000000022 0.027666666666666617
0.0 0.6532499999999999 0.7815000000000001 0.04949999999999999 0.03300000000000003
0.0 0.565125 0.764 0.04974999999999996 0.05133333333333345
0.0 0.5293749999999999 0.7621666666666667 0.01824999999999999 0.02499999999999991
0.0 0.5482499999999999 0.741 0.03749999999999998 0.04066666666666663
0.0 0.527125 0.6773333333333333 0.04525000000000001 0.03733333333333322
0.0 0.522375 0.6395000000000001 0.048249999999999904 0.04633333333333334
0.0 0.560875 0.6498333333333333 0.03425 0.03700000000000003
0.0 0.5646249999999999 0.6065 0.03674999999999995 0.047666666666666635
0.0 0.566625 0.5700000000000001 0.07374999999999998 0.05799999999999994
0.0 0.48024999999999995 0.5979999999999999 0.03649999999999998 0.04466666666666674
0.0 0.564625 0.5273333333333333 0.017249999999999988 0.009333333333333416
0.0 0.579 0.49383333333333335 0.06000000000000005 0.03699999999999992
0.0 0.532 0.48783333333333334 0.03600000000000003 0.028999999999999915
0.0 0.5365 0.3766666666666667 0.02849999999999997 0.026000000000000023
0.0 0.5631250000000001 0.32750000000000007 0.08225000000000005 0.07166666666666666
0.0 0.51175 0.28983333333333333 0.052000000000000046 0.04300000000000004
0.0 0.522 0.2476666666666667 0.02300000000000002 0.024666666666666615
0.0 0.564125 0.23183333333333328 0.07325000000000004 0.05900000000000005
0.0 0.551625 0.20199999999999996 0.06274999999999997 0.03266666666666662
0.0 0.49099999999999994 0.19983333333333325 0.02100000000000002 0.041000000000000036
0.0 0.48 0.7778333333333334 0.016999999999999904 0.019000000000000017
0.0 0.497625 0.4111666666666667 0.05325000000000002 0.04833333333333334
0.0 0.5333749999999999 0.43733333333333335 0.04874999999999996 0.05666666666666664
0.0 0.7689999999999999 0.371 0.015499999999999958 0.046666666666666634
0.0 0.75525 0.29766666666666663 0.02300000000000002 0.020000000000000018
0.0 0.7675 0.3323333333333333 0.020000000000000018 0.04133333333333333
0.0 0.4805 0.021166666666666722 0.04999999999999993 0.04166666666666663
0.0 0.5245 0.04149999999999998 0.04749999999999999 0.08233333333333337
0.0 0.5854999999999999 0.09933333333333338 0.011499999999999955 0.01200000000000001
