0.0 0.340125 0.9431666666666667 0.03125 0.05300000000000005
0.0 0.3991249999999999 0.8508333333333333 0.036250000000000004 0.03699999999999992
0.0 0.351 0.7638333333333334 0.0645 0.05233333333333334
0.0 0.38725 0.728 0.01200000000000001 0.014666666666666717
0.0 0.3848749999999999 0.689 0.060250000000000026 0.058666666666666645
0.0 0.463125 0.7253333333333334 0.03574999999999995 0.05266666666666675
0.0 0.44637499999999997 0.5645 0.03325 0.04899999999999993
0.0 0.41937500000000005 0.5608333333333333 0.01924999999999999 0.0076666666666665995
0.0 0.397875 0.5471666666666667 0.00924999999999998 0.009000000000000119
0.0 0.3811250000000001 0.5151666666666667 0.03674999999999995 0.026999999999999913
0.0 0.453875 0.4575000000000001 0.05025000000000002 0.05566666666666664
0.0 0.41725000000000007 0.42166666666666663 0.06799999999999995 0.04800000000000004
0.0 0.353125 0.6671666666666667 0.025249999999999995 0.040999999999999925
0.0 0.45412500000000006 0.30433333333333334 0.03674999999999995 0.046666666666666634
0.0 0.48487499999999994 0.3716666666666667 0.055749999999999966 0.04466666666666663
0.0 0.4345 0.35733333333333334 0.012499999999999956 0.019333333333333313
0.0 0.43200000000000005 0.02333333333333326 0.02849999999999997 0.014666666666666717
