0.0 0.7933051463990661 0.09889695304754786 0.059421255465102685 0.04688657162412235
0.0 0.6986263004889397 0.0827693144597195 0.03900608866849775 0.03455346963244793
0.0 0.6663273753325943 0.06894415289967575 0.026778567949657717 0.02333620701422426
0.0 0.6728038317700734 0.12781804758679488 0.07483434429793001 0.0644698445249402
0.0 0.7126134516572133 0.14710949730498937 0.02692398235849147 0.027036233258559916
0.0 0.7968977635011054 0.1520145968227391 0.027097627290941673 0.022645008254891685
0.0 0.7594282175571951 0.14888068350430642 0.02303725720117178 0.022363751800761056
0.0 0.6958665685067784 0.22328810659747944 0.04681937211913623 0.03840055461399994
0.0 0.723592085457756 0.3157651705918747 0.04570904461152925 0.0350452091050234
0.0 0.6410924005841707 0.28337557833299626 0.14516434020466729 0.11582943832010417
0.0 0.6051523718493765 0.3299254667802338 0.07243230927534394 0.06042146296801637
0.0 0.6120032393866294 0.31180838067446887 0.038387307673234394 0.0402581560077091
0.0 0.6171726706996503 0.37443630032699565 0.05380928934237372 0.04542788880392723
0.0 0.6575935636987891 0.36909338307837897 0.045220207875255936 0.04099209063934306
0.0 0.5177511298968536 0.5320813038816677 0.06715100510628164 0.06086495470244668
0.0 0.5145830444535744 0.6300954959179277 0.11060458686544894 0.08141935284764346
0.0 0.541705662730881 0.6733471525324938 0.08741302241913135 0.06776911490714688
