0.0 0.8014916363680177 0.2494781082281149 0.0475065888353885 0.04796067745791155
0.0 0.729627884848302 0.22183502866117255 0.09189632668056158 0.09587284561779941
0.0 0.6958732348723241 0.24263868927481944 0.07820516130828659 0.08094915398439034
0.0 0.5079045480401604 0.37195151130430837 0.07549459941410186 0.078848368240451
0.0 0.4229531073903357 0.3916237729485178 0.04641005257050079 0.04855075607668102
0.0 0.45369383285575804 0.4315049342956615 0.05523198542191121 0.056315311135644974
0.0 0.5066225908780944 0.3127286382005862 0.09964887890005836 0.10331402278185176
0.0 0.554496416252761 0.3105795921287007 0.04672142762594522 0.04823938102123676
0.0 0.5707350790465543 0.38697662871775973 0.10876175474477168 0.11218039337433827
0.0 0.36705775120291495 0.5763556065336654 0.035409017030268775 0.0371410407761783
0.0 0.36781045275161534 0.6000697424789185 0.03396412607035881 0.03529395703631921
0.0 0.35745013444277185 0.6536182629712124 0.030123410057124822 0.031284579534719525
0.0 0.25990716512133133 0.6749939236670258 0.03647503587676637 0.03721455163344678
0.0 0.31865595908312366 0.5869512993399087 0.02947712744832287 0.030158260382107338
0.0 0.289385076618588 0.5976702571518326 0.02422539967898507 0.02388807670225368
