0.0 0.4757784724325399 0.9598454431236153 0.024027236911080607 0.015367036704526216
0.0 0.48455357004405386 0.9646590001988552 0.04149449617530965 0.016113447877638132
0.0 0.5056409600465629 0.9510358592828156 0.02122988847253887 0.008439438936704846
0.0 0.5190460384845371 0.9343985207588326 0.020521565990104573 0.015658530489500944
0.0 0.5191818364668019 0.9187215114148494 0.037568571126980865 0.02078110611119821
0.0 0.40113813497736184 0.592782465714342 0.05029051206495566 0.02124553291066511
0.0 0.4123986198816725 0.37230906885590487 0.0543549113479192 0.023444658302986143
0.0 0.2716297736239882 0.3836726068664216 0.012090997349523624 0.016754182076129942
0.0 0.3993617207479703 0.20591436710205718 0.01804855964191221 0.022911595142515728
0.0 0.29972773724764373 0.2268760017760448 0.024226806486367103 0.020029940232421384
