0.0 0.98 0.57225 0.040000000000000036 0.08899999999999997
0.0 0.871 0.608125 0.03733333333333322 0.03275000000000006
0.0 0.9065 0.51625 0.07033333333333336 0.061499999999999944
0.0 0.5326666666666667 0.6495 0.038000000000000034 0.01849999999999996
0.0 0.4581666666666667 0.671375 0.09566666666666657 0.08675
0.0 0.5065 0.570875 0.021666666666666612 0.026249999999999996
0.0 0.17566666666666658 0.637 0.04533333333333334 0.07350000000000001
0.0 0.2273333333333334 0.583375 0.05400000000000005 0.07925000000000004
0.0 0.4606666666666666 0.5625 0.020666666666666722 0.01200000000000001
0.0 0.3495 0.5542499999999999 0.031000000000000028 0.015499999999999958
