0.0 0.9656574504955484 0.6460630103159924 0.04636509261272104 0.06861266653687847
0.0 0.9408889263425978 0.6720631318436949 0.046497070834214504 0.07845531220409552
0.0 0.8818337852520027 0.6328346974836465 0.052217736748506605 0.0805525947431176
0.0 0.8393562812562799 0.6833417754293705 0.04456281113267635 0.06920181808451198
0.0 0.7919103764219677 0.6274902045577482 0.023709739763141058 0.032768198201315935
0.0 0.7549394064781785 0.5779525409967521 0.03466713346822936 0.05416093602718186
0.0 0.7287836047235859 0.5854553921204255 0.029877671198501377 0.05045848877003467
0.0 0.65413046983898 0.624027011648479 0.02850213368370136 0.040241895819576046
0.0 0.6174462035991536 0.6118657805609571 0.03222255078570835 0.028164361405406013
0.0 0.6379260605981554 0.5820900111958939 0.028868751839862927 0.032057329210100516
0.0 0.5781743557976646 0.5620882290187238 0.03461580261164243 0.06809586499913678
0.0 0.5376120422895582 0.584243049034779 0.03521412905164012 0.03811283575185598
0.0 0.29269463839733645 0.4601963169756018 0.04711738465545162 0.07675666066515996
0.0 0.22818502702410282 0.5366223714866403 0.040814543347765936 0.04545247406811148
0.0 0.20667642157280514 0.474558252195056 0.047123247957115616 0.08429916138738536
0.0 0.15511858941528106 0.5259508309151938 0.060608830327491675 0.07930548854388464
0.0 0.09529138112235358 0.574404745709016 0.02457788594779002 0.03001296101069484
0.0 0.08797298379111554 0.49558960153306486 0.030747283208566137 0.049588876759969924
0.0 0.03745482635893718 0.38231385085839376 0.05246263746108626 0.07572475873031936
