0.0 0.0704078128289436 0.7693965930663454 0.07139619429981592 0.07728206813707028
0.0 0.0940886138892916 0.7151280030789542 0.023738690483164626 0.024777374101503602
0.0 0.40250700771822884 0.5527513331552747 0.05296577814626069 0.06949815907149015
0.0 0.39933144797278053 0.5820714456378695 0.06217083724997574 0.06081477808158875
0.0 0.426428997700604 0.6192269938351207 0.052029390529315434 0.054914622802479385
0.0 0.44899436897936984 0.5666078311002255 0.07508838707113352 0.08284966188594445
0.0 0.49453751276011526 0.6212061604432007 0.04617677801009107 0.053072483142952875
0.0 0.47517298874455727 0.5947307381498229 0.026737171485270994 0.027256513294440454
0.0 0.4211465557164595 0.5331818035941099 0.01713232524462116 0.01886346460851951
0.0 0.5709606506394302 0.6173737704252285 0.05026122177643133 0.05303104475866871
0.0 0.6340125050308059 0.5433431684144736 0.046414429763216525 0.04944392365003869
0.0 0.5825506207793615 0.49552093867913577 0.022292482018286597 0.021398060013605558
0.0 0.5555378869672012 0.4794670448217012 0.027180469697143828 0.03150831810688992
0.0 0.5116166549525736 0.47622634716302076 0.02290188525261705 0.022353691120715946
0.0 0.6981095478545353 0.4805565422202537 0.07849564894343097 0.09352770908661517
0.0 0.740347626871088 0.4119470106386197 0.037335934245668945 0.043654592923897895
0.0 0.7012949875117253 0.290753128146919 0.0805908020789301 0.10903919229232645
0.0 0.7077857099066087 0.3334233980093557 0.05127563780999678 0.05084285296902219
0.0 0.7216565851884477 0.29781326584839496 0.021564252907393167 0.022256708652952317
0.0 0.7625771134004221 0.3779652444874105 0.04628409810609324 0.052573904461590715
0.0 0.7882238780540074 0.246317117339363 0.03590374360865578 0.0465213983738989
0.0 0.7759217080198223 0.24996513616270408 0.024897456001718554 0.025705321038204276
0.0 0.7343865251974443 0.2043612104744465 0.02666562475460288 0.027588899082015228
0.0 0.9435412368940506 0.32665658662482067 0.04786189425174703 0.0566041480394337
0.0 0.9687392027627559 0.31053368155032274 0.05157458653688174 0.05197851905512463
1.0 0.9254321181731341 0.4389123768428609 0.06941175655553322 0.07077358618846663
