0.0 0.055391243156214465 0.5802054005127434 0.01343020507265813 0.025042432468419085
0.0 0.0847107942771789 0.6011173013506474 0.032139182378203734 0.04706918902989632
0.0 0.0651681490404574 0.47263449844141997 0.019185968212373672 0.018909486607712522
0.0 0.18999110580460168 0.6590096646650814 0.015340847491448872 0.025017703654583
0.0 0.20531340668567363 0.6819106357831257 0.018809678421875697 0.022680420887129293
0.0 0.1531473239523409 0.5281733763205669 0.019971691136897063 0.019349607526409796
0.0 0.183506325727267 0.5452446643963312 0.05109991247457446 0.07073010640550348
0.0 0.17761862475631593 0.5078412632120701 0.022372581799926905 0.019400404549821393
0.0 0.11849470016309746 0.5231395732871674 0.020146578694735073 0.01427134459568924
0.0 0.13483241088481332 0.45571238286550186 0.019350277224279566 0.023082778887202615
0.0 0.1229400093947837 0.4998699889004551 0.02084090796311283 0.02809855008546336
0.0 0.08077464220301617 0.48679237435493505 0.010429057588875246 0.010221696385379453
0.0 0.32947379057218645 0.5341334803223416 0.016834157021761054 0.04247782585406645
0.0 0.3186928463090387 0.48125634842725884 0.032298133807152185 0.026353779306941216
0.0 0.41934937347261814 0.44316481848072764 0.02481056568371054 0.016585237945046627
0.0 0.44290773556091795 0.4152778027086099 0.03959233607237023 0.07214804502119987
0.0 0.4780720379262309 0.5246245414983823 0.022234787462842798 0.021612703852355586
0.0 0.7435743322851811 0.3682890372316261 0.041815660386082976 0.06483275397410915
0.0 0.6906764647598091 0.3392989104523264 0.009750664449387325 0.01203163768784038
0.0 0.6727505998972995 0.34022026369769304 0.008807261181663417 0.009014622385159154
0.0 0.4271060589744552 0.215787698785028 0.01199387476921654 0.009505540327267747
0.0 0.4326100693233458 0.2059058686672622 0.004136645523982463 0.0051043311402957925
0.0 0.41441658385111313 0.21975012644904218 0.0053185442451201825 0.006562711466094662
