0.0 0.050275190031802156 0.5731881157133958 0.06692504705199784 0.0960761300842442
0.0 0.13956917355739698 0.5034096652139113 0.04564113301377143 0.042914416063476346
0.0 0.13729722289553575 0.6006529083253925 0.08591821678156239 0.08066308956826629
0.0 0.4401317916190462 0.35184791844569707 0.04149646482117553 0.02989552361446529
0.0 0.5020473197242483 0.3066132314634965 0.1179009232446378 0.11259621935951825
0.0 0.4907336001344269 0.4161617705599417 0.028909792963269287 0.03163650991356459
0.0 0.7760522565877833 0.2441086032760405 0.06669895802909465 0.08345587310545391
0.0 0.745969444700305 0.3112130888959498 0.07667481969704348 0.09169655125957865
0.0 0.5361241049714481 0.40862087598956204 0.023216378871971477 0.01806040500232242
0.0 0.6421836581029269 0.3791210969573169 0.033988749614610514 0.024767488655430325
