0.0 0.7783312067247472 0.8948426970724266 0.09267171714453504 0.09602557847541116
0.0 0.7382094050124264 0.8662496187747022 0.08333899116573162 0.08821817025256795
0.0 0.7332971211908055 0.8296019895272875 0.1078005041432436 0.11439796287083015
0.0 0.674811721511652 0.8662974516373688 0.06295848172971574 0.06434596956796867
0.0 0.6052580782317867 0.8304915927485164 0.07622208996524715 0.07710420143857355
0.0 0.7017014827425643 0.7119770160587879 0.10205375751689516 0.1084582543596917
0.0 0.5653753128018046 0.5672203348481302 0.019276632116995818 0.018587482528459653
0.0 0.4946956452171464 0.58423871797505 0.13889785630866092 0.14001887297267968
0.0 0.42047535715220524 0.6082309285394419 0.03186811065252959 0.03310857991189464
0.0 0.3791665231934007 0.5356167394708056 0.10421685182019874 0.11065810330771708
0.0 0.2876095555689212 0.5526161994255028 0.07070998230900599 0.07435788079765748
0.0 0.31828973012945877 0.4692949729316313 0.10271534112189029 0.10779667075469701
0.0 0.24006957236486004 0.45639011135400587 0.06412330858934426 0.06489515612850472
0.0 0.20201539858517698 0.4826812663427305 0.046213266039712514 0.046966736256512154
0.0 0.22291387331010393 0.39620296142613737 0.10702509159731077 0.11065461276360133
0.0 0.281568197676767 0.3675971693368869 0.0957251419867573 0.0981141938936827
0.0 0.20111017282705718 0.35125364625546324 0.08290258948788906 0.08491490628641463
0.0 0.1585050754109868 0.3829092709852503 0.0448466764723483 0.04630767360004495
0.0 0.2520612642446632 0.29549269128021927 0.04344488361320256 0.04443725902069473
0.0 0.08272930415209145 0.3754118445579247 0.05581816130981487 0.05730672442105311
0.0 0.09388448501672891 0.29138773045142463 0.07279212393374257 0.07523630780775092
0.0 0.08575666063193946 0.25031168220080624 0.047313578351959984 0.04773625676626225
