0.0 0.894469246031746 0.4292328042328042 0.013640873015873023 0.021164021164021163
0.0 0.8752480158730158 0.40525793650793646 0.03472222222222221 0.04596560846560849
0.0 0.8582589285714286 0.3492063492063492 0.04489087301587302 0.09391534391534395
0.0 0.8374255952380952 0.4216269841269841 0.035962301587301626 0.051587301587301626
0.0 0.7972470238095237 0.457175925925926 0.02951388888888895 0.044642857142857095
0.0 0.7843501984126984 0.4069113756613757 0.0379464285714286 0.0532407407407407
0.0 0.7826140873015872 0.35019841269841273 0.01215277777777779 0.020502645502645467
0.0 0.7566964285714286 0.4355158730158731 0.02529761904761907 0.05886243386243384
0.0 0.7292906746031745 0.4072420634920635 0.030009920634920695 0.03935185185185186
0.0 0.7114335317460317 0.402281746031746 0.024553571428571397 0.0267857142857143
0.0 0.7016369047619048 0.4332010582010583 0.026289682539682557 0.03968253968253965
0.0 0.7068452380952381 0.45982142857142855 0.005456349206349187 0.007605820105820116
0.0 0.6985367063492064 0.3566468253968253 0.020585317460317443 0.05919312169312174
0.0 0.7119295634920635 0.351521164021164 0.011656746031746046 0.02182539682539686
0.0 0.6626984126984127 0.4174933862433862 0.01041666666666674 0.02876984126984128
0.0 0.6670386904761905 0.47238756613756616 0.016121031746031633 0.027447089947089998
0.0 0.6329365079365079 0.43584656084656087 0.012896825396825462 0.022486772486772444
0.0 0.6209077380952381 0.39318783068783064 0.01909722222222221 0.046957671957671976
0.0 0.6026785714285714 0.38806216931216925 0.029265873015873023 0.06911375661375663
0.0 0.6096230158730158 0.4780092592592593 0.03720238095238093 0.03604497354497349
0.0 0.5990823412698413 0.43733465608465605 0.026537698412698374 0.05522486772486768
0.0 0.5611359126984127 0.44973544973544977 0.024057539682539764 0.01719576719576721
0.0 0.5710565476190477 0.42576058201058203 0.009672619047619069 0.015542328042328024
0.0 0.5310019841269842 0.45006613756613756 0.011904761904761973 0.011243386243386277
0.0 0.47718253968253965 0.4680886243386243 0.027281746031746046 0.0710978835978835
0.0 0.3635912698412698 0.39517195767195773 0.025793650793650813 0.05886243386243384
0.0 0.371155753968254 0.5188492063492063 0.024057539682539653 0.03373015873015872
0.0 0.3337053571428571 0.5214947089947091 0.03199404761904767 0.03902116402116407
0.0 0.32093253968253965 0.46759259259259256 0.027281746031746046 0.05820105820105814
0.0 0.2614087301587301 0.44973544973544977 0.016369047619047672 0.028439153439153486
0.0 0.21440972222222227 0.4923941798941799 0.022073412698412676 0.03505291005291
0.0 0.23040674603174605 0.4419642857142857 0.022321428571428603 0.052579365079365115
0.0 0.18625992063492053 0.46808862433862425 0.02876984126984128 0.04993386243386244
0.0 0.160094246031746 0.4055886243386243 0.04439484126984128 0.07242063492063489
0.0 0.01041666666666663 0.4442791005291005 0.020337301587301626 0.02876984126984128
