0.0 0.17283333333333334 0.38487499999999997 0.03566666666666665 0.04125000000000001
0.0 0.18783333333333332 0.42237499999999994 0.02366666666666667 0.020750000000000046
0.0 0.21699999999999997 0.444 0.021999999999999992 0.005499999999999949
0.0 0.25416666666666665 0.40625000000000006 0.037000000000000005 0.04349999999999998
0.0 0.3320000000000001 0.4205 0.03466666666666668 0.04249999999999998
0.0 0.3351666666666666 0.3871250000000001 0.009666666666666657 0.010249999999999981
0.0 0.3946666666666667 0.42825 0.03266666666666668 0.05449999999999999
0.0 0.41833333333333333 0.435875 0.04666666666666669 0.05525000000000002
0.0 0.47883333333333333 0.434875 0.046999999999999986 0.06725000000000003
0.0 0.5028333333333334 0.47274999999999995 0.01633333333333331 0.013000000000000012
0.0 0.5323333333333333 0.43524999999999997 0.03600000000000003 0.051000000000000045
0.0 0.531 0.471 0.016000000000000014 0.008499999999999952
0.0 0.7881666666666667 0.45487500000000003 0.03700000000000003 0.037250000000000005
0.0 0.7613333333333333 0.443875 0.024666666666666615 0.03325
0.0 0.7718333333333334 0.4888749999999999 0.020333333333333314 0.01375000000000004
0.0 0.7453333333333333 0.4891250000000001 0.024666666666666615 0.014249999999999985
0.0 0.8618333333333333 0.481 0.03833333333333333 0.03600000000000003
0.0 0.883 0.4582500000000001 0.022666666666666724 0.013499999999999956
