0.0 0.43558474892592586 0.5490214557954582 0.04877458416374891 0.06262834976365039
0.0 0.43149900238944167 0.4331120398416417 0.06917286576928083 0.09416987761258144
0.0 0.5220065165622892 0.49544133190675615 0.06698762023258592 0.0993933849836598
0.0 0.5400930649972979 0.5638972712697323 0.04768033741305777 0.06864168710334362
0.0 0.6832753234027402 0.634548082643785 0.05212523484985032 0.0633287148567272
0.0 0.655738469049685 0.6497463280172497 0.0439984011703598 0.053515335799857344
0.0 0.6308815813779365 0.6197047394201207 0.039945023338704644 0.04367951667433012
0.0 0.6462227779885995 0.609342400239925 0.028393132609709992 0.02803173002884296
0.0 0.7861913475567115 0.6120446395953498 0.0459545219155284 0.0774567802144348
0.0 0.8116075557081417 0.5681212968120025 0.04142813195790218 0.060281299926463916
0.0 0.8753875450565758 0.667640979576107 0.06973327611740354 0.07943091203733488
0.0 0.8768034805827427 0.6185400817350264 0.046116326501082994 0.060512195972284966
0.0 0.9499481915431418 0.6739674219733971 0.023939798791261846 0.03504962783181831
0.0 0.9248239866513934 0.6915805909095294 0.030494227888940295 0.038083682087147186
