0.0 0.7881666666666667 0.629875 0.07166666666666666 0.10724999999999996
0.0 0.9855 0.5574999999999999 0.02833333333333332 0.025499999999999967
0.0 0.9164999999999999 0.50275 0.04966666666666664 0.025500000000000023
0.0 0.6580000000000001 0.523125 0.06733333333333336 0.06675000000000003
0.0 0.8841666666666665 0.52925 0.025666666666666615 0.012499999999999956
0.0 0.8716666666666666 0.5654999999999999 0.01533333333333331 0.033499999999999974
0.0 0.5671666666666666 0.591375 0.03166666666666662 0.05725000000000002
0.0 0.6025 0.5125 0.04300000000000004 0.05900000000000005
0.0 0.43633333333333335 0.543 0.026000000000000023 0.03249999999999997
0.0 0.40183333333333326 0.548125 0.04099999999999998 0.03774999999999995
0.0 0.43116666666666664 0.5885 0.02300000000000002 0.012499999999999956
0.0 0.3695 0.501875 0.04633333333333334 0.020750000000000046
0.0 0.27866666666666673 0.527125 0.040666666666666684 0.028750000000000053
0.0 0.1835 0.4895 0.04566666666666666 0.029000000000000026
0.0 0.18566666666666667 0.530875 0.03466666666666668 0.03674999999999995
0.0 0.13383333333333333 0.51375 0.05499999999999999 0.06299999999999994
0.0 0.09633333333333334 0.522375 0.04266666666666666 0.036250000000000004
0.0 0.0545 0.59825 0.048333333333333325 0.0595
0.0 0.12033333333333332 0.566125 0.020666666666666653 0.011249999999999982
0.0 0.1315 0.590375 0.013000000000000012 0.008750000000000036
0.0 0.1875 0.57325 0.02099999999999999 0.01200000000000001
