0.0 0.040124446175692954 0.7134326814176065 0.047827571284419834 0.07240906096620958
0.0 0.04708325980652135 0.6773517118984571 0.04767830385477301 0.08298917339766931
0.0 0.11962276060273053 0.6784923714786478 0.05376781741065163 0.08507518700537386
0.0 0.12828622964193642 0.6115183519017575 0.04587210815952024 0.07309590780710473
0.0 0.2000163499282841 0.6333912042302061 0.024526193009104413 0.03453494287953984
0.0 0.2592358421265324 0.6556165463360298 0.03567603687045756 0.05721486659163477
0.0 0.27761340398445356 0.6346981103550423 0.03063535488421637 0.05337523458984572
0.0 0.32058275007530057 0.5602180176254292 0.029458458130746157 0.04242979796283042
0.0 0.3588961291200343 0.5504142990601831 0.033816409706195594 0.029332489764240632
0.0 0.35771752252650546 0.587376259552664 0.030094824487800098 0.03361790444219337
0.0 0.4202296667167312 0.5715744533227756 0.035208586262283625 0.0722009257834132
0.0 0.4429150746717149 0.5300751903571657 0.03673900327063795 0.039941803229177286
0.0 0.7223958513410379 0.5015266530197879 0.04839559437863117 0.08114422395469617
0.0 0.7357064604687185 0.40005405331687793 0.042544116797765597 0.04766859673142865
0.0 0.788533993263711 0.44161339564772983 0.04817876064943216 0.08925467011769966
0.0 0.8045277392177894 0.3688578047916534 0.06282784251129148 0.08348590224387037
0.0 0.8292671375491637 0.29406214611658854 0.025541241428965966 0.031546491351227335
0.0 0.8791333177298195 0.3578904050643837 0.03159619487177823 0.05241439460228414
0.0 0.9790812279787205 0.4275172070856994 0.041837544042558905 0.07987646183853286
