0.0 0.033166666666666664 0.5322499999999999 0.05299999999999999 0.06399999999999995
0.0 0.07966666666666666 0.42300000000000004 0.020000000000000004 0.02150000000000002
0.0 0.10683333333333334 0.4882500000000001 0.015666666666666662 0.020500000000000018
0.0 0.193 0.50275 0.03533333333333333 0.04049999999999998
0.0 0.22583333333333333 0.520125 0.032333333333333325 0.02475000000000005
0.0 0.26666666666666666 0.580125 0.06199999999999997 0.05425000000000002
0.0 0.2841666666666667 0.5137499999999999 0.02566666666666667 0.015499999999999958
0.0 0.3215 0.5345 0.017666666666666664 0.020499999999999963
0.0 0.3938333333333333 0.56775 0.05166666666666664 0.03249999999999997
0.0 0.40566666666666673 0.602125 0.03866666666666668 0.020750000000000046
0.0 0.4488333333333333 0.5935 0.034999999999999976 0.03200000000000003
0.0 0.4405 0.535375 0.04366666666666669 0.031749999999999945
0.0 0.39016666666666666 0.5075 0.02566666666666667 0.018000000000000016
0.0 0.3526666666666667 0.48325 0.01533333333333331 0.014000000000000012
0.0 0.362 0.49925 0.016000000000000014 0.01100000000000001
0.0 0.7168333333333334 0.6387500000000002 0.041000000000000036 0.041000000000000036
0.0 0.7388333333333333 0.580875 0.024333333333333318 0.01924999999999999
0.0 0.7685 0.57025 0.03633333333333333 0.018000000000000016
0.0 0.818 0.53125 0.028666666666666618 0.017000000000000015
0.0 0.8706666666666667 0.6087499999999999 0.03733333333333333 0.035499999999999976
0.0 0.7601666666666667 0.610625 0.049000000000000044 0.052749999999999964
0.0 0.9730000000000001 0.57125 0.03933333333333333 0.024499999999999966
0.0 0.6493333333333333 0.5470000000000002 0.013333333333333308 0.019000000000000017
0.0 0.20950000000000002 0.614125 0.035 0.05674999999999997
0.0 0.17433333333333334 0.5435 0.028666666666666674 0.024499999999999966
