0.0 0.0554859039057253 0.635887216630596 0.06341631618901764 0.09496963444859718
0.0 0.10612858850742854 0.635965211948492 0.05208184729713512 0.09489818532306771
0.0 0.13267971684087485 0.6073704021135374 0.06623586217342999 0.1241306469241259
0.0 0.16074131393504262 0.6746136763593601 0.048445641437398546 0.0606212855841326
0.0 0.24249359655654895 0.6861089784082917 0.06181004710680538 0.06955085398155025
0.0 0.2315416820672804 0.525231339065562 0.06207638102412211 0.11827786427096765
0.0 0.437192260783767 0.4834853876791573 0.019243620045442333 0.013196114674547843
0.0 0.48774671559611704 0.5411951104296919 0.11456104367443509 0.12439831907775667
0.0 0.5371059509366203 0.6070716369154032 0.022391338537050776 0.03327684820466115
0.0 0.6169294438668808 0.5696419734673861 0.06378407012402532 0.1203080869906521
0.0 0.6854893665857049 0.6400490195908131 0.04613705311900573 0.0781485148822737
0.0 0.7097864810798877 0.5495519732768934 0.06788198618018082 0.1124722591149091
0.0 0.7850623468346485 0.586063065379814 0.05188109318191203 0.0586542991973138
0.0 0.8018503694351257 0.6318969796484346 0.036609588756409295 0.04322152796192069
0.0 0.8365008005945215 0.5446356318777298 0.07732245273694582 0.10917264769032298
0.0 0.8033672489113945 0.4842618965477304 0.07255269849223522 0.09351738377800267
0.0 0.8826659498072416 0.519172031513631 0.06305869626020078 0.08071741194321258
0.0 0.9001095728146808 0.5724009031071662 0.032637473136469586 0.04545818452276584
0.0 0.8727083988756918 0.44008455399143825 0.033291908030228856 0.04200031576431662
0.0 0.9699856837770015 0.6120840554634528 0.04192805100336994 0.05499066260450214
0.0 0.9925979295065979 0.5328713172076549 0.01480414098680416 0.07413524694000484
