0.0 0.06 0.6303749999999999 0.038666666666666676 0.03225
0.0 0.028166666666666666 0.551625 0.028999999999999998 0.027750000000000052
0.0 0.0975 0.5727499999999999 0.043 0.02949999999999997
0.0 0.12416666666666666 0.4635 0.01833333333333334 0.009500000000000008
0.0 0.35533333333333333 0.59425 0.014000000000000012 0.016000000000000014
0.0 0.38716666666666666 0.6212500000000001 0.032333333333333325 0.061000000000000054
0.0 0.44083333333333335 0.5983750000000001 0.025000000000000022 0.02575000000000005
0.0 0.3895 0.547625 0.03633333333333333 0.018750000000000044
0.0 0.5841666666666666 0.5951249999999999 0.018333333333333313 0.03674999999999995
0.0 0.6196666666666667 0.65175 0.03466666666666662 0.026000000000000023
0.0 0.6686666666666666 0.6512499999999999 0.03266666666666662 0.025499999999999967
0.0 0.6746666666666666 0.694 0.018000000000000016 0.03649999999999998
0.0 0.7004999999999999 0.6985 0.03166666666666662 0.04249999999999998
0.0 0.7996666666666666 0.6505 0.03200000000000003 0.024499999999999966
0.0 0.7746666666666666 0.6207499999999999 0.028666666666666618 0.01749999999999996
0.0 0.5521666666666667 0.54825 0.02300000000000002 0.016000000000000014
0.0 0.9161666666666666 0.6344999999999998 0.05366666666666664 0.045499999999999985
0.0 0.924 0.5983750000000001 0.024666666666666615 0.02575000000000005
0.0 0.9915 0.625375 0.01633333333333331 0.019750000000000045
1.0 0.22586333333333336 0.44720249999999995 0.04710666666666666 0.03384249999999994
