0.0 0.021599264705882353 0.5435049019607843 0.043198529411764705 0.08047385620915037
0.0 0.06969975490196079 0.5518790849673203 0.029105392156862753 0.08333333333333337
0.0 0.09895833333333333 0.5298202614379086 0.036151960784313736 0.10947712418300648
0.0 0.11381740196078433 0.596609477124183 0.034007352941176475 0.049428104575163445
0.0 0.1875 0.6207107843137255 0.045343137254901966 0.05514705882352944
0.0 0.20389093137254902 0.47017973856209144 0.03339460784313725 0.10457516339869277
0.0 0.40088848039215685 0.46548202614379086 0.016237745098039214 0.008578431372548989
0.0 0.4381127450980392 0.5271650326797386 0.08517156862745101 0.09763071895424835
0.0 0.4728860294117647 0.5962009803921569 0.014399509803921573 0.028186274509804043
0.0 0.5528492647058824 0.5747549019607843 0.03462009803921573 0.10620915032679745
0.0 0.604626225490196 0.6511437908496732 0.027267156862745057 0.06781045751633985
0.0 0.6420036764705882 0.5714869281045751 0.040747549019607865 0.09722222222222221
0.0 0.7055759803921569 0.6176470588235294 0.03799019607843135 0.04656862745098034
0.0 0.7135416666666666 0.6627859477124183 0.026348039215686292 0.03472222222222232
0.0 0.7599571078431373 0.5878267973856209 0.051164215686274495 0.0915032679738561
0.0 0.7392769607843137 0.5265522875816994 0.05024509803921573 0.07679738562091498
0.0 0.8068321078431373 0.5718954248366014 0.04381127450980393 0.06617647058823528
0.0 0.8141850490196079 0.6239787581699346 0.021752450980392135 0.03799019607843124
0.0 0.8106617647058825 0.49714052287581695 0.023284313725490224 0.03431372549019607
0.0 0.8722426470588235 0.6721813725490196 0.028799019607843146 0.04534313725490202
0.0 0.9237132352941176 0.6058006535947712 0.03492647058823528 0.06209150326797386
0.0 0.9583333333333334 0.5829248366013071 0.028799019607843146 0.03349673202614378
