0.0 0.7360633679039662 0.0821863035378351 0.09492205369113438 0.10885162152255828
0.0 0.6843907575914164 0.09739937433530746 0.04012209523235932 0.03492595171555829
0.0 0.7260537429662166 0.13897567186204027 0.04185549857920545 0.039855105300436844
0.0 0.7189399029446659 0.10707156038690083 0.02875116778283271 0.03460597737922827
0.0 0.8329361668882304 0.028818019044162868 0.028211254684536557 0.0283576249244466
0.0 0.6926686582944221 0.359239027048329 0.026927651118903828 0.03026977159684613
0.0 0.5604595643397856 0.37287837576592703 0.10617918928800263 0.1246218395166484
0.0 0.5391706588779979 0.4027599877855824 0.04617748718028425 0.05552078749453215
0.0 0.5701164856545758 0.4432674425290609 0.04466923932544531 0.050743604281705934
0.0 0.5340105851690342 0.5434520357680506 0.02803128365177132 0.026274840772852692
0.0 0.45927009818650727 0.5980499170173444 0.05682738029244505 0.06221868412912612
0.0 0.4274467528743223 0.5380340364787768 0.03091312058862561 0.03018126938907617
0.0 0.4257539331615024 0.6811925279643982 0.07130440556593043 0.07803743660178508
0.0 0.4167130263823965 0.7185382554152552 0.030530138991022304 0.032701297549685426
0.0 0.18757219270595954 0.8762573676557227 0.044805176105273015 0.04004814330820161
0.0 0.13670087169092798 0.822980451387461 0.031092836019990022 0.03553273329725659
