0.0 0.042162698412698416 0.4249338624338625 0.016369047619047616 0.016534391534391513
0.0 0.09139384920634921 0.5803571428571428 0.01860119047619048 0.03373015873015872
0.0 0.12202380952380953 0.4833002645502646 0.01736111111111112 0.021494708994708955
0.0 0.19419642857142858 0.5249669312169313 0.04464285714285715 0.09755291005291
0.0 0.23598710317460317 0.48677248677248675 0.014136904761904767 0.021164021164021163
0.0 0.24156746031746032 0.5729166666666666 0.013888888888888895 0.023478835978836043
0.0 0.29166666666666663 0.593915343915344 0.020833333333333315 0.025793650793650813
0.0 0.32700892857142855 0.5385251322751322 0.05034722222222221 0.08564814814814814
0.0 0.5124007936507936 0.5198412698412699 0.021329365079365115 0.06150793650793651
0.0 0.4461805555555556 0.5722552910052909 0.01438492063492064 0.020171957671957674
0.0 0.46366567460317465 0.5228174603174602 0.031994047619047616 0.034391534391534306
0.0 0.4920634920634921 0.5128968253968254 0.01438492063492064 0.011904761904761862
0.0 0.48325892857142855 0.5846560846560847 0.015625 0.03703703703703709
0.0 0.6121031746031746 0.5072751322751322 0.018849206349206393 0.027116402116402094
0.0 0.6372767857142857 0.523478835978836 0.026537698412698374 0.031746031746031744
0.0 0.7922867063492064 0.5958994708994709 0.019593253968253954 0.04629629629629628
0.0 0.8151041666666666 0.5494378306878307 0.035962301587301626 0.04133597883597884
0.0 0.7847222222222221 0.5287698412698413 0.014384920634920584 0.0165343915343914
0.0 0.7601686507936508 0.5347222222222222 0.026289682539682557 0.042328042328042326
1.0 0.8946056547619048 0.5907705026455026 0.04188988095238089 0.049725529100529076
