0.0 0.14318230686391942 0.2061219402453729 0.07109283810571734 0.0804724676369516
0.0 0.10053082373388723 0.14380563435593904 0.04666160031699765 0.06664690208310281
0.0 0.11418733992502142 0.15248945957905946 0.03185150399132647 0.031730006199471084
0.0 0.1931021654691007 0.30401291612400444 0.08803053938881764 0.09539330557525272
0.0 0.22050277615323424 0.33286066544061 0.05182997474129508 0.0586581506435665
0.0 0.28395304292161905 0.26755893956605775 0.057913238152488056 0.059760004588689686
0.0 0.2701854849211339 0.2200498725393589 0.0911287984822989 0.10002243684611173
0.0 0.30115542471189827 0.30029162169221374 0.05275655182754102 0.05732486880130283
0.0 0.3397041967362705 0.3568373841747547 0.07102378079253413 0.08108379795815845
0.0 0.38393206272226266 0.28287713481322163 0.057740594869530315 0.061288330391707
0.0 0.5164891635714708 0.4000701150876683 0.08992789102389587 0.10149448080852663
0.0 0.7458652144154452 0.4586940348703684 0.08820128379120029 0.09617153893691227
0.0 0.9110849053089742 0.5663638243528336 0.07125201482152987 0.07448385608488262
0.0 0.9235478119152842 0.6230056870614493 0.03196855652824626 0.03527329646671218
0.0 0.6739378850896334 0.45744209379292866 0.03598959494682297 0.04318226422466054
1.0 0.8621519684479602 0.6095859987993173 0.06887129125162572 0.07158555192167437
