0.0 0.4103349673202615 0.01133578431372549 0.03880718954248363 0.02267156862745098
0.0 0.4407679738562091 0.03431372549019608 0.023692810457516367 0.01470588235294118
0.0 0.4254493464052288 0.02267156862745098 0.013480392156862697 0.010416666666666664
0.0 0.3654003267973856 0.0059742647058823525 0.0191993464052288 0.011948529411764705
0.0 0.35743464052287577 0.033854166666666664 0.07516339869281041 0.0352328431372549
0.0 0.4197303921568627 0.0704656862745098 0.07230392156862742 0.05147058823529411
0.0 0.36621732026143794 0.13710171568627452 0.07148692810457513 0.03216911764705882
0.0 0.3263888888888888 0.16145833333333337 0.08333333333333337 0.0545343137254902
0.0 0.43770424836601307 0.13924632352941177 0.049428104575163445 0.029105392156862753
0.0 0.40870098039215685 0.17064950980392157 0.052696078431372584 0.025122549019607837
0.0 0.38868464052287577 0.19776348039215685 0.11315359477124187 0.041973039215686264
0.0 0.4197303921568627 0.23927696078431374 0.12132352941176472 0.04411764705882354
0.0 0.4777369281045752 0.18045343137254902 0.032271241830065356 0.017156862745098034
0.0 0.4487336601307189 0.3010110294117647 0.06903594771241828 0.02113970588235292
0.0 0.47324346405228757 0.3399203431372549 0.12622549019607843 0.04993872549019607
0.0 0.5149101307189543 0.36182598039215685 0.02573529411764708 0.025122549019607865
0.0 0.45343137254901966 0.3903186274509804 0.07761437908496727 0.030637254901960786
0.0 0.4123774509803922 0.4296875 0.10498366013071891 0.04381127450980393
0.0 0.4816176470588235 0.4621629901960784 0.0106209150326797 0.014399509803921573
0.0 0.5030637254901961 0.4866727941176471 0.029003267973856106 0.026654411764705843
0.0 0.47528594771241833 0.6213235294117647 0.04125816993464049 0.06801470588235292
0.0 0.3937908496732026 0.6205575980392157 0.01715686274509809 0.016850490196078427
0.0 0.49468954248366015 0.688265931372549 0.07189542483660127 0.038909313725490224
0.0 0.4293300653594771 0.7185968137254903 0.08251633986928109 0.04136029411764708
0.0 0.5185866013071896 0.9623161764705882 0.08374183006535951 0.04718137254901955
0.0 0.4916258169934641 0.9928002450980393 0.09681372549019618 0.01378676470588236
