0.0 0.9328333333333334 0.422875 0.025000000000000022 0.016750000000000043
0.0 0.9286666666666668 0.3783750000000001 0.08333333333333337 0.06074999999999997
0.0 0.9470000000000001 0.38025 0.014666666666666717 0.014499999999999957
0.0 0.8728333333333333 0.41250000000000003 0.057666666666666644 0.033499999999999974
0.0 0.9219999999999999 0.25575 0.04599999999999993 0.049000000000000044
0.0 0.8963333333333333 0.26999999999999996 0.026000000000000023 0.03700000000000003
0.0 0.8031666666666666 0.39087500000000003 0.01966666666666661 0.014249999999999985
0.0 0.7613333333333334 0.36424999999999996 0.02866666666666673 0.050000000000000044
0.0 0.7415 0.337125 0.019000000000000017 0.04525000000000001
0.0 0.6616666666666666 0.3365000000000001 0.03266666666666662 0.04349999999999998
0.0 0.6803333333333333 0.3641250000000001 0.026666666666666616 0.03474999999999995
0.0 0.6346666666666667 0.383 0.03733333333333333 0.04400000000000004
0.0 0.64 0.4110000000000001 0.009333333333333416 0.007499999999999951
0.0 0.5746666666666667 0.42075 0.026000000000000023 0.019499999999999962
0.0 0.5456666666666667 0.418375 0.033333333333333326 0.048250000000000015
0.0 0.5053333333333334 0.407875 0.02733333333333332 0.03125
0.0 0.5185 0.376625 0.04366666666666663 0.04774999999999996
0.0 0.5740000000000001 0.302 0.01733333333333331 0.02300000000000002
0.0 0.4448333333333333 0.38312500000000005 0.03433333333333333 0.031749999999999945
0.0 0.2385000000000001 0.42249999999999993 0.023666666666666614 0.02300000000000002
0.0 0.20833333333333343 0.38549999999999995 0.02533333333333332 0.03049999999999997
0.0 0.17233333333333334 0.3948749999999999 0.026000000000000023 0.021750000000000047
0.0 0.07966666666666672 0.43062500000000004 0.031333333333333324 0.043749999999999956
0.0 0.04883333333333323 0.40249999999999997 0.03700000000000003 0.04600000000000004
0.0 0.027500000000000024 0.4386250000000001 0.02966666666666662 0.03674999999999995
0.0 0.051166666666666694 0.4301249999999999 0.014333333333333309 0.011750000000000038
0.0 0.4260000000000001 0.353875 0.02733333333333332 0.021750000000000047
0.0 0.4223333333333334 0.386625 0.021333333333333315 0.006750000000000034
0.0 0.8494999999999999 0.3293749999999999 0.009000000000000008 0.003750000000000031
