0.0 0.06296353984088612 0.5444763437747531 0.02376580213688044 0.016396358626867724
0.0 0.06531498783536895 0.5858970208264609 0.07938823297737313 0.059215311854004526
0.0 0.048372454205114476 0.5835341493725472 0.014103137692906248 0.01395426004623912
0.0 0.11826765879899007 0.5561412083530586 0.05464333384995916 0.03305607508325503
0.0 0.06732813533828987 0.6998728032556285 0.044353577498034265 0.04703337513803896
0.0 0.09162166845349494 0.6875272880826276 0.025389027218268384 0.035214951898285385
0.0 0.18215608378054643 0.5785705649459582 0.018732634443812013 0.013894110927136882
0.0 0.22005576840850619 0.6046912834032396 0.028309235564392743 0.04736557433775934
0.0 0.23753087421554828 0.6305275025942434 0.019179104834809613 0.04262733418485054
0.0 0.3115643647561785 0.6338227131302074 0.03179642153129458 0.041473468564644844
0.0 0.2951884856608195 0.6075623684735688 0.025930148687969945 0.03315071455131591
0.0 0.3381916714913744 0.5916069048749535 0.036142475914384076 0.042097581781061266
0.0 0.33419677299110007 0.5654522237087724 0.008915390404250156 0.007277736290913772
0.0 0.39513271358019514 0.5586302060809266 0.024787884346538447 0.018981656126528135
0.0 0.42195282049681193 0.5618197018482011 0.0325780001496882 0.04590254952637829
0.0 0.45900955531540677 0.572931576792237 0.026428331381119607 0.029926956077792388
0.0 0.4457329956845023 0.6014717541255208 0.04214619928524782 0.045793701628587535
0.0 0.391711963875792 0.6688073890949859 0.016868766443442706 0.021930606430118238
0.0 0.514288531659113 0.5979479413194804 0.03293882520044328 0.030631221677105858
0.0 0.7070261196922878 0.5684412451778835 0.022743673484650118 0.022148162897982493
0.0 0.7337507120225839 0.6037891591356932 0.02454733431270162 0.02916254135937657
0.0 0.7674638015967021 0.5963172542232815 0.024865174144332314 0.02106879415432561
0.0 0.8546389678185393 0.5663069128113793 0.0305681867516141 0.041659571428300124
0.0 0.8822838455521256 0.5934449027620761 0.03590197232311976 0.043941365243133634
0.0 0.9033017613971174 0.5606603739301409 0.028781701434183127 0.035109001417527486
0.0 0.8810590425104066 0.5677401198952567 0.013699466750743627 0.011391863227406374
0.0 0.5307637408422567 0.6257213324384946 0.026101996679323336 0.02111459551598127
0.0 0.5352789608920477 0.5954665968755941 0.020021029953237957 0.006994235869882015
0.0 0.13708464048100397 0.6340430229686469 0.008477368440845845 0.003787722570837704
