0.0 0.989355007164491 0.42070923575460606 0.02128998567101792 0.03927885722257035
0.0 0.9668367727689586 0.45064853823256185 0.015204599634103588 0.023999089197816237
0.0 0.9788008970467744 0.4355800315492947 0.010699959473951415 0.013698080916126176
0.0 0.9952952413800218 0.3758982866706969 0.009409517239956422 0.019448209345406198
0.0 0.9690619497935851 0.36734365106520656 0.036817544631045696 0.07589306076072344
0.0 0.9311386863647901 0.4288496680923974 0.05299105579911467 0.0733782816059031
0.0 0.8656514871585292 0.373936682200443 0.03367660748948298 0.07215249933072576
0.0 0.8421442486395623 0.3336011084966357 0.05628779188546429 0.08447013344190712
0.0 0.8619926488269052 0.4453621197888301 0.030146172985953235 0.05003371188571254
0.0 0.8312110530001349 0.415699971860667 0.026233467991493953 0.05321656097106686
0.0 0.8045272889776842 0.39511361714652604 0.04436118871795036 0.11401754355781057
0.0 0.7623653107935626 0.4252727839849989 0.04667842502502084 0.12223108536782484
0.0 0.8199465534771833 0.4845126887462323 0.01783679520502368 0.0326275276530858
0.0 0.7000305614775867 0.45296147861252845 0.02259773889887784 0.06946837077821005
0.0 0.6606106532631806 0.47664134388305224 0.05260206255963373 0.1272552864697853
0.0 0.6378270732414947 0.5178345051607437 0.025662205193942134 0.026261829482377097
0.0 0.6106434752065771 0.455765828355031 0.03227492110888752 0.07824611655556707
0.0 0.5721533185994785 0.41388695007128296 0.04602590138079998 0.10588839284288915
0.0 0.5382180125762078 0.48242348938836666 0.014621319965343327 0.010923636853327756
0.0 0.5132592976338919 0.5033454232565955 0.027262968003987587 0.029561527776321483
0.0 0.37922736586531897 0.47272081354638457 0.06887364144575103 0.04269004751742478
0.0 0.38171989692066555 0.3912602406032302 0.017210238051600435 0.017510050195817972
0.0 0.31188885668967137 0.4907016325579596 0.04042394585858822 0.07270372005266967
0.0 0.282949663274112 0.42471415830176906 0.043099418914171295 0.08337418362071886
0.0 0.037393790611921746 0.5087865698728196 0.048945156976390625 0.08472273951967613
0.0 0.00770266987169177 0.48118592192553433 0.01540533974338354 0.09708411336722483
