0.0 0.9923115079365079 0.5281084656084656 0.015376984126984072 0.07539682539682535
0.0 0.9706101190476191 0.5252976190476191 0.04439484126984128 0.08498677248677255
0.0 0.9402281746031746 0.4932208994708994 0.02430555555555547 0.027447089947089998
0.0 0.9248511904761905 0.5539021164021164 0.04712301587301582 0.07341269841269837
0.0 0.8704117063492064 0.5803571428571428 0.057787698412698374 0.05886243386243384
0.0 0.7462797619047619 0.4275793650793651 0.02529761904761907 0.04960317460317465
0.0 0.6999007936507936 0.4890873015873016 0.04761904761904767 0.07407407407407396
0.0 0.6677827380952381 0.5714285714285714 0.03149801587301582 0.04034391534391535
0.0 0.6312003968253969 0.5193452380952381 0.026289682539682557 0.05787037037037035
0.0 0.6134672619047619 0.587962962962963 0.046875 0.0978835978835978
0.0 0.5993303571428572 0.5319113756613757 0.027033730158730118 0.043320105820105814
0.0 0.5771329365079365 0.5474537037037037 0.032738095238095344 0.07705026455026465
0.0 0.5359623015873016 0.5707671957671958 0.055059523809523836 0.06018518518518512
0.0 0.4544890873015873 0.6592261904761905 0.02256944444444442 0.0367063492063493
0.0 0.4588293650793651 0.4578373015873016 0.015873015873015817 0.03736772486772488
0.0 0.4807787698412699 0.42708333333333337 0.02852182539682535 0.07043650793650791
0.0 0.5102926587301587 0.4087301587301588 0.04241071428571419 0.08399470899470896
0.0 0.3776041666666666 0.5783730158730159 0.03645833333333337 0.08134920634920628
0.0 0.3288690476190477 0.5548941798941799 0.03968253968253965 0.07870370370370372
0.0 0.36073908730158727 0.5479497354497355 0.03447420634920639 0.0720899470899472
0.0 0.34449404761904767 0.6329365079365079 0.02529761904761907 0.042328042328042326
1.0 0.18145833333333328 0.6316369047619048 0.03667162698412696 0.04747685185185191
