0.0 0.03993055555555555 0.4307208994708994 0.02678571428571428 0.059193121693121686
0.0 0.14273313492063494 0.41335978835978837 0.019593253968253982 0.03968253968253971
0.0 0.10032242063492064 0.30952380952380953 0.023561507936507936 0.027116402116402094
0.0 0.20498511904761904 0.4422949735449736 0.013640873015873023 0.014880952380952384
0.0 0.38244047619047616 0.3571428571428571 0.02132936507936506 0.037037037037037035
0.0 0.3810763888888889 0.4004629629629629 0.019593253968253954 0.03902116402116401
0.0 0.4176587301587301 0.40062830687830686 0.019841269841269826 0.03273809523809523
0.0 0.4227430555555556 0.43039021164021163 0.031001984126984128 0.02414021164021163
0.0 0.44308035714285715 0.5901124338624337 0.017609126984126977 0.044642857142857095
0.0 0.4429563492063492 0.5562169312169312 0.012400793650793662 0.02182539682539686
0.0 0.45089285714285715 0.5424933862433863 0.005456349206349187 0.018849206349206393
0.0 0.7297867063492064 0.501984126984127 0.024553571428571397 0.03835978835978837
0.0 0.720362103174603 0.45353835978835977 0.024057539682539653 0.023478835978835988
0.0 0.9501488095238095 0.5472883597883598 0.019345238095238138 0.046957671957671976
0.0 0.9543650793650795 0.5087632275132276 0.019841269841269882 0.02480158730158727
