0.0 0.46345899470899465 0.9045138888888888 0.008267195767195756 0.0064484126984126755
0.0 0.48330026455026454 0.8725198412698413 0.031415343915343896 0.016369047619047672
0.0 0.5127314814814816 0.8921130952380952 0.02083333333333337 0.010912698412698374
0.0 0.5469576719576719 0.7767857142857143 0.01851851851851849 0.016865079365079305
0.0 0.5238095238095238 0.7534722222222223 0.0489417989417989 0.023809523809523836
0.0 0.43353174603174605 0.7534722222222222 0.02380952380952378 0.024801587301587213
0.0 0.45634920634920634 0.7478918650793651 0.021164021164021163 0.021081349206349187
0.0 0.26355820105820105 0.8686755952380952 0.021825396825396803 0.013640873015873023
0.0 0.5319113756613757 0.6566220238095238 0.058531746031746046 0.018105158730158832
0.0 0.46759259259259256 0.6304563492063492 0.037037037037037035 0.03025793650793651
0.0 0.5219907407407407 0.6290922619047619 0.0896164021164021 0.050843253968253954
0.0 0.5183531746031746 0.5757688492063492 0.06448412698412698 0.04241071428571419
0.0 0.5309193121693123 0.5616319444444444 0.047949735449735464 0.017609126984126977
0.0 0.5239748677248677 0.5419146825396826 0.08300264550264552 0.02529761904761907
0.0 0.45833333333333337 0.5007440476190477 0.06878306878306878 0.03273809523809523
0.0 0.41600529100529093 0.4662698412698412 0.021825396825396803 0.017857142857142905
0.0 0.40575396825396826 0.5187251984126984 0.03306878306878308 0.015128968253968256
0.0 0.46924603174603174 0.3343253968253969 0.013888888888888895 0.01041666666666663
0.0 0.4623015873015873 0.2697172619047619 0.07671957671957674 0.05233134920634919
0.0 0.4021164021164021 0.24702380952380953 0.041666666666666685 0.02430555555555558
0.0 0.4699074074074074 0.1949404761904761 0.03968253968253965 0.029761904761904767
0.0 0.3921957671957672 0.20771329365079366 0.04894179894179895 0.021081349206349187
0.0 0.5216600529100529 0.19704861111111122 0.020171957671957674 0.021081349206349187
0.0 0.5537367724867723 0.20200892857142855 0.01951058201058198 0.006200396825396859
0.0 0.5479497354497354 0.16889880952380953 0.06878306878306872 0.03224206349206349
0.0 0.33664021164021163 0.15587797619047616 0.015873015873015872 0.015625
0.0 0.4158399470899471 0.19890873015873006 0.015542328042328024 0.022817460317460347
