0.0 0.517526455026455 0.939484126984127 0.05555555555555558 0.038690476190476275
0.0 0.48462301587301587 0.8968253968253967 0.016865079365079416 0.01388888888888895
0.0 0.49024470899470896 0.5797371031746033 0.0625 0.015128968253968256
0.0 0.5122354497354498 0.5951140873015873 0.03703703703703709 0.04092261904761907
0.0 0.5537367724867726 0.589781746031746 0.03802910052910047 0.029761904761904656
0.0 0.5216600529100529 0.5487351190476191 0.06117724867724861 0.03893849206349209
0.0 0.5851521164021164 0.5363343253968254 0.04133597883597884 0.02157738095238093
0.0 0.5555555555555556 0.5401785714285715 0.017857142857142794 0.016369047619047672
0.0 0.4828042328042328 0.5562996031746031 0.01388888888888884 0.008928571428571397
0.0 0.6155753968253967 0.4737103174603174 0.03670634920634919 0.02876984126984128
0.0 0.5841600529100529 0.3909970238095239 0.0347222222222221 0.02604166666666663
0.0 0.523478835978836 0.4110863095238095 0.012566137566137559 0.015128968253968256
0.0 0.4988425925925926 0.4255952380952382 0.024801587301587324 0.012400793650793607
0.0 0.47701719576719587 0.4592013888888888 0.013558201058201047 0.015128968253968256
0.0 0.5621693121693121 0.3123759920634921 0.07605820105820105 0.03298611111111116
0.0 0.5259589947089947 0.24863591269841268 0.03472222222222221 0.01661706349206349
0.0 0.41220238095238093 0.2266865079365079 0.10085978835978837 0.019345238095238138
0.0 0.4490740740740741 0.24020337301587302 0.031746031746031744 0.03298611111111116
0.0 0.42675264550264547 0.21354166666666663 0.014880952380952328 0.012896825396825351
0.0 0.5085978835978836 0.21602182539682535 0.04034391534391535 0.022321428571428603
0.0 0.4148478835978836 0.13789682539682535 0.04133597883597884 0.010912698412698374
0.0 0.4123677248677249 0.14930555555555558 0.01719576719576721 0.014880952380952328
0.0 0.35780423280423285 0.1624503968253968 0.01851851851851849 0.015873015873015928
0.0 0.546957671957672 0.04923115079365081 0.045634920634920695 0.020585317460317443
0.0 0.545138888888889 0.022073412698412676 0.03339947089947093 0.03224206349206349
1.0 0.6285449735449735 0.11284970238095249 0.04638227513227511 0.042480158730158646
