0.0 0.07819707294249133 0.7907008651963385 0.036692894310018154 0.03811727883116489
0.0 0.19076865570782936 0.7910264987408582 0.07203206611015411 0.09701814458526903
0.0 0.5309131986087133 0.681357179959761 0.0333576999012688 0.05745353805066711
0.0 0.5639972461992184 0.690746341758728 0.02818880861893225 0.03519203251457004
0.0 0.5902758050291694 0.6756810628101846 0.030438268847710837 0.04094310469116769
0.0 0.6604305138764975 0.6391691921851768 0.029345204810167225 0.029463903520262735
0.0 0.7110770485720739 0.5678120868772218 0.03391078917485846 0.040379868875066394
0.0 0.7467966527217689 0.5622736288213876 0.03531606203017357 0.05466395177574912
0.0 0.7516672222987253 0.5979562437414729 0.01574288984800909 0.023636354069363708
0.0 0.7782579899464476 0.5859631685019304 0.023378345694291758 0.024209236664960776
0.0 0.7659499571925439 0.540382341103989 0.05159292948594041 0.07693510409134185
0.0 0.9437015645922128 0.5746659446256064 0.02237638803522146 0.023029230940746603
0.0 0.835223027937501 0.619707350591816 0.018814760381666074 0.02326596201024944
0.0 0.8170785715559583 0.6178181511851271 0.016676850898569073 0.01875407832524123
1.0 0.43885347263733226 0.7382485057854283 0.04515261446436858 0.04959135272839199
