0.0 0.06237293657138618 0.4642693252460143 0.037522116605420874 0.06310247900163168
0.0 0.0825966224846976 0.4370766663918667 0.03630415619817712 0.07304988850022576
0.0 0.14240980389143648 0.46705936584768926 0.041808247918103336 0.07438779741946622
0.0 0.17641519712204515 0.41488140032455 0.03561643140401788 0.06394647444868129
0.0 0.22725754325868214 0.46176556241761857 0.019506049669925307 0.029921506671639786
0.0 0.2675642927677204 0.5039350334252685 0.02766260982831681 0.05007667329600646
0.0 0.2912062713176724 0.49391074688475667 0.023321768267976883 0.04698568657587221
0.0 0.3567192592373548 0.4492277494875801 0.023331993569569442 0.03683042584379137
0.0 0.3924761692692406 0.4564177696051841 0.02875734069895819 0.02409121596219016
0.0 0.37670236318380856 0.4866560144203056 0.024827088954795407 0.028493329819398838
0.0 0.4349657389576641 0.4985484019028853 0.025697101728460015 0.06419263080679682
0.0 0.4704246811806072 0.4731487267302202 0.030420150566851545 0.03375309680740013
0.0 0.7140594125330187 0.5612952527930017 0.03716547258135061 0.0712448478909603
0.0 0.7657344539766453 0.4823140826858425 0.035082612051238526 0.04041532603611636
0.0 0.7929917059086105 0.5379888148095858 0.03613567725995903 0.07888071279499548
0.0 0.8354016472819166 0.48394125535570653 0.050475357541944876 0.07197286079348358
0.0 0.8858945168738732 0.4316992700964126 0.0207633823724378 0.027012656573466465
0.0 0.9017778627236495 0.5046909005317154 0.02432165214014148 0.04598580270370772
0.0 0.9620757673831111 0.6050151271958857 0.04271916189813796 0.06946605547854079
