0.0 0.8655238805400992 0.6458312699618944 0.02053911777825279 0.02064021884958256
0.0 0.831525150071591 0.4972994469946503 0.028121510516079473 0.037372258542763936
0.0 0.7955877095671049 0.5853697363466212 0.023050669039384686 0.025578195822631766
0.0 0.7315390165482822 0.5410505109374764 0.07280430471771682 0.1051566475432798
0.0 0.6896969882614663 0.5734394112661461 0.019941522761985686 0.024238318293505867
0.0 0.6910721847929066 0.49277115823914 0.020451310333168937 0.02631517247030235
0.0 0.6460075814503939 0.46938827331348554 0.02766080284726158 0.030693834987158164
0.0 0.6088600598054088 0.5182869060388856 0.07430797414406365 0.09589305287299421
0.0 0.4347437146068765 0.5215443855604285 0.03955252046293023 0.06412008079609222
0.0 0.5004266640219366 0.47777419274668415 0.019855056264836524 0.023393593761382392
0.0 0.4803670898255583 0.5224908338076193 0.04080848370541057 0.04227444923969392
0.0 0.4531578111072826 0.5295649067838262 0.01720929955212447 0.015692783482176176
0.0 0.4668347741811988 0.463393706985982 0.026407521500650066 0.039500110237870145
0.0 0.3409130817879921 0.5256418133223415 0.0262359294542861 0.03129098302078026
0.0 0.318700540322839 0.508627349324247 0.034879306773066665 0.038063990519958124
0.0 0.17983641407489534 0.4293401980096175 0.0330671579529066 0.04939498097268291
0.0 0.1550369158711897 0.47087766233759226 0.04672730827810795 0.050013093096329286
0.0 0.181760319878102 0.4924479864762894 0.018690923311243057 0.020005237238531537
0.0 0.20508592365286593 0.48877696671303594 0.038034851056962055 0.04784165497596082
1.0 0.08413596902774083 0.4263103193051794 0.054933703160359004 0.05972488293068223
