0.0 0.03441456212782315 0.629360164247734 0.0688291242556463 0.09312758921335129
0.0 0.12067404057642939 0.7188010278996818 0.031274149372677695 0.03225066587149472
0.0 0.11930040767875835 0.6412170001062865 0.02610721520167586 0.029253768364530863
0.0 0.1995971738442914 0.5887307893499564 0.05635796242090957 0.05972151925016833
0.0 0.22498161117407395 0.5568114946805893 0.04615767216945765 0.04122083875877158
0.0 0.2396644460887017 0.47849708304167204 0.09149567692477589 0.08645034168088772
0.0 0.2864629045358653 0.5375659435463377 0.03481659379480745 0.02819798196949197
0.0 0.3148893644147557 0.5002724104949581 0.028288944640505798 0.03013347580493797
0.0 0.3730239883283967 0.4350103059731314 0.07065658974305888 0.05817887892484097
0.0 0.36980711109234016 0.3952277193099252 0.05130706717827138 0.0396431201090679
0.0 0.4170219965917613 0.3849165473594929 0.052255584226040486 0.05030255122840649
0.0 0.4342060332363836 0.44704965940229424 0.061599781697586065 0.05384190062365063
0.0 0.3958368922000913 0.4972282948364136 0.03591622809531669 0.030925143768029406
0.0 0.36878227112506917 0.53811577039489 0.022884544447213884 0.022016529781598737
0.0 0.3711329677450901 0.5179161441892735 0.022292226432879647 0.01903717143682282
0.0 0.6666985564381275 0.2215189879717032 0.06275945602436317 0.06275945602436311
0.0 0.7142847871183554 0.27005839667639503 0.035011558953017774 0.03170225304036001
0.0 0.7487997934937982 0.2676970405508428 0.04755211843574303 0.035616916783534736
0.0 0.8157459059844866 0.2851541981423217 0.03874896853335774 0.031153840209225292
0.0 0.834634395191494 0.1840316830456805 0.056340423258721684 0.05514690309350062
0.0 0.7226582386983638 0.2307494654386829 0.07665465499207569 0.0790959462391182
0.0 0.9540655288415095 0.17674105946813604 0.05368376177531142 0.044027098620342986
0.0 0.639157202444882 0.34350000795821645 0.022902083609402046 0.026591145938266336
0.0 0.16720573822419516 0.4694416138104157 0.06314196380108028 0.07730145303392738
0.0 0.16289642245943595 0.5559511586086676 0.04204787143488503 0.039335325604837656
