0.0 0.7229987930359014 0.19715805522173527 0.07621853385099708 0.07373169351438663
0.0 0.8004831727345009 0.13652604371693886 0.03839250821847684 0.03822876564487293
0.0 0.7562195587858098 0.0951893282714188 0.0333722364723833 0.03217486890290422
0.0 0.7420854620058872 0.14848623526800475 0.05881809084793088 0.05641312179812252
0.0 0.742154975832696 0.17571471347393322 0.03192107012429102 0.031680573219310115
0.0 0.6018953121026762 0.39633474820424686 0.03223060588616988 0.03196964115948853
0.0 0.6089907840368631 0.431863066170363 0.07163564166972858 0.06903622831376544
0.0 0.5804119446099535 0.4351625524797469 0.03616057676566542 0.03537256563019642
0.0 0.5376346060055557 0.3934753656289468 0.027618900799629142 0.027751941640682398
0.0 0.5122694493074884 0.47213975860563034 0.049874144313270474 0.04844651374966069
0.0 0.5453133363017066 0.4997390158731751 0.023221478231850834 0.023170308677599505
0.0 0.4814448270277242 0.5324498713623725 0.06956162614332073 0.06706966885128529
0.0 0.444500817607968 0.6613647395979373 0.08460733076337262 0.08165484748307583
0.0 0.36265790199234826 0.6974994223081129 0.03984871143931229 0.03991523185983881
0.0 0.3792625438289664 0.7197426576814665 0.02600604087057551 0.02547387750636254
0.0 0.3637493129641318 0.7776189539679694 0.04666101663702099 0.046870811809451074
0.0 0.34808720436969376 0.6547728638969198 0.026161438360607858 0.025767432792873413
0.0 0.38728584432669716 0.8656609299047396 0.05018619851152084 0.049331666955525266
0.0 0.4574221379741822 0.8398899486529914 0.042568092958378545 0.041386076255174764
0.0 0.3500751125633776 0.8465569411585179 0.03173182285624343 0.030672613083242872
0.0 0.26394065642117476 0.8941127608706835 0.03721199098150518 0.03611696252052865
0.0 0.20740575218917076 0.9419300147532593 0.08510107692055596 0.08175970502794994
