0.0 0.7853281881500503 0.6494463852709152 0.04590412986868819 0.04620867006562235
0.0 0.7518947374518329 0.6178274918827162 0.036381095096962524 0.03578153158424868
0.0 0.696116286374814 0.5825637921552703 0.06894003247892755 0.07128118524285676
0.0 0.6889626897761525 0.4043957401925709 0.03221874866640462 0.033103818613743785
0.0 0.4320522230453217 0.46010924942266535 0.03927910742084095 0.03812756480118473
0.0 0.4436269149107285 0.38630526311810626 0.07718010254933133 0.08093927060523387
0.0 0.4281209766240841 0.35904433740422026 0.035244331758618574 0.036348289972503944
0.0 0.435523582373433 0.3074571759586299 0.04427855744581538 0.045782224668176275
0.0 0.40570493384314527 0.3081384286862272 0.0354196885165573 0.03697094014468927
0.0 0.3515951516991717 0.33102282509230274 0.03620047593886533 0.03573414876231035
0.0 0.24501380657530647 0.24309033377015513 0.043707120188385934 0.04145161935484426
0.0 0.23159977849834681 0.2123544043093108 0.03179109376596395 0.032847467574078304
0.0 0.18659916880832197 0.19240582250635777 0.050959471677592794 0.05517545002889618
