0.0 0.28922719807803454 0.12167784430210604 0.05168177453166872 0.048419364380353325
0.0 0.3435781703157672 0.18379013431341307 0.040071933446700014 0.035164133827764704
0.0 0.3439294476211192 0.21196783344864814 0.04875609111496615 0.04237311473195787
0.0 0.31988900592172426 0.24298179145719184 0.048837426411297846 0.04395799557628713
0.0 0.3539859416671365 0.3095856322012497 0.08785932596768598 0.08709336880172502
0.0 0.32796884590611847 0.3730686036966203 0.10106472805901845 0.08798671866983249
0.0 0.3810929519752425 0.3818017850856283 0.0770548074967824 0.06431722351469038
0.0 0.43245472966657467 0.5335016948541484 0.06547160791909001 0.0537269313743548
0.0 0.4803122528920086 0.5315568868360752 0.030325479215360884 0.029786472320795787
0.0 0.5182599459061884 0.5382418591993579 0.04674159095418268 0.040670671194343644
0.0 0.49557838428616297 0.5934886004839464 0.019056063537485957 0.016190816361113303
0.0 0.5005865824063425 0.6016893086850268 0.011433497045041319 0.010355483255910958
0.0 0.517825352687494 0.6011016534696747 0.021574365085278435 0.017517628984077382
0.0 0.540427125330434 0.59891119815407 0.030244849306280575 0.0249966242802514
0.0 0.4841773073911527 0.6108300436791689 0.019368436662800526 0.01959538693419638
0.0 0.5137004210861976 0.6820011862521075 0.07045281183836777 0.060665581384421685
0.0 0.5260617319281711 0.7310886640206693 0.04370651995936914 0.03678453668179582
0.0 0.5815051691725099 0.7548557453492281 0.05705950842159835 0.04752759702297271
0.0 0.6374527604974835 0.7728522480045348 0.04182734349672157 0.03879188361680186
0.0 0.6380966061445057 0.8018341754814775 0.05392801790868651 0.04873653045050641
0.0 0.6022632781413263 0.8920511038001251 0.0787008299686931 0.07010508843957508
0.0 0.6777714397780457 0.8979070059740326 0.02315272570812077 0.021450598672651866
0.0 0.5740758760140267 0.5815865664572621 0.02624249049198979 0.02425667561727618
0.0 0.38868393924965094 0.42616966757768593 0.02952297815030136 0.026487518270381927
