0.0 0.12060484886228226 0.4665160640960655 0.04307227596019407 0.039382711353222355
0.0 0.11608736526282423 0.5442922976809819 0.03335105728906869 0.032632310937061204
0.0 0.17011997951726165 0.5055640569357731 0.04602919678889694 0.0382667361872161
0.0 0.22539271736976382 0.5926498253188379 0.01872051390009416 0.01364137301257451
0.0 0.3878205868115978 0.411118759586967 0.016865540775520882 0.018015534938732758
0.0 0.4075449487280446 0.37830550329214935 0.046017826274708684 0.06250107594741394
0.0 0.46089510246852294 0.38241034649664435 0.02928795263603734 0.029719200447241856
0.0 0.43120717152543964 0.4415889136672326 0.0370779480190106 0.026967582667438594
0.0 0.5863852622001373 0.34311521833093306 0.026728000550102715 0.03731753013634642
0.0 0.6005900198638866 0.28348482665354263 0.03776029724248242 0.0327769892018972
0.0 0.6433105865570912 0.269520468220936 0.03587567127651736 0.03175485885834106
0.0 0.6359614815462569 0.23061402282859478 0.026364920768924938 0.03700236677863586
0.0 0.657084430871238 0.21911300342129708 0.040002317732530934 0.046231452783262655
0.0 0.7573503002525634 0.2316773991087051 0.03500258535361145 0.030690107241566345
0.0 0.7443711736376446 0.2648719987667758 0.030049450296878555 0.02362864955227839
0.0 0.5723564148151264 0.3932458399080735 0.02468518899988581 0.020660209428643883
0.0 0.8632729458055749 0.2113451539437273 0.059998571555393676 0.055302762055611465
0.0 0.8806943654765634 0.24043050675123268 0.02899833603513491 0.029621249540208144
0.0 0.9314077036895678 0.19713650340380445 0.01999480468596726 0.021959378048121148
1.0 0.3185409108612268 0.576926062751534 0.05087332875339673 0.04324647163012796
