0.0 0.08643353174603174 0.5456349206349206 0.013144841269841265 0.025132275132275117
0.0 0.07688492063492064 0.5595238095238095 0.016369047619047616 0.021164021164021163
0.0 0.021825396825396824 0.5791997354497355 0.02281746031746032 0.018187830687830697
0.0 0.005208333333333333 0.6003637566137565 0.010416666666666666 0.021494708994708955
0.0 0.13864087301587302 0.5499338624338624 0.04117063492063493 0.06150793650793651
0.0 0.18526785714285715 0.5565476190476191 0.04315476190476189 0.08531746031746035
0.0 0.2078373015873016 0.4968584656084656 0.04712301587301587 0.05191798941798936
0.0 0.23958333333333331 0.5477843915343914 0.027281746031746018 0.04662698412698407
0.0 0.322296626984127 0.46494708994708994 0.017113095238095233 0.037698412698412676
0.0 0.33742559523809523 0.43419312169312174 0.014632936507936511 0.029100529100529127
0.0 0.46056547619047616 0.44477513227513227 0.013888888888888895 0.02314814814814814
0.0 0.4477926587301587 0.4973544973544973 0.009672619047619069 0.015211640211640232
0.0 0.5492311507936509 0.5337301587301586 0.01215277777777779 0.031746031746031744
0.0 0.5548115079365079 0.47007275132275134 0.007936507936507908 0.015542328042328024
0.0 0.6066468253968254 0.5337301587301587 0.012896825396825351 0.019179894179894186
0.0 0.7185019841269842 0.5051256613756614 0.015873015873015928 0.034060846560846514
0.0 0.6935763888888888 0.5798611111111112 0.021081349206349187 0.03935185185185186
0.0 0.7368551587301587 0.5568783068783069 0.016369047619047672 0.01719576719576721
0.0 0.8642113095238095 0.4917328042328042 0.024057539682539653 0.03439153439153436
0.0 0.7390873015873016 0.47685185185185186 0.016369047619047672 0.010582010582010581
0.0 0.21502976190476192 0.42311507936507936 0.012400793650793662 0.015542328042328024
