0.0 0.05361519607843137 0.4607843137254902 0.02696078431372549 0.06944444444444448
0.0 0.09329044117647059 0.47855392156862747 0.015625 0.026552287581699363
0.0 0.3247549019607844 0.616421568627451 0.014093137254901966 0.01879084967320266
0.0 0.4322916666666667 0.5868055555555556 0.028186274509803932 0.05678104575163401
0.0 0.5081188725490197 0.4912173202614379 0.03768382352941174 0.02410130718954251
0.0 0.5721507352941176 0.5551470588235294 0.014399509803921573 0.020424836601307228
0.0 0.5765931372549018 0.4993872549019608 0.012867647058823484 0.01838235294117646
0.0 0.6037071078431373 0.48243464052287577 0.014399509803921573 0.022058823529411742
0.0 0.7769607843137255 0.6331699346405228 0.025122549019607865 0.06127450980392157
0.0 0.7892156862745097 0.5300245098039216 0.01409313725490191 0.02410130718954251
0.0 0.8204656862745099 0.5541258169934641 0.022058823529411797 0.05759803921568629
0.0 0.3648897058823529 0.5269607843137255 0.007965686274509831 0.01225490196078427
0.0 0.35723039215686275 0.5102124183006536 0.0030637254901960675 0.013071895424836555
0.0 0.4710477941176471 0.4965277777777778 0.019914215686274495 0.019199346405228745
0.0 0.633578431372549 0.49550653594771243 0.006740196078431349 0.0106209150326797
