0.0 0.9920921439728773 0.5246512572847345 0.01581571205424548 0.031275643493624994
0.0 0.9801167448425496 0.5486432756528431 0.022249472183925256 0.014737825136825755
0.0 0.9496900554748684 0.5600654722070364 0.04499478867016593 0.03394824889501957
0.0 0.9448656433132742 0.5316741826084143 0.029425741595892285 0.023386966518812224
0.0 0.7201096224120076 0.5326957346772921 0.04913497258989208 0.03882486879975544
0.0 0.6384696505420244 0.49055987562507425 0.02492522570215394 0.024115146118643183
0.0 0.6330129104206476 0.5638574641750924 0.031988344557893233 0.04355038952254653
0.0 0.6065022561749083 0.5364869457125697 0.02175214641486478 0.01615523292879062
0.0 0.5834268170725909 0.5733792177385001 0.0746706746173339 0.05073650510451677
0.0 0.6039862984759368 0.6075720240316851 0.055184041068925827 0.028451414813071563
0.0 0.5233688954164452 0.5610467626251815 0.036161260516912375 0.02806046468180501
0.0 0.8205802872275876 0.5662041502514901 0.017694603212191407 0.012024046127616206
