0.0 0.011182598039215686 0.5735294117647058 0.022365196078431373 0.08333333333333337
0.0 0.058363970588235295 0.5098039215686274 0.02297794117647059 0.03676470588235298
0.0 0.12162990196078431 0.4426062091503268 0.024509803921568624 0.06086601307189543
0.0 0.20266544117647056 0.5075571895424836 0.011335784313725478 0.051062091503268014
0.0 0.22855392156862742 0.48856209150326796 0.024509803921568624 0.0816993464052288
0.0 0.22441789215686275 0.5410539215686274 0.020526960784313736 0.018382352941176516
0.0 0.3017769607843137 0.497140522875817 0.025122549019607865 0.032679738562091554
0.0 0.358609068627451 0.5388071895424836 0.029105392156862753 0.05147058823529416
0.0 0.37331495098039214 0.49754901960784315 0.029105392156862753 0.031045751633986873
0.0 0.4174325980392157 0.5496323529411765 0.042585784313725505 0.10906862745098045
0.0 0.4384191176470588 0.47896241830065356 0.030637254901960786 0.048611111111111105
0.0 0.4722732843137255 0.5008169934640523 0.022977941176470562 0.05882352941176472
0.0 0.5064338235294118 0.5120506535947712 0.02328431372549017 0.029820261437908446
0.0 0.5287990196078431 0.46711601307189543 0.020220588235294157 0.04289215686274511
0.0 0.6174938725490198 0.5038807189542484 0.0376838235294118 0.09436274509803927
0.0 0.6524203431372549 0.5002042483660132 0.03155637254901955 0.07720588235294124
0.0 0.6868872549019608 0.5392156862745098 0.03492647058823528 0.08986928104575159
0.0 0.6884191176470589 0.41646241830065367 0.03247549019607843 0.046977124183006536
0.0 0.740655637254902 0.4199346405228759 0.03645833333333337 0.04248366013071897
0.0 0.7593443627450981 0.5044934640522876 0.03155637254901955 0.08578431372549017
0.0 0.7875306372549019 0.3984885620915033 0.03829656862745101 0.05678104575163401
0.0 0.8108149509803921 0.44485294117647056 0.007046568627451011 0.03104575163398693
0.0 0.9151348039215685 0.4244281045751634 0.03676470588235292 0.08823529411764708
0.0 0.9558823529411765 0.3772467320261438 0.023897058823529438 0.050245098039215674
