0.0 0.07837301587301587 0.45453042328042326 0.03373015873015872 0.05654761904761907
0.0 0.08506944444444445 0.41418650793650796 0.01438492063492064 0.018187830687830697
0.0 0.09213789682539683 0.38740079365079366 0.040922619047619055 0.08366402116402116
0.0 0.09325396825396826 0.32159391534391535 0.03125 0.04596560846560849
0.0 0.21825396825396826 0.40244708994708994 0.012896825396825407 0.015211640211640232
0.0 0.2917906746031746 0.443287037037037 0.03844246031746035 0.07374338624338622
0.0 0.29650297619047616 0.39467592592592593 0.014136904761904767 0.02876984126984128
0.0 0.3272569444444444 0.44791666666666663 0.011656746031746046 0.022817460317460292
0.0 0.4375 0.5309193121693121 0.020833333333333315 0.05985449735449733
0.0 0.5002480158730159 0.4097222222222222 0.022817460317460292 0.03306878306878308
0.0 0.9558531746031746 0.4978505291005292 0.02876984126984128 0.024140211640211684
0.0 0.9816468253968254 0.5423280423280423 0.015376984126984072 0.02777777777777779
0.0 0.9658978174603174 0.5707671957671958 0.02356150793650791 0.04828042328042326
0.0 0.9661458333333334 0.5406746031746033 0.03497023809523814 0.046957671957671976
