0.0 0.0879349749954635 0.7640922701482977 0.035227442223839 0.06111172033163814
0.0 0.2848562047607128 0.6088523192344397 0.03928894442176478 0.0726781315667363
0.0 0.418334284118252 0.6193313839979655 0.04438449848488596 0.0760889101317167
0.0 0.4303603386660183 0.669696025337694 0.033673781134531844 0.05297211865868967
0.0 0.5108409437074362 0.5979305455656861 0.03324865905365554 0.07812495186776869
0.0 0.5345335944646499 0.6054374540985248 0.0426195680008975 0.0907122504023703
0.0 0.6042893441160694 0.6154647845098262 0.03317565263058131 0.06533954850417778
0.0 0.6478484768389272 0.6466587525069053 0.02862975277432389 0.03368407926874628
0.0 0.637435766151948 0.5816438579692911 0.05142879073543827 0.10702638217408356
0.0 0.6689353666328823 0.6168689825256594 0.024883455828638268 0.04494760039740564
0.0 0.6664232433929678 0.6517852184885904 0.006907728118727197 0.009511472070399263
0.0 0.6990616459847064 0.5866423415976632 0.043554850591561944 0.07770984478114307
0.0 0.8871438641774365 0.5921350525188345 0.03289610116998731 0.07738949046179588
0.0 0.9717523335299776 0.5811908509298485 0.0415709008383508 0.05397697496102383
0.0 0.7471823643939965 0.6862707148037912 0.01523041212928855 0.02403719314229702
