0.0 0.46610449735449727 0.0814732142857143 0.04398148148148151 0.020585317460317443
0.0 0.5257936507936507 0.15600198412698407 0.022486772486772444 0.034226190476190466
0.0 0.5611772486772487 0.17993551587301587 0.03703703703703698 0.03745039682539686
0.0 0.47817460317460314 0.1440972222222222 0.05224867724867721 0.0277777777777779
0.0 0.5074404761904762 0.23139880952380948 0.03736772486772488 0.024801587301587324
0.0 0.5024801587301587 0.2788938492063492 0.05125661375661372 0.042906746031746046
0.0 0.48958333333333337 0.394717261904762 0.06977513227513232 0.02852182539682535
0.0 0.46329365079365076 0.4651537698412698 0.06415343915343918 0.027529761904761973
0.0 0.4115410052910053 0.5550595238095238 0.047949735449735464 0.019345238095238138
0.0 0.5231481481481481 0.49032738095238093 0.022486772486772555 0.021329365079365115
0.0 0.43816137566137575 0.5812251984126984 0.07407407407407407 0.024553571428571397
0.0 0.5026455026455026 0.6940724206349205 0.054894179894179884 0.024057539682539653
0.0 0.47321428571428564 0.744171626984127 0.02182539682539686 0.019593253968253954
0.0 0.5143849206349206 0.767609126984127 0.05125661375661372 0.02182539682539686
0.0 0.482473544973545 0.8029513888888888 0.033068783068783025 0.01661706349206349
0.0 0.3465608465608465 0.007936507936507908 0.03439153439153442 0.015873015873015817
0.0 0.43816137566137564 0.2025049603174603 0.05092592592592593 0.027033730158730118
1.0 0.5973511904761906 0.8967584325396826 0.04714285714285715 0.03969990079365071
