0.0 0.8126001326880499 0.638008183676083 0.00875903710682402 0.009760392741400059
0.0 0.7782538081790753 0.643628139355519 0.025926092034256998 0.03421003410211154
0.0 0.7845691020971894 0.6756979909563356 0.01724504430582985 0.022706984130788754
0.0 0.6739635034461058 0.6641059311198201 0.02180977086207725 0.022720094166237104
0.0 0.6622471149320692 0.6360850613413169 0.03885990880534418 0.0526968230285737
0.0 0.6942020791618226 0.5589868831794063 0.030861368763034025 0.030315174780538023
0.0 0.6813598656514372 0.5764979977281048 0.02655990667144814 0.026605422836656234
0.0 0.8527512712176795 0.4546053706824035 0.0200639032067218 0.024570003562313092
0.0 0.5766682667533201 0.6087227727558875 0.03709464443053334 0.059352049217241465
0.0 0.5770889524515832 0.5445321786270565 0.040478825699659216 0.0442111512467146
0.0 0.5566690931083146 0.5905059371625383 0.07770991800067262 0.09905699948322078
0.0 0.5124178966904362 0.5685249190606015 0.06118657732044641 0.07333939343098028
0.0 0.49589688659097714 0.5742525968969776 0.03290033387995661 0.04960476651128953
0.0 0.4815162103122992 0.5613427929277498 0.05226219851424724 0.08403248182942558
0.0 0.4695907056179702 0.49071135918509934 0.05395910478695942 0.07380415281764385
0.0 0.45513191568401135 0.44236018033646796 0.023877629807894873 0.026062405737878436
0.0 0.5035579318087566 0.45217268098820945 0.025389663494918058 0.03526667134505235
0.0 0.3236047276708516 0.44112492742949366 0.014338296416525231 0.01624997535526085
0.0 0.2708867704929816 0.4123254297086578 0.07449094426406289 0.08791821300042063
0.0 0.2728096313481245 0.35289400902831136 0.03673345720058491 0.046291851894263214
0.0 0.2043344272177201 0.39235268909060256 0.040966561190072026 0.04642850101503104
0.0 0.2427495690693533 0.33050722617970607 0.036392203357526215 0.05173115103261955
0.0 0.18781629162733843 0.4372961974397004 0.026208753218374015 0.025708075401086106
0.0 0.1806984936132086 0.46644582287981623 0.012514439382772774 0.019842541981259454
0.0 0.15447049649071548 0.4497838854756496 0.053510431069174275 0.07362857609110668
0.0 0.21814625245293967 0.2647144255415564 0.01975167735941674 0.019888225855040687
0.0 0.22686122131848058 0.3475831192784584 0.026140395116275417 0.022134972577972034
