0.0 0.19723255657402075 0.07413986418802904 0.07223318447468913 0.05866692625531711
0.0 0.23763921311793865 0.18043550066265368 0.04932762644649985 0.04091793066255245
0.0 0.11654584549815097 0.19784660344338043 0.03932184075199657 0.03783370528405522
0.0 0.2992190863950698 0.2230302019789575 0.021971355724279107 0.021452238700578635
0.0 0.31705284802003125 0.4369725823503088 0.04771825950365305 0.04114277720344722
0.0 0.3570542265537014 0.4117797753354999 0.04868573327583359 0.04055289990452632
0.0 0.3774005409466058 0.44610408559237463 0.04272463468876353 0.037325817642278714
0.0 0.40820582102480063 0.43446088211103817 0.04053991751179131 0.04341236504293383
0.0 0.569692386376268 0.36543867656709 0.053046732952418796 0.04172998183574894
0.0 0.5377360722435645 0.38402983997373413 0.02802680134497637 0.024081511964852975
0.0 0.5292057424040597 0.3990706565030066 0.02130545911770454 0.015698995261739568
0.0 0.6450247557300717 0.6838037474199379 0.05078157079036261 0.04500206792649741
0.0 0.5942467446788684 0.7016758668388209 0.03606520138185121 0.03630745599291152
0.0 0.8092693029670349 0.8661091887687783 0.056251564789569386 0.04469255906183922
0.0 0.7753530866754088 0.8913387704582942 0.035021916640767925 0.03294544854596604
