0.0 0.420875 0.99 0.029249999999999998 0.020000000000000018
0.0 0.39875000000000005 0.9718333333333333 0.012499999999999956 0.020999999999999908
0.0 0.3907500000000001 0.9403333333333334 0.02949999999999997 0.04200000000000004
0.0 0.4195 0.9386666666666668 0.020499999999999963 0.02733333333333332
0.0 0.44325000000000003 0.7151666666666666 0.03400000000000003 0.045666666666666744
0.0 0.4941250000000001 0.6386666666666667 0.021750000000000047 0.022666666666666724
0.0 0.42187500000000006 0.6251666666666666 0.04074999999999995 0.027666666666666728
0.0 0.45199999999999996 0.6018333333333333 0.014000000000000012 0.020333333333333314
0.0 0.417875 0.5748333333333333 0.04325000000000001 0.07033333333333336
0.0 0.381625 0.5915000000000001 0.022750000000000048 0.05300000000000005
0.0 0.43674999999999997 0.5165 0.024499999999999966 0.03366666666666662
0.0 0.39887500000000004 0.8113333333333332 0.010249999999999981 0.01666666666666672
