0.0 0.49392755815813616 0.9334809018945407 0.07385284180111107 0.04848854227417787
0.0 0.4956186143588149 0.5272260907376702 0.028989493194489957 0.026577326380689437
0.0 0.5072945061454246 0.5113951197428528 0.055515865319221924 0.03037085368445247
0.0 0.5270011456083 0.49832949251359315 0.009864463823389347 0.01125328714042606
0.0 0.5148469413217971 0.4317356544733368 0.061105448210754476 0.04955628589013361
0.0 0.5050505506940224 0.3980228469713601 0.06088568013946949 0.03786045146228234
0.0 0.4665842684611207 0.38261770329425826 0.05582671782149895 0.03938012590922241
0.0 0.47848424210343377 0.01603943634465367 0.02229306190527347 0.019588511235254624
0.0 0.451295974114223 0.24982981268666396 0.07533587739699288 0.05019086576222348
0.0 0.4502411014598048 0.19033159184093124 0.05769388362177419 0.036569150010005685
0.0 0.5329370653258954 0.4695388495663437 0.005775723256614573 0.004606187831741715
0.0 0.45705307718059934 0.07071415328510641 0.011167316308835828 0.013725675050745553
0.0 0.4726256704445476 0.033564088303396626 0.0066746530572427965 0.005358925704260789
