0.0 0.14135688850802133 0.39314154366423193 0.02943830398659192 0.03637549736930906
0.0 0.17412335007859028 0.3799178550491415 0.024186427525560272 0.03870613460566619
0.0 0.2054905765747649 0.3899115970768037 0.023299434186866363 0.03168859827759413
0.0 0.27883383265258116 0.44362525840149725 0.030396223104075415 0.045641915538186306
0.0 0.3341646479834246 0.41285413580359354 0.02417854688347254 0.03845625884557663
0.0 0.3734344214536275 0.43135121222240613 0.02666833348606157 0.043527326706851055
0.0 0.4522853289497928 0.3633029781174054 0.02752816568127686 0.0285768111926179
0.0 0.49852362035136544 0.36175976090186013 0.02560578530900215 0.041496798057784556
0.0 0.5639293628628823 0.3340577511098404 0.0310647391767499 0.03517865618277982
0.0 0.6907085609532788 0.4382309269112719 0.04283023704050082 0.02831052996039496
0.0 0.8404099150045793 0.3760439936804746 0.08826628960246974 0.07592453858437992
0.0 0.7687149012412806 0.42868514323555595 0.013815307014208411 0.01591259803689038
0.0 0.7989493230339965 0.42701237856653207 0.015059109959284944 0.023690269168014477
0.0 0.847766689917387 0.4494373716673662 0.04380039822494364 0.016858275087414054
0.0 0.9035346327355358 0.44181653320748016 0.012378007234155386 0.023106457465566832
0.0 0.9653652407487974 0.4640266302966508 0.031557700411058986 0.0297024045063789
0.0 0.5482940486302438 0.42798656467783497 0.01565670025317023 0.010978127971802754
0.0 0.6217798255180287 0.4613195902710619 0.026540904707878732 0.007826615582409047
