0.0 0.04836309523809523 0.5115740740740741 0.00992063492063492 0.02380952380952378
0.0 0.07415674603174603 0.5367063492063491 0.025793650793650785 0.04365079365079361
0.0 0.0744047619047619 0.40674603174603174 0.01686507936507936 0.016534391534391513
0.0 0.16939484126984128 0.6099537037037037 0.01190476190476189 0.023478835978835932
0.0 0.1810515873015873 0.6349206349206349 0.015873015873015872 0.020502645502645467
0.0 0.15290178571428573 0.4750330687830687 0.017609126984126977 0.01686507936507936
0.0 0.18030753968253965 0.4965277777777778 0.04166666666666666 0.06514550264550262
0.0 0.18018353174603174 0.45866402116402116 0.020089285714285726 0.016534391534391513
0.0 0.11941964285714288 0.46478174603174605 0.01860119047619048 0.01157407407407407
0.0 0.14583333333333334 0.40062830687830686 0.016369047619047616 0.020833333333333315
0.0 0.12735615079365079 0.44246031746031744 0.017113095238095233 0.025793650793650813
0.0 0.0876736111111111 0.4231150793650794 0.009176587301587297 0.008928571428571452
0.0 0.32626488095238093 0.5077711640211641 0.010664682539682557 0.04133597883597884
0.0 0.3236607142857143 0.4538690476190476 0.029265873015873023 0.02215608465608465
0.0 0.4289434523809524 0.43154761904761907 0.023065476190476164 0.013227513227513255
0.0 0.4564732142857143 0.4075727513227514 0.029513888888888895 0.06845238095238099
0.0 0.474578373015873 0.5209986772486772 0.019593253968253954 0.018849206349206393
0.0 0.7607886904761905 0.40691137566137564 0.03298611111111116 0.06051587301587302
0.0 0.712921626984127 0.3702050264550265 0.008184523809523836 0.01091269841269843
0.0 0.6950644841269841 0.3683862433862434 0.007688492063492092 0.007936507936507908
0.0 0.4712301587301587 0.20800264550264547 0.01091269841269843 0.007936507936507936
0.0 0.4781746031746032 0.19907407407407407 0.00347222222222221 0.0046296296296296224
0.0 0.45808531746031744 0.2099867724867725 0.004464285714285698 0.005952380952380959
