0.0 0.030984229663985285 0.24896898939129894 0.027044761036938647 0.05492865627835136
0.0 0.23225875781813818 0.3726524243941355 0.02965118912844561 0.0656197640552384
0.0 0.3560089885800277 0.34822072031609674 0.03417760280983306 0.06833124964398946
0.0 0.36174320902308693 0.2997755841731319 0.026468201139137282 0.047257377472971596
0.0 0.4449146440140114 0.35810932142311813 0.023211449408924834 0.07155453405823792
0.0 0.46626181214249923 0.34848875193173573 0.03082095780341587 0.08262890517503474
0.0 0.5304350970108095 0.3314622837036556 0.0245881728597388 0.05923680008279597
0.0 0.5677762178263971 0.2975002685394541 0.023788517978413415 0.02923330225632248
0.0 0.5651569793030834 0.359477196420384 0.03746714362709325 0.09735977068409213
0.0 0.5907719948110758 0.32306458974399027 0.018901979831001503 0.040516123479670596
0.0 0.5845953073855608 0.29066793903914234 0.005582969976658858 0.008387858847096918
0.0 0.6222740072435895 0.34804718682968583 0.03319430158377834 0.06998784382540585
0.0 0.7976649759651997 0.32229793993011363 0.022954802330822144 0.07088540332271809
0.0 0.8780343008005651 0.3232674904885131 0.033967826929802936 0.04733229743012518
0.0 0.9622437239836131 0.35277682502787716 0.04416045498468679 0.06676455941115733
0.0 0.9802190534948405 0.2519616722774125 0.03956189301031898 0.06340641907403255
0.0 0.9921772140652526 0.33558362134136727 0.01564557186949478 0.06283086117742853
0.0 0.6563846330321873 0.24954968122122878 0.011962519394613347 0.02144964351521228
