0.0 0.6947327759076225 0.15220051282450714 0.08187177463370088 0.07002383338050738
0.0 0.761833211132998 0.10667566796967229 0.0707438973776583 0.0475961545208361
0.0 0.7511843900763912 0.12246930612080942 0.03178330047832323 0.031936771219944815
0.0 0.5917303945635927 0.20332480839783798 0.09656195132588796 0.0872616243836144
0.0 0.561232104089642 0.23166938909457846 0.05967698246013253 0.05105192678099432
0.0 0.6288437703608503 0.29880722892433154 0.06013122010337879 0.05779846483072926
0.0 0.6787146356115793 0.2849406565420449 0.10140093222923596 0.09016687394252923
0.0 0.5943961418172741 0.3164360332491945 0.058045909024570186 0.052275409139595275
0.0 0.5347874139644138 0.3561314013875557 0.08257322009488222 0.0698658426886074
0.0 0.6116780274990068 0.40325299133591963 0.06188483375633247 0.057403488100979505
0.0 0.48753830272453086 0.5406310079045245 0.1032249740793948 0.08861455947701136
0.0 0.42358574404532223 0.7799879370376177 0.09742115110306354 0.08735347045268171
0.0 0.3090399732623057 0.9516529441196074 0.07506789548578369 0.07098557375864711
0.0 0.24962721264760404 0.9640504891408436 0.03578139778151418 0.031606993609404554
0.0 0.425713424508789 0.7047360842907595 0.04421493210955857 0.035129464205555405
1.0 0.2643677326503397 0.8999572930075213 0.07209573671665148 0.06866720034882312
