0.0 0.322611218117987 0.2837950110256362 0.05069692174931134 0.04710433579252826
0.0 0.3614138938601218 0.2856554701440285 0.02730002925844316 0.029176753265717892
0.0 0.3902330967797285 0.305380512645008 0.012174983831957253 0.022791879644540103
0.0 0.3675854057493725 0.3510244899468402 0.0532699796574731 0.04908756615554655
0.0 0.4049829609146717 0.41730955155271826 0.05157974129778975 0.04653939682110908
0.0 0.3756354245914728 0.4306694278626311 0.012849915386913657 0.012474570585458755
0.0 0.43170832016644534 0.4718474853099996 0.06244149045643044 0.04839287074483101
0.0 0.44607259451284687 0.4909688687272149 0.06755612294886315 0.062033192298883266
0.0 0.46416271214290283 0.5462848596293461 0.0791506251975364 0.06612079851845742
0.0 0.5061326424339391 0.5562096636974742 0.017576580135689357 0.01972140757257468
0.0 0.48130461490885124 0.5948051871729296 0.06013708214126995 0.050485358675285696
0.0 0.513387053413136 0.5823661987710296 0.013163217409398187 0.01798907914239045
0.0 0.5794873001657526 0.821226230071803 0.04728569672215477 0.047124834664388326
0.0 0.5610602843824621 0.8002858315126853 0.03958263216766533 0.034059701517685226
0.0 0.6052682174836339 0.7956999584220852 0.019550842242268884 0.023786876430117343
0.0 0.5971735167622121 0.7715296842470012 0.021390412044297258 0.02809299778456409
0.0 0.6263722057220086 0.8799940884929963 0.046507556186538235 0.048008935392358065
0.0 0.6123367701396294 0.9063815389463507 0.020044224014888368 0.02594249946632332
