0.0 0.10245972119452727 0.5772380358058404 0.07131261606424952 0.11977610367619429
0.0 0.1451804804010484 0.6354494836955744 0.04522122164163983 0.07889778975293849
0.0 0.30627930946542387 0.6062695004836592 0.05869518723793854 0.095021434566116
0.0 0.37454106569131884 0.6043128968821594 0.06566224339483401 0.11301457520615232
0.0 0.36922761105178736 0.5116333795221376 0.026411445151322266 0.03128343596945432
0.0 0.5051049689920344 0.5145308097155277 0.06424743344452033 0.1370708751471254
0.0 0.5600289587906901 0.46953618556925936 0.04262788209204582 0.06485099810457778
0.0 0.6541830802914856 0.5267414292436374 0.04188044969152338 0.06846271538343679
0.0 0.7299212330437506 0.42566953271418995 0.07851240571944285 0.11680454407949808
0.0 0.8047061265878929 0.44055843397866046 0.07769395427424053 0.07752300722799033
0.0 0.9881611408649424 0.4095197887829601 0.02367771827011511 0.0732638136625483
