0.0 0.08655024509803916 0.5241013071895426 0.042585784313725505 0.10049019607843135
0.0 0.11243872549019607 0.46343954248366015 0.026348039215686292 0.06658496732026142
0.0 0.26179534313725494 0.45588235294117646 0.03584558823529416 0.07924836601307195
0.0 0.32291666666666674 0.44342320261437906 0.03860294117647056 0.09517973856209161
0.0 0.33746936274509803 0.5269607843137256 0.018688725490196068 0.02450980392156865
0.0 0.4577205882352941 0.49611928104575165 0.031862745098039214 0.11887254901960786
0.0 0.5159313725490198 0.5247140522875817 0.026960784313725505 0.05351307189542487
0.0 0.5877757352941176 0.45424836601307195 0.025428921568627416 0.05718954248366015
0.0 0.6761642156862745 0.528390522875817 0.05024509803921573 0.09599673202614378
0.0 0.7395833333333335 0.49959150326797386 0.058210784313725505 0.058006535947712434
0.0 0.9217218137254903 0.48611111111111105 0.034007352941176516 0.059640522875817004
0.0 0.9492953431372549 0.4389297385620915 0.02787990196078427 0.035539215686274384
0.0 0.9920343137254901 0.48325163398692805 0.015318627450980338 0.07924836601307184
0.0 0.979626225490196 0.4221813725490196 0.01746323529411764 0.044526143790849626
