0.0 0.9686698339186719 0.47830280869113256 0.04776548185282525 0.05675785157236379
0.0 0.7471901376505838 0.4779127102337873 0.05493961952667881 0.06653924437200065
0.0 0.6604764000731513 0.3975028628151006 0.0598467504246315 0.07086107309885925
0.0 0.6797480958003497 0.35602587365084953 0.043651120834410806 0.05035549115785354
0.0 0.5846710133790778 0.36162933091022886 0.052622330764102165 0.06821265223052064
0.0 0.5723738341054978 0.34344498481735464 0.06397542996219574 0.0806831464825215
0.0 0.529551274526711 0.29827040530743515 0.04785513976716249 0.05902909030623393
0.0 0.5164745646899862 0.2527910493654056 0.03292579420633046 0.03468170071961307
0.0 0.48805642927769943 0.30353169902980687 0.07630061486850215 0.09561558651461122
0.0 0.48554226718518945 0.2618691711098073 0.0343964514729056 0.04136686823775493
0.0 0.5064178294311673 0.23906037539243383 0.00845474022239201 0.009359298123173987
0.0 0.4481092047095324 0.2662959576812667 0.05985033005441892 0.07171600134114714
0.0 0.32083992707023706 0.1594147901792291 0.052098618212401804 0.0675559164581172
0.0 0.2562360562832262 0.1206267482374146 0.04967743660116436 0.05398738895194899
0.0 0.17451952077716631 0.10272029302820745 0.06707474971494856 0.07436442220948558
0.0 0.20897910056752972 0.024080512196015424 0.06345180099532158 0.04816102439203085
0.0 0.15840891836144527 0.07384145478692122 0.04380529566974739 0.05846445459124339
0.0 0.46937757487615195 0.1709139974065825 0.01977195953778549 0.022831493613959808
