0.0 0.9872849191129712 0.5064876179036211 0.025430161774057547 0.07672058658612269
0.0 0.9602235648135495 0.49683728857409215 0.03956282365297692 0.06781933751691599
0.0 0.928913677984297 0.4983364473571165 0.020514490166599564 0.0242129867456492
0.0 0.9092131580185292 0.5194510913652735 0.02080162316272738 0.034338120642049
0.0 0.880229821221868 0.5683799153346764 0.044508999461458476 0.08297336388357457
0.0 0.8393068983559525 0.4289866195918929 0.02054370173077369 0.04147719236819464
0.0 0.8264369303454906 0.4689030091095342 0.04854586744322675 0.06970126787539055
0.0 0.7785897180676491 0.45145354539716087 0.0573487502717317 0.050395576703118505
0.0 0.7928042649418631 0.42912156706925225 0.018334272454274325 0.0122687380646328
0.0 0.7408319099220262 0.4056064280307229 0.03985749956553741 0.06589491548204679
0.0 0.7039505410631947 0.4785005878916334 0.047223437277994496 0.08324679395793783
0.0 0.7017245858014942 0.3830548447599063 0.008861305956853416 0.015222720072818885
0.0 0.6832229524469171 0.40711532595293476 0.011546212175363002 0.02005275430717718
0.0 0.6750248273102512 0.43653439475700184 0.015560771441685217 0.021108516310259617
0.0 0.6412781270065864 0.4065461247813278 0.0237848167350877 0.042129359767173746
0.0 0.6468477577810626 0.46261150422026937 0.02173717118002938 0.03150120214872032
0.0 0.6111876297833255 0.428109794136134 0.024963520385329785 0.03443167162769689
0.0 0.5888345465537344 0.3976074165489406 0.03037008730295565 0.04930638978768981
0.0 0.5718436873102717 0.47100955632347313 0.016061528472726794 0.030929484720506273
0.0 0.6107396731673134 0.5241170927473434 0.01504886005292072 0.018451476905646302
0.0 0.5180970140340477 0.5121261448951488 0.014905133537930548 0.024299314848716613
0.0 0.48600826578085154 0.5213573386707302 0.027430871093783005 0.05650105420511309
0.0 0.36362459702394373 0.5027145522990046 0.03094074185392115 0.06467103065485369
0.0 0.2849264488736588 0.3869359010343465 0.0340788162989944 0.05945050283127484
0.0 0.24101370408604972 0.4343608595947516 0.026734867268131124 0.049591576126657766
0.0 0.18542631199233656 0.404665248406221 0.04714928824907594 0.11645911414046578
0.0 0.16052891766871405 0.42292987290616635 0.031401132963065514 0.06439172244818803
0.0 0.05345760757554205 0.39951466211677716 0.029618631722541144 0.05639574695486038
0.0 0.04806320065165354 0.362743889960642 0.014735806900056603 0.017768574094877254
0.0 0.014864320598272224 0.39413146679184596 0.015317615808744856 0.025969285956407795
0.0 0.36201318260748105 0.6263568241578837 0.022610044559987885 0.03289186504974584
