0.0 0.5674303897078193 0.9850066921771712 0.02402001462825365 0.029986615645657633
0.0 0.6153655671147786 0.9629430919483823 0.08539240248290791 0.0741138161032352
0.0 0.6145085212125064 0.9942450562774482 0.01915385259433733 0.011509887445103617
0.0 0.5748265182192532 0.919866141853575 0.0498421780911833 0.07033859741260151
0.0 0.7477649269300666 0.9630858557654938 0.06388923179743111 0.06134484870925516
0.0 0.7306859500285404 0.9361964328043197 0.0461896869173819 0.036860282260736565
0.0 0.5937895561671924 0.843019152852309 0.020058369404850285 0.02465239442516831
0.0 0.6199507960259447 0.7960008040513342 0.06089799893265757 0.042804608083405804
0.0 0.6480623549177 0.7727806317275809 0.05348056902421561 0.03121721700267499
0.0 0.6436273894054175 0.6862658959283395 0.05479751167957714 0.04560946163894131
0.0 0.6148995301731154 0.7082543623485837 0.04390921668974057 0.03705351781326627
0.0 0.5915301388594667 0.6599972797863708 0.05643606713358429 0.05078188249319293
0.0 0.5615423111936655 0.6675672173759031 0.010317849727012107 0.011872750503119978
0.0 0.546797720345624 0.5974230864048091 0.027233851635463213 0.03274668165984462
0.0 0.5475133439711277 0.5658584812352608 0.06009937556470357 0.047448137431828075
0.0 0.5563041849516829 0.5214974487835546 0.040274758227676566 0.036952924751446736
0.0 0.5909969906258847 0.5337584301474562 0.06198676348288934 0.058523575390649896
0.0 0.6753839140176288 0.5890970527994477 0.02898780696569092 0.02418175002135825
0.0 0.5792391617103597 0.45437960403085387 0.04246179376180237 0.04465279030995406
0.0 0.5233764111959522 0.23340257479754473 0.030476538611727944 0.03104195707576704
0.0 0.5615228038681892 0.19835710820900554 0.03899223950406394 0.034610246407760586
0.0 0.5490627078094532 0.1599625554692351 0.02967103045742414 0.03327557316567353
0.0 0.5044049291609148 0.061876070433615864 0.054754892137822475 0.04422397324509374
0.0 0.5328953167705914 0.026676768749704215 0.05852409401150083 0.05089094474697268
0.0 0.4923990216546977 0.01313424948718107 0.04678078653925566 0.02626849897436214
0.0 0.5031215868834034 0.030973122240157653 0.016096724181447475 0.018287720729598937
0.0 0.6097165334978719 0.4321065523880085 0.02998444764606356 0.03471982728239109
0.0 0.574007254466123 0.4302319309515768 0.012326211484113059 0.024694740384968772
0.0 0.6633726348728164 0.8892689602281146 0.006177530726584224 0.010630201130892303
