0.0 0.4460499485141548 0.5159300136661291 0.06279993604708983 0.052746672268824235
0.0 0.45733424556284535 0.46057075927546676 0.04108074647115456 0.04297230132838914
0.0 0.49444973495803246 0.26906024961027547 0.06999020398159755 0.05366678613953568
0.0 0.5439302621927071 0.19196998763946857 0.03313918405940797 0.029215959170328765
0.0 0.5097372926512366 0.13612571698283127 0.03369915825209485 0.028234666442305878
0.0 0.5344121149425838 0.13222899361454324 0.043772247139798104 0.035330307869547106
0.0 0.5163509242364699 0.10532630033125329 0.04075417606952325 0.03350321578345716
0.0 0.5907006392841463 0.06154797132134539 0.038230643409284615 0.03476279283768771
0.0 0.5800590344242609 0.2650329509475939 0.029593856687771924 0.026336178878089922
0.0 0.5634534436792484 0.2630004377112631 0.03931495486881431 0.03230919613831562
