0.0 0.08147321428571427 0.5338955026455028 0.020585317460317457 0.04398148148148151
0.0 0.15600198412698413 0.4742063492063492 0.034226190476190466 0.0224867724867725
0.0 0.17993551587301587 0.4388227513227513 0.03745039682539683 0.037037037037037035
0.0 0.1440972222222222 0.5218253968253969 0.02777777777777779 0.05224867724867721
0.0 0.23139880952380953 0.49255952380952384 0.024801587301587297 0.03736772486772488
0.0 0.2788938492063492 0.4975198412698413 0.042906746031746046 0.05125661375661372
0.0 0.394717261904762 0.5104166666666666 0.028521825396825407 0.06977513227513232
0.0 0.4651537698412699 0.5367063492063493 0.027529761904761918 0.06415343915343918
0.0 0.5550595238095238 0.5884589947089947 0.019345238095238138 0.047949735449735464
0.0 0.49032738095238093 0.47685185185185186 0.021329365079365115 0.0224867724867725
0.0 0.5812251984126984 0.5618386243386242 0.024553571428571397 0.07407407407407407
0.0 0.6940724206349205 0.4973544973544973 0.024057539682539653 0.05489417989417994
0.0 0.744171626984127 0.5267857142857144 0.019593253968253954 0.02182539682539686
0.0 0.767609126984127 0.4856150793650794 0.02182539682539686 0.05125661375661378
0.0 0.8029513888888888 0.517526455026455 0.01661706349206349 0.033068783068783025
0.0 0.007936507936507936 0.6534391534391535 0.015873015873015872 0.03439153439153442
0.0 0.20250496031746032 0.5618386243386244 0.027033730158730174 0.05092592592592593
1.0 0.8967584325396826 0.40264880952380944 0.03969990079365071 0.0471428571428571
