0.0 0.03980924663186369 0.23313518098936625 0.02888246226879787 0.05578098156748035
0.0 0.23675297973723103 0.36360431054996245 0.03184992562149269 0.06654742388843227
0.0 0.36126376312818465 0.34340300868229084 0.03646302972608956 0.06940973679607343
0.0 0.36864519894180514 0.2951813651461213 0.028045214016762632 0.048099731363709375
0.0 0.44978089468045146 0.3563149187562773 0.02562054890734272 0.07225525988079817
0.0 0.47144344591854803 0.3474272408648771 0.03359784248143549 0.08357497301271533
0.0 0.5361595724136553 0.33259706613291967 0.026575782118954283 0.05999997769719878
0.0 0.5746361132562794 0.2999269944684184 0.024754701098229304 0.030007074689096358
0.0 0.5699068175577382 0.36177870230414244 0.04073763160840271 0.0985137411079397
0.0 0.5967475534455586 0.32625994892730337 0.02025881336793789 0.04110914489531914
0.0 0.591678218354192 0.2936716644346229 0.005861762544607574 0.008567530758084585
0.0 0.6273801102325666 0.352301327714441 0.035537420851917245 0.07103073329929116
0.0 0.8035465400160369 0.33254266778150054 0.02534142345748258 0.07157822734072083
0.0 0.8838361723452917 0.33624986931511935 0.03553793324209764 0.048430122965134936
0.0 0.9669913121630634 0.368611119285796 0.04637990167066408 0.06818521021456647
0.0 0.9837776839639147 0.2685021068947038 0.03244463207217063 0.0647449822472756
0.0 0.9943051617889086 0.3524772067991686 0.011389676422182804 0.06334370632598452
0.0 0.6648267805810282 0.2550231683846539 0.012678374008191384 0.021830237083186876
