0.0 0.4791666666666667 0.400531045751634 0.02757352941176472 0.05106209150326796
0.0 0.44623161764705876 0.5071486928104576 0.036458333333333315 0.0788398692810458
0.0 0.5459558823529411 0.47201797385620914 0.03125 0.08619281045751631
0.0 0.5799632352941178 0.41299019607843135 0.023284313725490224 0.05882352941176472
0.0 0.7306985294117647 0.3833741830065359 0.03125 0.050245098039215674
0.0 0.7089460784313726 0.3623366013071896 0.026348039215686292 0.04248366013071897
0.0 0.6783088235294118 0.3839869281045752 0.026348039215686292 0.0326797385620915
0.0 0.6899509803921569 0.39746732026143783 0.020220588235294157 0.019607843137254888
0.0 0.8206188725490197 0.43014705882352944 0.016850490196078427 0.0702614379084967
0.0 0.8331801470588234 0.477328431372549 0.019914215686274495 0.051879084967320244
0.0 0.9174325980392157 0.40093954248366015 0.044424019607843146 0.06086601307189543
0.0 0.9064031862745098 0.4468954248366013 0.025428921568627416 0.04983660130718953
0.0 0.9911151960784315 0.41360294117647056 0.01715686274509809 0.029820261437908502
0.0 0.9693627450980392 0.3911356209150327 0.017769607843137303 0.030637254901960786
