0.0 0.02025 0.3475 0.029000000000000005 0.031000000000000028
0.0 0.127125 0.31799999999999995 0.05025000000000002 0.08533333333333332
0.0 0.47875 0.334 0.019500000000000017 0.053333333333333344
0.0 0.50775 0.3165 0.020499999999999963 0.030333333333333323
0.0 0.536625 0.32399999999999995 0.02124999999999999 0.035999999999999976
0.0 0.6127499999999999 0.3405 0.023499999999999965 0.02366666666666667
0.0 0.679375 0.39516666666666667 0.025249999999999995 0.03433333333333333
0.0 0.71475 0.39116666666666666 0.022499999999999964 0.04966666666666669
0.0 0.7101249999999999 0.356 0.010249999999999981 0.021333333333333315
0.0 0.7385 0.36050000000000004 0.01849999999999996 0.019666666666666666
0.0 0.7386250000000001 0.407 0.03375000000000006 0.06933333333333336
0.0 0.898625 0.32833333333333325 0.017750000000000044 0.018666666666666665
0.0 0.7838750000000001 0.31366666666666665 0.01375000000000004 0.020000000000000018
0.0 0.767125 0.3201666666666666 0.012750000000000039 0.015666666666666662
1.0 0.3765275 0.3038166666666667 0.03487749999999995 0.04110999999999998
