0.0 0.020680147058823532 0.4977532679738562 0.0352328431372549 0.07066993464052285
0.0 0.45143995098039214 0.5357434640522876 0.02236519607843135 0.02573529411764708
0.0 0.4693627450980392 0.5249183006535948 0.019607843137254888 0.054738562091503296
0.0 0.48514093137254904 0.5053104575163399 0.010110294117647078 0.008169934640522847
0.0 0.5545343137254902 0.5247140522875817 0.03982843137254899 0.05596405228758172
0.0 0.5893075980392157 0.5383986928104575 0.026654411764705843 0.05882352941176472
0.0 0.6018688725490196 0.5806781045751634 0.02971813725490191 0.052696078431372584
0.0 0.9915747549019607 0.6039624183006536 0.016237745098039214 0.020016339869281086
0.0 0.7411151960784312 0.6098856209150327 0.03676470588235292 0.07189542483660127
0.0 0.8040747549019607 0.6168300653594772 0.02604166666666663 0.05555555555555558
0.0 0.5162377450980392 0.5018382352941176 0.003676470588235281 0.00531045751633985
0.0 0.9315257352941178 0.6213235294117647 0.012561274509803932 0.008986928104575131
0.0 0.9724264705882353 0.6084558823529411 0.0042892156862744946 0.006127450980392135
