0.0 0.9569546568627452 0.49428104575163395 0.03952205882352933 0.08415032679738566
0.0 0.9947916666666667 0.5747549019607843 0.009191176470588203 0.04656862745098034
0.0 0.7512254901960784 0.4891748366013071 0.030637254901960898 0.060049019607843146
0.0 0.6118259803921569 0.5024509803921569 0.028799019607843146 0.06045751633986929
0.0 0.6200980392156863 0.4385212418300654 0.015931372549019662 0.03880718954248363
0.0 0.5505514705882353 0.4791666666666667 0.017769607843137192 0.02450980392156865
0.0 0.5205269607843137 0.562295751633987 0.028799019607843146 0.030637254901960786
0.0 0.3786764705882353 0.6503267973856209 0.03860294117647056 0.056372549019607865
0.0 0.3762254901960784 0.6125408496732028 0.02757352941176472 0.02246732026143794
0.0 0.34206495098039214 0.5780228758169934 0.021752450980392135 0.04003267973856206
0.0 0.33011642156862747 0.6256127450980392 0.030943627450980338 0.05433006535947715
0.0 0.3031556372549019 0.5684232026143791 0.026654411764705843 0.052696078431372584
0.0 0.28507965686274506 0.5819035947712419 0.013174019607843146 0.032271241830065356
0.0 0.16283700980392163 0.6004901960784313 0.023590686274509776 0.05228758169934644
