0.0 0.48768594198999715 0.9589775313624723 0.042825236745682116 0.047383637534333944
0.0 0.5740288800759306 0.968151972132296 0.03565014997294291 0.03653815012657624
0.0 0.5337948846106038 0.905936460010717 0.041316268396944356 0.050906670056185765
0.0 0.6336883372281548 0.8490461454729771 0.014564963505061534 0.020840164590737897
0.0 0.44025769266905695 0.6585493183865668 0.019791008078726913 0.01837020783291332
0.0 0.40477990839658173 0.6348424320731658 0.06954429317977018 0.049179489656443365
0.0 0.41219309646700125 0.5756696215134569 0.03254442850468564 0.03201162841250549
0.0 0.47649078588284643 0.6118736076858432 0.028788515193881037 0.041279717354991474
0.0 0.3751366305471493 0.4338744042262622 0.04157571740620253 0.028492515142669816
0.0 0.30951071457644236 0.4148828441978041 0.03550682888917356 0.04166362995436529
0.0 0.29624197535463453 0.3665802594706302 0.03444957831836848 0.03954077919920018
0.0 0.25253801402542075 0.37268791404274965 0.04123430558996055 0.028091903316185607
0.0 0.24086043524211043 0.3485599822829768 0.051019503667633415 0.043323502336143516
0.0 0.26019170480683673 0.23760954480935997 0.03327114452256069 0.03859914544436138
0.0 0.29645353020857235 0.25382768182221094 0.02539653489022692 0.033329336262685694
0.0 0.43019638595585136 0.4521638059108125 0.022318389912392433 0.027291190772739726
0.0 0.24320257543850005 0.11860839412404324 0.060171209129869174 0.0659728101336077
0.0 0.27651013469298935 0.10076436900068435 0.03245082177010533 0.0316812216369563
0.0 0.23101642982043186 0.04200066170151808 0.02416333144571603 0.021736131025784547
1.0 0.6211486961456074 0.744511669655345 0.04677387763543894 0.05619674326569446
