0.0 0.899570834926706 0.6160298130714303 0.017268403757851547 0.027017378297790162
0.0 0.906590494990019 0.6313530497176049 0.019762672752121735 0.023662262568097114
0.0 0.9574494242073681 0.6601985440284799 0.025603670643578602 0.021838549441947186
0.0 0.9701820983712646 0.6839034295917228 0.013955681412433196 0.022965078573479847
0.0 0.8474014308868714 0.6112926551487056 0.05112860496202154 0.06766824452633102
0.0 0.8003315453505658 0.6097948898389386 0.057175019829315055 0.09146451648702958
0.0 0.7883558210994377 0.5471150933373974 0.05534433781626602 0.05924392763224151
0.0 0.7483301820967859 0.5918276048466198 0.03488897392021184 0.05062180179845743
0.0 0.6810835692687836 0.4960079798004493 0.023337183511828896 0.04007852599765416
0.0 0.6714649397504963 0.4631115634304919 0.019416327180155735 0.0311823309352538
0.0 0.5483385410016948 0.45237381878482696 0.017660397546670592 0.025190639949933313
0.0 0.5518852507388625 0.5063659973671367 0.012142921118753702 0.016647619699277083
0.0 0.4457045782028023 0.5247676601295577 0.017427713295093183 0.033362244094854665
0.0 0.4511471471653401 0.4610983241289168 0.010489470362315567 0.0166750266221386
0.0 0.3891431284955976 0.5149004367532997 0.016001125957690154 0.02111093330276137
0.0 0.2838679921879479 0.46749854355420656 0.02149041666638113 0.0362819642442187
0.0 0.29557901760851657 0.5454056974537818 0.027530551479389598 0.042389333364399207
0.0 0.2568938760345468 0.5153271165235094 0.01908070482978874 0.019753047901508558
0.0 0.1426281578870198 0.4292639344062985 0.029610002576414607 0.038014290972913256
0.0 0.268447962551643 0.4361076804576589 0.01794409162590005 0.013237690123860835
0.0 0.793943606739604 0.47323278725739576 0.014887336862227873 0.017442240534763398
