0.0 0.38664842971665386 0.9668097701836044 0.08594943938841515 0.05455801622645473
0.0 0.3854354037425423 0.9180008297513831 0.08670633439154762 0.04103826398332566
0.0 0.41155529249608946 0.8923024344935304 0.11360191987767587 0.0518511203426415
0.0 0.34767562972068417 0.8677875423631642 0.05388990513042724 0.04090331637027367
0.0 0.33466656844824555 0.791362660375272 0.06121296681080224 0.0529565924997113
0.0 0.48597185715943403 0.7972760328786805 0.1083479048783107 0.04840318722382708
0.0 0.519574836404086 0.6031087271663611 0.010872009736180632 0.01732230216672037
0.0 0.4640333377822075 0.5572221157307448 0.10908948538711305 0.09859700970010166
0.0 0.40085849878692137 0.5126790680528566 0.029996678956024647 0.018386152581052806
0.0 0.4338252782446068 0.4367366903512377 0.11014427632518525 0.04985554307440643
0.0 0.36587670159921537 0.3742938609342042 0.07108186528632876 0.03693831735400466
0.0 0.4501623923303958 0.34903100357105504 0.10215562414499241 0.05459546795714554
0.0 0.41384801191395937 0.2793642161551165 0.05164691737345245 0.04442258985124792
0.0 0.3703702707213061 0.2648501723102046 0.03821792635983701 0.031165606635780108
0.0 0.4513377512065866 0.2299569852791016 0.09802991354106538 0.06405837340688908
0.0 0.50890697822315 0.25941913277043077 0.0833486632730367 0.060987649513832065
0.0 0.4739861477814316 0.1859328511151659 0.07189741443711617 0.05306256053993985
0.0 0.4235493246458534 0.17100414631380623 0.04077490763727165 0.027100287684527324
0.0 0.5484919955810913 0.19313287073366722 0.037363535474343124 0.028075114374365884
0.0 0.3844040494420376 0.1064919447370547 0.0490837447169713 0.035151113067005246
0.0 0.4576293215969564 0.06533759113979623 0.0665508566586267 0.043673819504978784
0.0 0.4853454093371091 0.03445599999323254 0.03736601202596174 0.033409832668563955
