0.0 0.13816666666666666 0.5954999999999999 0.02833333333333332 0.035499999999999976
0.0 0.17049999999999998 0.60975 0.022999999999999993 0.038000000000000034
0.0 0.20216666666666666 0.6007500000000001 0.022333333333333344 0.031000000000000028
0.0 0.2771666666666667 0.549375 0.029000000000000026 0.044749999999999956
0.0 0.3315 0.581875 0.02300000000000002 0.03774999999999995
0.0 0.37133333333333335 0.5646249999999999 0.02533333333333332 0.042749999999999955
0.0 0.44800000000000006 0.6351250000000002 0.026666666666666672 0.027750000000000052
0.0 0.49416666666666664 0.638125 0.024333333333333318 0.04074999999999995
0.0 0.5586666666666666 0.667875 0.030000000000000027 0.03425
0.0 0.6886666666666666 0.56775 0.04200000000000004 0.027000000000000024
0.0 0.8363333333333334 0.634625 0.08599999999999997 0.07325000000000004
0.0 0.7663333333333333 0.57975 0.013333333333333308 0.015499999999999958
0.0 0.7965 0.582375 0.014333333333333309 0.023249999999999993
0.0 0.8460000000000001 0.5614999999999999 0.043333333333333335 0.015499999999999958
0.0 0.9015 0.570875 0.011666666666666714 0.022750000000000048
0.0 0.964 0.550625 0.03066666666666662 0.028750000000000053
0.0 0.546 0.5735 0.01533333333333331 0.010499999999999954
0.0 0.6205 0.5425 0.02633333333333332 0.007000000000000006
