0.0 0.19156358807828205 0.08765952467127042 0.031441380447365413 0.030934430162292137
0.0 0.23191196832233632 0.10060295627850979 0.04435674461286415 0.044032296430417284
0.0 0.3463424596047324 0.14091833614874782 0.06822499684761851 0.07023251997650892
0.0 0.31186495858918795 0.2302023894468914 0.08491903161864212 0.08472639051031422
0.0 0.29313913480055137 0.26342124608200435 0.03670328186814287 0.0358820224063241
0.0 0.32294634683246953 0.2584982784343652 0.06578514150278825 0.06539985928613257
0.0 0.36820424110075156 0.3137970737849984 0.06881708368004413 0.06978028922168356
0.0 0.3995458549095555 0.33963510253100326 0.0792517254725062 0.07948492260363982
0.0 0.41218929635019175 0.2990967384202362 0.05995576676812925 0.05962117957998081
0.0 0.4533253365091262 0.32041975171862197 0.07150120817791128 0.0701729984310192
0.0 0.4873141629524527 0.3394230441240607 0.1095980933041133 0.11151436538169046
0.0 0.41288541949581514 0.4011993512412325 0.06860672107063465 0.06761309851189101
0.0 0.5245730010773841 0.3655409200629259 0.021825441606400875 0.022788647148040186
0.0 0.5629150670729965 0.3716972227328056 0.07999705437647275 0.08279541995007733
0.0 0.541527164865341 0.4174155458246869 0.05411803202458865 0.05496970850351168
0.0 0.6441386676281287 0.4767252981242822 0.0455808522897202 0.04588502246076409
0.0 0.7035621785557888 0.480786203906999 0.1285132608016759 0.12980091452576215
0.0 0.7081798039248302 0.5484903652732689 0.07917045792419442 0.0802654705399527
0.0 0.7519705639015541 0.5632986267893973 0.040100228250651404 0.03989744813662233
0.0 0.7902293079710432 0.53441160315378 0.11010891258822686 0.11184268256317775
0.0 0.8099540328802964 0.5626647904722005 0.0782375138969591 0.0818976949551884
0.0 0.777350653204816 0.6184603971567895 0.053243141551423845 0.05080978018307192
0.0 0.2508982367133592 0.2989280477745975 0.030330580830045334 0.030087244693210224
0.0 0.5909328169293113 0.49204832109959845 0.08494317862908518 0.08554137996547173
0.0 0.5877593585559149 0.44496064219444686 0.08894057185290105 0.08797736631126196
0.0 0.7817522474926019 0.27071188265267543 0.0540623110110221 0.050270322878673834
0.0 0.8399132496433984 0.3248829277018859 0.03590036591820689 0.03626537012345976
0.0 0.8156961794183641 0.2940999669410814 0.05276482928663517 0.050169243827059784
0.0 0.9316390584870375 0.7293090957031397 0.07537022796373005 0.07656310444565917
0.0 0.9389393609459739 0.6785537221017768 0.11106693664210687 0.10682883225889395
0.0 0.9216581146487735 0.5906933207387117 0.019750123958722443 0.019689289924513798
