0.0 0.9570935272678003 0.4132302194803874 0.02902309267961778 0.06017134059357371
0.0 0.8537037688509423 0.39980128215722005 0.021091982658802633 0.040400717972811084
0.0 0.8921246954658891 0.29442381025217185 0.02457824260584629 0.02799501469844834
0.0 0.7926002588212342 0.43108890800988897 0.014198320359606442 0.015390217601211897
0.0 0.6120273370120363 0.35276454005362773 0.022725966455828805 0.03782333151616457
0.0 0.615042096744185 0.3960011394364299 0.021066766410641535 0.039739823195793667
0.0 0.5784926584524546 0.39756113685709377 0.021075047594492857 0.033470778907189636
0.0 0.5745467610213824 0.4274952517306114 0.031899835730566206 0.02530467099368261
0.0 0.5603139705589996 0.5878767400112471 0.019298420188958776 0.04528178005595773
0.0 0.5591455556114353 0.5540011546425794 0.01322391325839034 0.022282332294591756
0.0 0.5506915811378851 0.5405901829974029 0.006171044982983487 0.01904353519232249
0.0 0.27045601965452826 0.5107437545515158 0.025998260990110322 0.039268050279984534
0.0 0.2780266800492263 0.46197388059870176 0.024935224323723193 0.024379005610973947
0.0 0.05198145413610378 0.5644167854613706 0.021121525847193068 0.04766110442694116
0.0 0.0462994034772356 0.5260804182821386 0.020772452616560022 0.025540041582981732
