0.0 0.9791512305165769 0.5776798609322276 0.04100508157283067 0.08944716992057267
0.0 0.8697520451451539 0.6123184790494248 0.03770173132296373 0.033170583603362
0.0 0.9062899654834492 0.5208512936638867 0.07102511962329716 0.06229236220006468
0.0 0.530971955178765 0.6498602652590595 0.03820701878644461 0.018929044852138865
0.0 0.4562290645636843 0.6708903847903904 0.09664270614418746 0.08782756421696236
0.0 0.5056971467155071 0.5709440493931801 0.021962476724406765 0.02649362444400849
0.0 0.17413636006140215 0.6333191632027408 0.04616258427405884 0.07400854662361123
0.0 0.22640684981452464 0.580282562911874 0.0548937961392677 0.07985630084907358
0.0 0.4599615715960338 0.5620506677002882 0.020801204345031188 0.012233215929784214
0.0 0.34889543540435874 0.5525425832859565 0.03117350187304463 0.015849984130391404
