0.0 0.9987724460917592 0.662072235832575 0.0024551078164816165 0.04851576808189739
0.0 0.9688791325435768 0.6046861663058559 0.062241734912846236 0.061161273190996956
0.0 0.8849691121907415 0.6912150961361109 0.024444955039843785 0.02322905599495373
0.0 0.7424434596651908 0.44407483230557465 0.025554931848718265 0.025830229745674504
0.0 0.727725747816501 0.40171946016752524 0.0779595053297577 0.08190544185279691
0.0 0.6655864273863127 0.3935945702851762 0.043411664159577645 0.043514900870936346
0.0 0.6853842742218007 0.46856706603960663 0.04838459674688855 0.04596426940281528
0.0 0.5311943807328732 0.31837408285158597 0.04590691567428273 0.048441950475421214
0.0 0.5292526470412602 0.24660719275757742 0.05255258661106865 0.051359629057591616
0.0 0.48364281243593565 0.22032691491999723 0.0503083014999437 0.04932181736918384
0.0 0.501423165033336 0.17749810022398887 0.04540160234148399 0.04794810788832893
0.0 0.47997701324095443 0.1592353551404995 0.06277217072214536 0.06426336766399149
0.0 0.3620265400645769 0.14952452396173788 0.04890387739151253 0.04787151027792669
0.0 0.36892087535289175 0.1906948646370863 0.04030656707802144 0.03876948715334927
0.0 0.5352190522826881 0.3792096384373423 0.0338821263560285 0.03291858371668177
0.0 0.24550325795652397 0.10074581670771876 0.08549031973035098 0.08436618665111306
0.0 0.21853944818829826 0.1298950247452463 0.04310324954819583 0.04325236924238046
0.0 0.17666425934193122 0.0727789839319759 0.018981542109279215 0.021727112414898442
1.0 0.781980155368504 0.6507909154404654 0.07023933279868722 0.06841353420458218
