0.0 0.01133578431372549 0.5896650326797386 0.02267156862745098 0.03880718954248363
0.0 0.03431372549019608 0.5592320261437909 0.01470588235294118 0.023692810457516367
0.0 0.02267156862745098 0.5745506535947712 0.010416666666666664 0.013480392156862697
0.0 0.0059742647058823525 0.6345996732026145 0.011948529411764705 0.0191993464052288
0.0 0.033854166666666664 0.6425653594771242 0.0352328431372549 0.07516339869281041
0.0 0.0704656862745098 0.5802696078431373 0.05147058823529411 0.07230392156862742
0.0 0.13710171568627452 0.6337826797385621 0.03216911764705882 0.07148692810457513
0.0 0.16145833333333337 0.6736111111111112 0.0545343137254902 0.08333333333333337
0.0 0.13924632352941177 0.5622957516339869 0.029105392156862753 0.049428104575163445
0.0 0.17064950980392157 0.5912990196078431 0.025122549019607837 0.052696078431372584
0.0 0.19776348039215685 0.6113153594771242 0.041973039215686264 0.11315359477124187
0.0 0.23927696078431374 0.5802696078431373 0.04411764705882354 0.12132352941176472
0.0 0.18045343137254902 0.5222630718954249 0.017156862745098034 0.032271241830065356
0.0 0.3010110294117647 0.5512663398692811 0.02113970588235292 0.06903594771241828
0.0 0.3399203431372549 0.5267565359477124 0.04993872549019607 0.12622549019607843
0.0 0.36182598039215685 0.48508986928104575 0.025122549019607865 0.02573529411764708
0.0 0.3903186274509804 0.5465686274509803 0.030637254901960786 0.07761437908496727
0.0 0.4296875 0.5876225490196079 0.04381127450980393 0.10498366013071891
0.0 0.4621629901960784 0.5183823529411765 0.014399509803921573 0.0106209150326797
0.0 0.4866727941176471 0.49693627450980393 0.026654411764705843 0.02900326797385616
0.0 0.6213235294117647 0.5247140522875817 0.06801470588235292 0.04125816993464049
0.0 0.6205575980392157 0.6062091503267975 0.016850490196078427 0.01715686274509809
0.0 0.688265931372549 0.5053104575163399 0.038909313725490224 0.07189542483660127
0.0 0.7185968137254903 0.5706699346405228 0.04136029411764708 0.08251633986928109
0.0 0.9623161764705882 0.48141339869281047 0.04718137254901955 0.08374183006535951
0.0 0.9928002450980393 0.5083741830065359 0.01378676470588236 0.09681372549019612
