0.0 0.40713732138906567 0.8954026483129469 0.009089209799714226 0.0075432265078210214
0.0 0.43126597659979893 0.8665044983776045 0.03339909790740414 0.020609599765378683
0.0 0.4576613339345312 0.8900284700297013 0.022156923524118466 0.013724287386519096
0.0 0.50771000473426 0.7806348346434118 0.020699019508540695 0.019293580152274115
0.0 0.4880570224321281 0.7543077390665122 0.05179522660939795 0.030432548394146552
0.0 0.3986699312424884 0.741657636729026 0.02704992029657688 0.027893183910336794
0.0 0.422044216110731 0.7393296143754047 0.02390922293095854 0.023838950963145145
0.0 0.21423057493004696 0.8319069967719669 0.023521482563873708 0.01656455775035437
0.0 0.5096499984623017 0.659548336777511 0.06049123898733921 0.026128246726622173
0.0 0.44963223330138113 0.624628195770107 0.04091149661948584 0.03514919525879301
0.0 0.5036848273410802 0.6309000642073201 0.09585661152666969 0.06289905862221912
0.0 0.5075550507800312 0.5775930327785959 0.0697906901346605 0.051028074728502015
0.0 0.5219781326120233 0.5653564237693188 0.04994412517204716 0.02415431298455606
0.0 0.5178650682782875 0.5448606088928738 0.08572854475244418 0.036678711218741555
0.0 0.45864016036573646 0.49489819802437157 0.0726918501789603 0.04205327221234956
0.0 0.4215604002793227 0.45483293298511085 0.02411228404666832 0.020739229591628716
0.0 0.40405995225674923 0.505334303562014 0.03486245897767015 0.019613441962178124
0.0 0.492764475422872 0.3316505780095398 0.015211487375808352 0.012260064727648567
0.0 0.4949417092294797 0.26670678647011453 0.08329554524140514 0.06256531473647342
0.0 0.43853021720162466 0.23580382764846072 0.04466137733223374 0.02990426409143504
0.0 0.5129505278684019 0.1937335130580445 0.04346139250230957 0.03502875636471031
0.0 0.4342158149293882 0.19549103081588565 0.05141294329700158 0.02773129014391018
0.0 0.5638971775708822 0.2030726475714166 0.02292694720359978 0.02369993884954641
0.0 0.5949623655208189 0.21247875121456936 0.020186915014712814 0.008873128196767166
0.0 0.5938719530692516 0.17888439481798082 0.07262234412216084 0.04156213434867023
0.0 0.3864717571328369 0.1363824456998648 0.01790585242691911 0.017695036523479146
0.0 0.45886045227295896 0.1900864557763474 0.018586265008057268 0.02477019817563003
