0.0 0.7933944279743312 0.8249752400739837 0.11638271713705783 0.0932446636216766
0.0 0.7230424634777881 0.8331569028499801 0.07611941732363858 0.060041122640992595
0.0 0.6364223990881922 0.6979277467758926 0.09298646498762797 0.07564312681472318
0.0 0.5922417555690254 0.6475780922971037 0.10930943908441726 0.08670188767785414
0.0 0.6623762358066654 0.5895025942638309 0.032809127373199964 0.030483079665304613
0.0 0.5695533252908715 0.49381577907767804 0.1278088476690753 0.09304055561421665
0.0 0.5652007532496317 0.4243071791991355 0.06425804608385821 0.05364800390749286
0.0 0.4612236170145328 0.3948643245319926 0.06686972952767045 0.054178486770556644
0.0 0.4832599863045508 0.27295231769335476 0.11627386778125981 0.09799194895429186
0.0 0.42262034204861404 0.2291658004700512 0.0850969363651185 0.0851785520741675
0.0 0.3130122002836055 0.06652760980385045 0.07372535010961745 0.0634825786239725
0.0 0.25433117632941465 0.06595612387932369 0.04798946779633609 0.044928878706999936
0.0 0.2728851333146793 0.015373051848353025 0.08205014418443116 0.03074610369670605
0.0 0.2225558827631526 0.04659972010632306 0.050818825207203155 0.04000474375821553
