0.0 0.02 0.57225 0.04 0.08899999999999997
0.0 0.129 0.608125 0.03733333333333333 0.03275000000000006
0.0 0.0935 0.51625 0.07033333333333332 0.061499999999999944
0.0 0.46733333333333327 0.6495 0.03799999999999998 0.01849999999999996
0.0 0.5418333333333333 0.671375 0.09566666666666662 0.08675
0.0 0.4935 0.570875 0.021666666666666612 0.026249999999999996
0.0 0.8243333333333334 0.637 0.04533333333333334 0.07350000000000001
0.0 0.7726666666666666 0.583375 0.05400000000000005 0.07925000000000004
0.0 0.5393333333333334 0.5625 0.020666666666666722 0.01200000000000001
0.0 0.6505000000000001 0.5542499999999999 0.031000000000000028 0.015499999999999958
