0.0 0.8357603028164335 0.8580514149902961 0.0510131744609339 0.052996964494682386
0.0 0.7991370658019523 0.8470860580967674 0.022512196009516816 0.02311725196980996
0.0 0.6152494003110391 0.7440320844231073 0.06654435887049048 0.06784374134259541
0.0 0.5695444053441197 0.7134507852022913 0.03643420926757701 0.03719796843056988
0.0 0.6708814604152535 0.6249653353276348 0.024855536544093115 0.024399264836330925
0.0 0.5855380939926284 0.6208430541722273 0.04414478780229625 0.04123853540285505
0.0 0.577449827747909 0.6499969063308476 0.03124681117107364 0.029134074785131636
0.0 0.43585828584001407 0.48744983339142767 0.04039852345149625 0.03848416606892929
0.0 0.4045126903875501 0.5384084014718671 0.028385551074155246 0.027244871804750215
0.0 0.4367113045296245 0.5239038507735692 0.02657013258738622 0.027185107497848193
0.0 0.3955334959488986 0.5152243285731332 0.022428576101031994 0.020950652525889568
0.0 0.36427131398054813 0.44397873240500885 0.05541639074703142 0.057469613431960664
0.0 0.35440915297260245 0.3639349170040144 0.01986898574571805 0.01975987729386186
0.0 0.14170973506261314 0.2685943524252606 0.02162899176801647 0.02087515155519215
0.0 0.20943779676569818 0.3308106619603644 0.019341063697910776 0.018537628734242695
