0.0 0.09609224781301633 0.5995949591395556 0.03362329439352865 0.05305318824763039
0.0 0.11844661825842875 0.5667939129306736 0.04100417227409496 0.08170096812850414
0.0 0.13010728900280097 0.603553219961922 0.03263771151212963 0.058991712994238554
0.0 0.2820547944541877 0.5495074060234417 0.018486761781560224 0.026329373482670282
0.0 0.2771106571287091 0.6019423439164487 0.022947579341251412 0.025703091560560276
0.0 0.316694595511068 0.6708370863715615 0.04113467464775855 0.050814294495074686
0.0 0.3084706175548946 0.5995658510343307 0.04140613777219987 0.09192386179286427
0.0 0.364168454134317 0.6059720598716691 0.029420972823948288 0.05789459909014105
0.0 0.3542252948371504 0.6692910200524332 0.029016258893361846 0.0659683842958898
0.0 0.4996749385899119 0.6608245293493672 0.012605710330133024 0.018470005566098235
0.0 0.5374446832046094 0.6077364944004495 0.03548517021443842 0.05406721415490656
0.0 0.6048023236638347 0.6194719160077065 0.020017779669057933 0.03662150714438139
0.0 0.6221427035976836 0.5862228241942408 0.031248669078752234 0.04000978485296547
0.0 0.6599996308567841 0.6435882781158678 0.029288736721145958 0.026391916182898045
0.0 0.6909915656757053 0.6019466704062262 0.028716352743043294 0.01705841643058248
0.0 0.7421971535618124 0.5720606021405188 0.03041354662418383 0.03006027582683668
0.0 0.7554406188945123 0.6069095653527117 0.015296972065382608 0.018335100922569403
0.0 0.7764439814449695 0.635238387840547 0.03874732187391705 0.04856825004017207
0.0 0.7756006136929563 0.6806220514077914 0.011499364426388659 0.015102726559331092
0.0 0.772799462827655 0.5739615541764171 0.00850843621608588 0.01401946065470383
0.0 0.7829212579011233 0.5911713917907253 0.011587441936501741 0.020207249391776205
0.0 0.8751248021705664 0.5312697136425419 0.032332548172113285 0.09436690018629973
0.0 0.8524748878988232 0.535227547004992 0.007034304380342249 0.019328128128028643
0.0 0.9732010327563593 0.5098422533791043 0.036040584247120755 0.07779719249357203
0.0 0.7301016839683296 0.6335471701749004 0.011388580430626849 0.013296242736302366
1.0 0.8711540783308444 0.6291824044203029 0.0422363824208829 0.05252857383079901
