0.0 0.04129464285714285 0.48164682539682535 0.06374007936507936 0.07969576719576715
0.0 0.11321924603174602 0.5186838624338624 0.0458829365079365 0.08300264550264552
0.0 0.12028769841269842 0.4417989417989418 0.036706349206349215 0.07010582010582012
0.0 0.08854166666666667 0.46031746031746035 0.01438492063492064 0.029100529100529127
0.0 0.20647321428571427 0.4201388888888889 0.031001984126984128 0.06514550264550267
0.0 0.2309027777777778 0.4247685185185185 0.013888888888888895 0.022817460317460292
0.0 0.24305555555555555 0.47205687830687837 0.042658730158730174 0.06845238095238099
0.0 0.2524801587301587 0.4037698412698413 0.034226190476190466 0.03505291005291006
0.0 0.3194444444444444 0.4330357142857143 0.056051587301587324 0.10615079365079366
0.0 0.41728670634920634 0.45072751322751325 0.01909722222222221 0.03902116402116401
0.0 0.4263392857142857 0.5041335978835979 0.015873015873015872 0.023478835978835988
0.0 0.4720982142857143 0.4469246031746032 0.026041666666666685 0.04530423280423279
0.0 0.478546626984127 0.5171957671957672 0.04637896825396831 0.07738095238095244
0.0 0.5148809523809523 0.5243055555555556 0.035714285714285754 0.09027777777777773
0.0 0.566344246031746 0.4356812169312169 0.017609126984126977 0.02414021164021163
0.0 0.5713045634920635 0.5056216931216931 0.03447420634920639 0.07804232804232808
0.0 0.5307539682539681 0.6683201058201058 0.009424603174603141 0.015211640211640232
0.0 0.6907242063492063 0.5291005291005291 0.015376984126984072 0.020502645502645467
0.0 0.7251984126984127 0.49718915343915343 0.026289682539682557 0.05191798941798942
0.0 0.9794146825396826 0.4173280423280423 0.029265873015873023 0.05291005291005291
0.0 0.9930555555555556 0.3288690476190476 0.013392857142857095 0.01620370370370372
0.0 0.986359126984127 0.503968253968254 0.0267857142857143 0.051587301587301626
1.0 0.781547619047619 0.4065509259259259 0.038085317460317514 0.048574735449735396
