0.0 0.21183333333333337 0.3701250000000001 0.07166666666666666 0.10724999999999996
0.0 0.014499999999999957 0.44250000000000006 0.02833333333333332 0.025499999999999967
0.0 0.08350000000000007 0.49724999999999997 0.04966666666666664 0.025500000000000078
0.0 0.3419999999999999 0.47687500000000005 0.06733333333333336 0.06675000000000009
0.0 0.1158333333333334 0.47075 0.025666666666666615 0.012499999999999956
0.0 0.12833333333333335 0.43450000000000005 0.01533333333333331 0.033499999999999974
0.0 0.43283333333333335 0.408625 0.03166666666666662 0.05725000000000002
0.0 0.3974999999999999 0.4875 0.04300000000000004 0.05900000000000005
0.0 0.5636666666666666 0.45699999999999996 0.026000000000000023 0.03249999999999997
0.0 0.5981666666666667 0.451875 0.040999999999999925 0.03774999999999995
0.0 0.5688333333333333 0.4115 0.02300000000000002 0.012499999999999956
0.0 0.6305 0.49812500000000004 0.04633333333333334 0.020750000000000046
0.0 0.7213333333333334 0.47287500000000005 0.04066666666666674 0.028750000000000053
0.0 0.8165 0.5105 0.04566666666666663 0.029000000000000026
0.0 0.8143333333333334 0.46912500000000007 0.034666666666666734 0.03674999999999995
0.0 0.8661666666666666 0.48624999999999996 0.05499999999999994 0.06299999999999994
0.0 0.9036666666666666 0.4776249999999999 0.04266666666666674 0.036250000000000004
0.0 0.9455 0.40175 0.04833333333333334 0.0595
0.0 0.8796666666666666 0.433875 0.020666666666666722 0.011249999999999982
0.0 0.8685 0.409625 0.013000000000000012 0.008750000000000036
0.0 0.8125 0.42674999999999996 0.020999999999999908 0.01200000000000001
