0.0 0.8389428543847216 0.23123898467994863 0.05402127960093872 0.05381957167889906
0.0 0.8517776486478785 0.30523038080583953 0.10693623130297969 0.10516984621426084
0.0 0.8254800138738648 0.33358426893149073 0.09050065964554865 0.08928176748808025
0.0 0.6661554345648751 0.48892749516325973 0.08791861707523907 0.08642885999388888
0.0 0.6312424780387039 0.5664779065244254 0.05410983002418912 0.05315892124885924
0.0 0.5989093834228757 0.529512552710062 0.06324312198327964 0.06276190451212765
0.0 0.7225737204522809 0.5013720942154849 0.11544857440298151 0.11382050331794696
0.0 0.7336981460623917 0.4559761847299977 0.05397151602050476 0.053297235252543484
0.0 0.663681709733117 0.42596869195045406 0.12554860023037162 0.12403002773158722
0.0 0.44391365187906784 0.5849632324972162 0.04136134880905157 0.04059197716355745
0.0 0.4213678774439147 0.5797511191416377 0.03941269599293917 0.038821979935537376
0.0 0.3681731941457608 0.5795200401483622 0.03494146089765554 0.034425664925582744
0.0 0.32924541297825766 0.6687946577654261 0.04178452337331784 0.04145602761456746
0.0 0.4246079410885806 0.6292642931067641 0.03383366884126687 0.03353110695820738
0.0 0.4088081057907126 0.6552386255603615 0.02709983023717677 0.02724967040783488
