0.0 0.5508409793267143 0.37648649690782543 0.028586264702174402 0.042876741580710365
0.0 0.5990136946736218 0.4122847682657686 0.06983856122751142 0.0693486020202474
0.0 0.5804524108660942 0.4717607898727507 0.008758721902616173 0.025825634288982047
0.0 0.6540754096270788 0.6297559371192407 0.03685260560073811 0.031381394452955624
0.0 0.5839915508087252 0.09892411710850807 0.05840329057636873 0.04713422880929452
0.0 0.5105743373568096 0.037452144682402766 0.019710151435907486 0.023711484961897566
0.0 0.5313022630446739 0.026195404133314476 0.01809114470244877 0.017682845363061916
0.0 0.6034309756055853 0.039298860181873174 0.049104007579128695 0.05694335489535418
0.0 0.5666759412663127 0.03290009570503835 0.013078877300993108 0.01691689109122846
0.0 0.5961793497323437 0.19018450039390433 0.039552862082185225 0.05408831856435348
0.0 0.3970388453303553 0.4844496582322607 0.01750699199334871 0.025999618252593004
0.0 0.5823334767936588 0.6034909029907742 0.01712448220895757 0.01932929864164601
0.0 0.5361214266799083 0.6514148361424746 0.07806041832812816 0.0681795743149689
0.0 0.5893158414979436 0.7113177239549826 0.0621876009149579 0.06153432197193898
0.0 0.46902945387810335 0.7370977271450655 0.024158150009818746 0.03379401441934582
0.0 0.5007186872606664 0.7719013795932865 0.042414993725230166 0.059808545583105555
0.0 0.6044798494479983 0.8038041948971433 0.05491723846111274 0.04773117008790606
0.0 0.6481913740793278 0.8061738181593237 0.024730958723564234 0.03746989811243062
0.0 0.5751427770609199 0.8518970348340795 0.035866059225691416 0.0320280454354559
0.0 0.5474314669265594 0.8056702205367288 0.02935600030579255 0.0438914567879608
0.0 0.49709752657951134 0.9036887650787684 0.058819959905564156 0.10577438393503968
0.0 0.579495434832043 0.971423578651058 0.08488007946671439 0.05715284269788401
0.0 0.5705928742307858 0.2948631039821542 0.022744610052433778 0.0380966652133754
0.0 0.4278856265178507 0.7187760058790456 0.012862066529564786 0.01857825728097917
1.0 0.5335019116735475 0.5173362421532348 0.032124412587105855 0.04489928231783846
