0.0 0.6711246187463897 0.44061996495991596 0.044135544690996564 0.03314978424152892
0.0 0.6473378036910965 0.3891758664568424 0.07507526886794769 0.07545192351192942
0.0 0.5887744164924906 0.3948459975712061 0.02526109625161088 0.012140959486246328
0.0 0.45694703363248196 0.2962744339173724 0.03479363412331227 0.038999610981108546
0.0 0.9341002168919215 0.46358619295052794 0.05273647310086638 0.06139952991244679
0.0 0.9767433916033289 0.5433245227016948 0.025017675359786606 0.021941662433935694
0.0 0.9907793510168112 0.5263382603495044 0.0184412979663775 0.01950124590383495
0.0 0.981396349100149 0.45713315124159243 0.03720730179970211 0.054330455183337345
0.0 0.9914697280791608 0.492344609583673 0.017060543841678433 0.014744579723188878
0.0 0.8520950916795129 0.43469352654486254 0.05622225939324599 0.045048171621787314
0.0 0.5416196059703638 0.5619387706540583 0.02678995761612568 0.02026127712044179
0.0 0.46736924174634853 0.36766411082663697 0.020559367189181 0.018864421291263145
0.0 0.4141437383694918 0.40112525097675605 0.07527938499118408 0.08287525364481618
0.0 0.36904505066095733 0.34038350450380483 0.06664987129506872 0.06715207748704438
0.0 0.32198180169747503 0.44659437401935553 0.03504062817591702 0.02763308684427601
0.0 0.2959306817936068 0.4105793591590132 0.0619616310518582 0.048590391190505844
0.0 0.28648139746991824 0.30850288101305157 0.05274361942242789 0.0582678875341604
0.0 0.2927336498409152 0.26763920232244354 0.03853079145298083 0.028737770709455157
0.0 0.23635908515575293 0.3263325297517845 0.035237597977592156 0.03818805935544928
0.0 0.2737378488207842 0.3608767691336908 0.0451946262518631 0.03402053848040437
0.0 0.17340983575864233 0.3884725509013763 0.10705022416937057 0.07095415412111905
0.0 0.12571011821745928 0.2990136796426601 0.06815014737333776 0.08779896463438591
0.0 0.7503905225447728 0.43812692207653453 0.03880002829417317 0.026998182782744906
0.0 0.33097126592273907 0.48816560324199726 0.01919808651619226 0.014803782336405225
1.0 0.5375771704461456 0.4294433425815205 0.046559853478188695 0.03673921139410424
