0.0 0.1055484864671809 0.5881378536693858 0.02721436746189998 0.021644779338267583
0.0 0.12544775734443667 0.568248622448607 0.01764687939247661 0.01573730632151693
0.0 0.15851934941941692 0.5937364805135212 0.05249454993342406 0.059655448949522794
0.0 0.1803367574237471 0.5606691983086434 0.05953567465770615 0.03853037087714972
0.0 0.19514584360713202 0.6029906983906448 0.03337063245308752 0.048090258208401626
0.0 0.2522504008182322 0.6018906207914813 0.05748840847983161 0.06735453601312336
0.0 0.33133903661418596 0.6355470215636223 0.04236182297877722 0.04848836991477279
0.0 0.3665683979260088 0.6537481953323945 0.05129647291071743 0.055115619052636844
0.0 0.3714336675460803 0.5740103589289542 0.05310901265747997 0.03600242056346625
0.0 0.4389415157731358 0.6544502809375741 0.05291602625801356 0.06166823616657868
0.0 0.42835155838983796 0.6185717190182647 0.010355147426050815 0.008684270988961074
0.0 0.6599989990453836 0.5751510573151599 0.030873703179883805 0.04424071467660162
0.0 0.6989404947653464 0.5547286300330732 0.048862153684982146 0.07519834895530098
0.0 0.7300017385415762 0.5728703704728636 0.04671053742799358 0.06413539170050053
0.0 0.7772512825619851 0.5833456903235676 0.05731396454606219 0.048402623548250534
0.0 0.9134874629018824 0.6073955886776023 0.07695639167518542 0.07918422692463822
0.0 0.9549088433089545 0.6477673654069431 0.053806955444827165 0.04425909009002882
