0.0 0.9691417936449569 0.31745606020578854 0.03090300014692904 0.03277247249776177
0.0 0.8606146663425389 0.2947761513769431 0.05554760986242668 0.08834127068328412
0.0 0.510706135545699 0.33298820053158784 0.022834854068275734 0.054460094669862735
0.0 0.4806571568872372 0.3173578172482735 0.02237785152174543 0.03156942391333967
0.0 0.45231444913201657 0.326669452018933 0.02348482744720881 0.03727218603460025
0.0 0.37738572953771554 0.34795213523695334 0.024950103594336748 0.025105892956906184
0.0 0.3143524375074209 0.40672406021196184 0.02737138080120194 0.035861901061233936
0.0 0.27879524929403754 0.4049699247103453 0.025596888693859787 0.050990554792671006
0.0 0.2811863122811207 0.369581114512258 0.011579034342024397 0.021939026952889074
0.0 0.2531528204861142 0.3758671277781769 0.01970707505827679 0.020797600596262567
0.0 0.25596970042919964 0.4222818971127997 0.03806848531063556 0.0713295142192012
0.0 0.09131365592449373 0.35389453386118164 0.018895316437468834 0.0197521579316004
0.0 0.20490598889086212 0.33199806148847233 0.014987676133143168 0.020829777229495416
0.0 0.22203363461477985 0.33742542290595356 0.013715548752406381 0.016441862597370793
1.0 0.6108144632256878 0.296398641276561 0.03740829487326236 0.0432340380865448
