0.0 0.4622746787950816 0.9495710047413047 0.048060755041821945 0.03203338564434555
0.0 0.35267015159122783 0.991775198209866 0.03565634969771281 0.016449603580267924
0.0 0.49047682200681264 0.881337854263492 0.01976418272952213 0.018774838939554228
0.0 0.3907447678524254 0.6946121622918154 0.045698524145690866 0.0331668361394335
0.0 0.4373559254022735 0.6940674941422591 0.04735010079442098 0.031850381418260465
0.0 0.43583588152775316 0.6547517578289436 0.040667512028893515 0.03037833661322975
0.0 0.4675793701018433 0.647907417591103 0.03451720312786333 0.039991572099017936
0.0 0.6382585606133631 0.6186424361681153 0.05284164921907453 0.03127395459777915
0.0 0.601843285374526 0.6203487008991911 0.026882919403323102 0.01936390659956877
0.0 0.5867288935513706 0.6124577300082045 0.021763430916127535 0.011078517984476566
0.0 0.5302584597984089 0.3146636642749868 0.04801197824265646 0.03699728404768293
0.0 0.4786404116514212 0.3270387507077121 0.03188500450657106 0.03234669827522285
0.0 0.5687117465439153 0.07578008063686127 0.05580932517845061 0.03377993678850375
0.0 0.527120468657092 0.0730375279799596 0.032139661060081925 0.028182285900211455
