0.0 0.12346813725490197 0.40604575163398693 0.026348039215686278 0.07598039215686275
0.0 0.029718137254901963 0.4207516339869281 0.02450980392156863 0.02777777777777779
0.0 0.02971813725490196 0.36233660130718953 0.010416666666666668 0.03431372549019607
0.0 0.07659313725490197 0.3874591503267974 0.015318627450980393 0.06331699346405228
0.0 0.09574142156862744 0.4054330065359477 0.019301470588235295 0.02410130718954251
0.0 0.34359681372549017 0.45179738562091504 0.01930147058823528 0.02450980392156865
0.0 0.36397058823529405 0.4801879084967321 0.022058823529411742 0.07393790849673204
0.0 0.3851102941176471 0.4622140522875817 0.01654411764705882 0.032271241830065356
0.0 0.38388480392156865 0.40461601307189543 0.0202205882352941 0.017565359477124176
0.0 0.4560355392156863 0.43852124183006536 0.01930147058823528 0.04779411764705882
0.0 0.4537377450980392 0.4799836601307189 0.015318627450980393 0.01633986928104575
0.0 0.5188419117647058 0.45649509803921573 0.021752450980392135 0.07148692810457519
0.0 0.6340379901960784 0.5153186274509803 0.027267156862745057 0.08619281045751631
0.0 0.7133884803921569 0.48141339869281047 0.02787990196078427 0.026552287581699363
0.0 0.7181372549019608 0.5077614379084967 0.01225490196078427 0.022875816993464027
0.0 0.7691482843137256 0.5349264705882353 0.034007352941176516 0.029820261437908502
0.0 0.6928615196078431 0.4430147058823529 0.01378676470588236 0.0216503267973856
0.0 0.8157169117647058 0.6094771241830066 0.025428921568627416 0.042483660130718914
0.0 0.7513786764705882 0.641952614379085 0.016850490196078427 0.0404411764705882
0.0 0.8267463235294118 0.5706699346405228 0.010723039215686292 0.031862745098039214
0.0 0.9169730392156863 0.5412581699346404 0.01409313725490191 0.03594771241830064
0.0 0.9878982843137254 0.5328839869281046 0.023590686274509776 0.09027777777777773
