0.0 0.8219379824849165 0.8376417388317816 0.08008969004462674 0.08443896573893472
0.0 0.8985583375486841 0.803515555702015 0.035268953602639264 0.0389115964038218
0.0 0.6719187080743796 0.7144650193516199 0.05888947412202927 0.061755815998369545
0.0 0.5805844878944777 0.6190540296406316 0.05782896309408392 0.060914261641533685
0.0 0.5470803793995349 0.6697932575553212 0.035296277429771816 0.037525654444703016
0.0 0.522486518101768 0.5979040988329225 0.02779496032545592 0.028451830338783957
0.0 0.552296862451845 0.5200489845713981 0.03944621445717067 0.0396253608244419
0.0 0.5052956504315674 0.3697590175816531 0.06230986902889307 0.06404161724584867
0.0 0.48025266887243007 0.3952237687290434 0.03353495863265643 0.03303732983468066
0.0 0.43458655119231404 0.3988080805685281 0.04020744294421408 0.04198895404096725
0.0 0.45539326170327943 0.3574676375161871 0.0555827370630706 0.05786187695779954
0.0 0.400891175907445 0.381675647164907 0.05151336099283621 0.054051267862512464
0.0 0.39629661212473044 0.3609089299848051 0.02929868758448434 0.03115981928891365
0.0 0.32048444080233157 0.27228314208379195 0.04907432668098555 0.051871000525609195
