0.0 0.009211915693211115 0.518289493016261 0.01842383138642223 0.07650835653627303
0.0 0.029095527324966647 0.5190481309881421 0.05218640895558485 0.08878330500634479
0.0 0.06235793498325437 0.5481271736787586 0.026777769625452197 0.029610115959319616
0.0 0.0719632732038615 0.4862692784125707 0.05381463117850144 0.07751689786718113
0.0 0.12367517895403751 0.4548144749569263 0.06306448660709774 0.0640334471949997
0.0 0.2616175249726709 0.5952484387589577 0.029847943842320424 0.05176136021487321
0.0 0.30200989369155795 0.529653534238527 0.05437063121047342 0.0782219687588302
0.0 0.3262463097794886 0.4446579440767118 0.035150591383160235 0.043125882375892044
0.0 0.36756213343153366 0.49307223969120323 0.03161266862390577 0.0600852028222566
0.0 0.3787672204687223 0.4230915118825754 0.0558677908683779 0.1018561510788033
0.0 0.3981099609387159 0.47756619321606375 0.030985808589523267 0.04566928826773037
0.0 0.41874825170479035 0.4600062843873169 0.03983529718070883 0.07978628757420647
0.0 0.4575453307526416 0.4329262779375854 0.06047271837242457 0.06509391502241874
0.0 0.5303433868747787 0.3372010387589339 0.025919644042952883 0.03866520254535599
0.0 0.5449513406713278 0.5381063156059281 0.019315025364265215 0.03869423712230513
0.0 0.5259897457447565 0.5707872098808504 0.03501605052071288 0.07280551344889064
0.0 0.49833157542473294 0.5918332135373372 0.050117819474754466 0.08760914068357784
0.0 0.6144875123539753 0.4104696746940373 0.04394313316167531 0.08441587156404323
0.0 0.6652137082540744 0.4292638391344009 0.046904408651851304 0.0820851315356777
0.0 0.6341374845468968 0.43917308018051904 0.04109749044555766 0.07501111102212749
0.0 0.6423224988587695 0.35303564144032806 0.029164136995267542 0.04451843554202223
1.0 0.8047585935459494 0.3390053797235216 0.04097174002850956 0.05071352070841667
