0.0 0.8826820454612504 0.13102646774564383 0.06840738073860142 0.07360733622627119
0.0 0.7814013129809443 0.15035910333625066 0.10725229600888697 0.11702303087539795
0.0 0.7744390116072016 0.19602189464928557 0.02796641601249461 0.026523011998123847
0.0 0.747775953585453 0.16379451590573163 0.0334103472572751 0.03555694809915999
0.0 0.6723002886007634 0.18756915975257274 0.057121169736691235 0.06172895947487539
0.0 0.6786851791785782 0.249796055667306 0.06547063547375309 0.07022646664930876
0.0 0.6398940564146087 0.24539976639580613 0.030465279119742394 0.031131465587913576
0.0 0.7125212691829523 0.2922182274727174 0.06837200852969305 0.06916773125556414
0.0 0.8811729446304475 0.296157326896873 0.049665154419284985 0.05299608676014106
0.0 0.8431447757438463 0.2545663913657329 0.10790391744986061 0.11452877177222959
0.0 0.7568668917328 0.2509285273693251 0.05780296159114573 0.06302142225848684
0.0 0.5807426011158697 0.43359493389685444 0.021669608352395064 0.022816929492023186
0.0 0.6131854934683952 0.414166797502899 0.018955965602689195 0.019344574375789014
0.0 0.5908520945621814 0.41618807843060224 0.020541611467655208 0.02170743778695472
0.0 0.4762626083916905 0.469859626265267 0.04356127886084671 0.04541179682798907
0.0 0.46190257460217543 0.43350654547351264 0.06641194241134452 0.07599762548114136
0.0 0.4438339407991789 0.5892921354310494 0.042225784847247816 0.046352439913975196
0.0 0.4248284918951374 0.5469585225440834 0.08197975592347251 0.09149141827458362
0.0 0.4567519250412121 0.5219294897025981 0.031148111333282325 0.03255450498831036
0.0 0.35622843297726725 0.6283973221534661 0.03140866677550469 0.03716377765331713
0.0 0.31945846367312625 0.6043139927362859 0.029561425109230877 0.030061064960359096
0.0 0.3896896714099223 0.7222870538081937 0.023475235655246784 0.024696577513560802
0.0 0.3287409132986699 0.7218540801518938 0.03812463012966549 0.03729189704445146
0.0 0.2718450456985013 0.7290366797485079 0.04809615429968783 0.05272244921754343
0.0 0.26249583898705514 0.6904980690604022 0.03952358604748307 0.04431642758238152
0.0 0.25626232850964625 0.6232873116900444 0.047615617419579426 0.04859639194216481
0.0 0.20433588838625316 0.748475653593766 0.06029246146662315 0.06645468629720697
0.0 0.24240499271956312 0.8036931737961881 0.04806702424529241 0.049066303947549295
0.0 0.25821545666006956 0.838182957882964 0.0469598345422636 0.05056834457819104
0.0 0.2319631912860763 0.8426674683103248 0.07629399570000961 0.08019858861067986
0.0 0.18384110691526295 0.7909201774407626 0.09931574381137243 0.10416410088528494
0.0 0.33841273345336476 0.6980858715460798 0.03523157994641024 0.03939524537248029
0.0 0.24956198258550427 0.9752690345374609 0.032047803907451544 0.0331025991487226
0.0 0.22204876550796476 0.9154814929215482 0.10992744547242739 0.11566405117056822
0.0 0.16810074703182745 0.92028874479797 0.08196206981901805 0.08927161578922971
