0.0 0.6346385415851384 0.7518643067023719 0.052841740382815194 0.053403792085708224
0.0 0.6475357637972654 0.7144725049011852 0.030823331529611586 0.030529722431085426
0.0 0.63977058883614 0.6797726563797297 0.01982346598364826 0.01816247736912835
0.0 0.5880584905427408 0.6839463173053232 0.05527044357408284 0.05592477242222693
0.0 0.5395096085075246 0.6235489785931712 0.05290115453797428 0.05368970468830203
0.0 0.515792453650575 0.6462517214888677 0.01372615494062246 0.013784876760327802
0.0 0.49803693835359225 0.5776795801515319 0.05910302785656152 0.06130090167981517
0.0 0.48538270178289056 0.5568753055831341 0.06995707930548473 0.07082112893829062
0.0 0.4399126977743634 0.5188769001921901 0.07788792113299425 0.07992640715990507
0.0 0.4463811616497709 0.47544434370739336 0.020426946415876834 0.02009139316041819
0.0 0.40051004001748414 0.48434188204879214 0.05933186102415583 0.06084185067371939
0.0 0.42438948086949085 0.45870537524000576 0.017298508542264113 0.016543513717482305
0.0 0.223507283135255 0.3059846870394354 0.05126844027916877 0.05129360677332828
0.0 0.23634689518881205 0.3313174727276616 0.03956832462326337 0.04043237425606916
0.0 0.25738096062204296 0.2912497145201345 0.02387113282656178 0.023208415147031092
0.0 0.2771771831051707 0.30803296186461393 0.027402234606724696 0.026353630683416673
0.0 0.185649651126308 0.23945613579098488 0.0514560216252844 0.051221134346463415
0.0 0.15539814480188358 0.24276012759420104 0.025440021203687463 0.024517249751176362
