0.0 0.3756991622398411 0.5488844797161907 0.0424466274646782 0.02792314196717538
0.0 0.41073236930414914 0.5976164111256929 0.06827996908381323 0.0687779171580134
0.0 0.470494042141138 0.5799965115089953 0.025700239001849312 0.008355047750545963
0.0 0.6273070566113652 0.656104927553217 0.030814870093709534 0.036375290255610704
0.0 0.09764796562941902 0.5776484699288996 0.04623510346914961 0.05768790917575184
0.0 0.03734284472995844 0.5032698236767565 0.02341197535352496 0.019345399414224196
0.0 0.02576023294075691 0.5238174321811973 0.017405882474519463 0.01782083920301969
0.0 0.03772321105550955 0.5961440447849757 0.056196112685725164 0.04822894349852369
0.0 0.031905571634769064 0.5592925616712481 0.01671874407308499 0.012818150825184227
0.0 0.1887045389742982 0.5912756651901641 0.05349056146403314 0.03871810192943015
0.0 0.4860772564406557 0.39680615468071395 0.025736074321887792 0.01710497436908609
0.0 0.6021780341847145 0.5839572375255706 0.019068439698617934 0.016827673364717577
0.0 0.6508256381817017 0.5385076217978577 0.06698043451988156 0.07702238734958339
0.0 0.7098811690294584 0.592641215918337 0.06058265072467839 0.06124658149027862
0.0 0.7375571675263279 0.4727768645943825 0.0334292972158754 0.02363631842327346
0.0 0.7718561383400082 0.50501166469045 0.059168443136623616 0.0414912865025201
0.0 0.8021166856522514 0.6092636079775717 0.04688743041683252 0.05419066883843404
0.0 0.803795849672765 0.6530070978725517 0.03709798086478977 0.02415133093558708
0.0 0.8506667353546739 0.5806895333059966 0.03147743570426065 0.03537802895216147
0.0 0.8048832189795003 0.5522517996099254 0.04344969067708604 0.028677231142483106
0.0 0.9036842705941993 0.5034717542549898 0.10489820653173942 0.057178182754230145
0.0 0.9710943900249462 0.586945973147198 0.057811219950107406 0.08398546945809027
0.0 0.29377408023474444 0.567345155853813 0.037756451010193426 0.022154078018590373
0.0 0.7198873524856366 0.43134888327224036 0.018384372896043888 0.012574978697042716
1.0 0.5168051174330406 0.5337714584499913 0.044414278544489705 0.031431112423179086
