0.0 0.12346813725490197 0.5939542483660131 0.026348039215686278 0.0759803921568627
0.0 0.029718137254901963 0.5792483660130718 0.02450980392156863 0.02777777777777779
0.0 0.02971813725490196 0.6376633986928104 0.010416666666666668 0.03431372549019607
0.0 0.07659313725490197 0.6125408496732025 0.015318627450980393 0.06331699346405228
0.0 0.09574142156862744 0.5945669934640523 0.019301470588235295 0.02410130718954262
0.0 0.34359681372549017 0.548202614379085 0.01930147058823528 0.02450980392156865
0.0 0.36397058823529405 0.519812091503268 0.022058823529411742 0.0739379084967321
0.0 0.3851102941176471 0.5377859477124183 0.01654411764705882 0.03227124183006547
0.0 0.38388480392156865 0.5953839869281046 0.0202205882352941 0.01756535947712423
0.0 0.4560355392156863 0.5614787581699348 0.01930147058823528 0.047794117647058765
0.0 0.4537377450980392 0.520016339869281 0.015318627450980393 0.016339869281045805
0.0 0.5188419117647058 0.5435049019607843 0.021752450980392135 0.07148692810457513
0.0 0.6340379901960784 0.4846813725490197 0.027267156862745057 0.08619281045751637
0.0 0.7133884803921569 0.5185866013071896 0.02787990196078427 0.026552287581699363
0.0 0.7181372549019608 0.4922385620915033 0.01225490196078427 0.02287581699346397
0.0 0.7691482843137256 0.46507352941176466 0.034007352941176516 0.029820261437908502
0.0 0.6928615196078431 0.5569852941176471 0.01378676470588236 0.021650326797385544
0.0 0.8157169117647058 0.39052287581699346 0.025428921568627416 0.042483660130718914
0.0 0.7513786764705882 0.35804738562091504 0.016850490196078427 0.0404411764705882
0.0 0.8267463235294118 0.4293300653594771 0.010723039215686292 0.031862745098039214
0.0 0.9169730392156863 0.45874183006535957 0.01409313725490191 0.03594771241830064
0.0 0.9878982843137254 0.46711601307189543 0.023590686274509776 0.09027777777777768
