0.0 0.4045168705621458 0.029210331445852722 0.0847096706802461 0.05172746456491217
0.0 0.40144503353155714 0.07793761246365113 0.08601316715259205 0.03803083442042138
0.0 0.42656680963638705 0.10461255337577505 0.11277007202993439 0.04789000630168866
0.0 0.3617994782640671 0.12667573626880024 0.05284593860868808 0.03920124511987877
0.0 0.345887963645251 0.20254946007743194 0.05976849297964465 0.05109372096026926
0.0 0.49730869404217615 0.20240533373750955 0.10759633690662951 0.044613877557622084
0.0 0.5234892156267128 0.3977119724143847 0.0103001966450732 0.01707736228521034
0.0 0.4662397001686579 0.44144905231262765 0.10634713687127784 0.0953229474299882
0.0 0.40141357883064127 0.4835527026387417 0.029590070627416254 0.01739117247516936
0.0 0.4314629048873168 0.5606960191498084 0.10935436924560926 0.046010461062461205
0.0 0.36118450441792616 0.6205045673783295 0.07038238679771519 0.0345085900092561
0.0 0.44444644153142265 0.6489604885950315 0.10109025789209786 0.051119956572153735
0.0 0.4055040235918195 0.7171930583759252 0.05043846130636731 0.042848035789413874
0.0 0.3615048463878562 0.7300399978294136 0.037391641167862755 0.029981940067979385
0.0 0.44108405307311827 0.767992827245231 0.096542935003814 0.06084986263242531
0.0 0.4997340284963862 0.7407455445011569 0.08182462478297181 0.058330450563829794
0.0 0.4620386203362644 0.8128479313818837 0.07056468440232738 0.05077536073312716
0.0 0.4110696151598078 0.8258440795180846 0.04013826466129394 0.02577067350420348
0.0 0.536764698889715 0.8084919214098569 0.036651047402215475 0.026891928880418026
0.0 0.36949475525739917 0.8888179451065729 0.04821668000942614 0.03357800222673002
0.0 0.4410988158334439 0.9327324052671194 0.06553397822852919 0.04149763075817625
0.0 0.4676181445582064 0.9646475959347522 0.03644111052361937 0.03228444893100202
