0.0 0.45579572196522233 0.02363323400732581 0.04344932108645394 0.04726646801465162
0.0 0.45792005758066906 0.053743092784889056 0.04141021077954121 0.03624546098409677
0.0 0.39733573466721117 0.08935136894457216 0.028367835037237776 0.022185786039660413
0.0 0.49717554752853854 0.14894121092271323 0.05257571770584213 0.03293401772619775
0.0 0.42890360883555967 0.19301186229866996 0.019734100481716865 0.012456498497227131
0.0 0.4618897410283824 0.1778811053679576 0.053369112386987605 0.031145037509621054
0.0 0.5102983467557508 0.2130385647308525 0.03760076329229323 0.0289928469665528
0.0 0.46819000875781247 0.222587594339184 0.042490191360671614 0.02543086627874952
0.0 0.43560048765436876 0.2831449003797039 0.046056887620905984 0.03126692229758821
0.0 0.4870557974086409 0.4007494191942339 0.03654331105700104 0.024961750909640923
0.0 0.47816071534095916 0.5224259233186267 0.04703383012009543 0.02840942934258406
0.0 0.5124553463734388 0.50925816923463 0.01704130863873088 0.01172005127372766
0.0 0.48534745993045547 0.4974263849538909 0.03364566506883748 0.020890298149785602
0.0 0.4712781969224675 0.6036582082862739 0.03422826801366974 0.02429003734667834
