0.0 0.8604219734299392 0.6036178835780344 0.026426172729373865 0.029886281843271578
0.0 0.7839381812614257 0.740743364230293 0.08546585246752358 0.10684269096571442
0.0 0.7615296782432668 0.6806313669922117 0.10419449066190967 0.12931583080390763
0.0 0.9176424241083927 0.6538406514046313 0.03282636770699743 0.0412159473393251
0.0 0.8917540665368823 0.6696204462421064 0.06118895774464006 0.056069892206270566
0.0 0.4781535563419055 0.5484753967374723 0.02676390434789866 0.02975002591194742
0.0 0.5080932430014518 0.48763320879649213 0.057928655248759786 0.07655636595782622
0.0 0.5012789012801249 0.43614831348573335 0.0677592576721282 0.0834482455721306
0.0 0.5275694085552748 0.38369802668039477 0.0636455297583991 0.10156453374632068
0.0 0.43795563650650227 0.4767704095624564 0.07426662648322363 0.10152091059954227
0.0 0.4380121973606823 0.4222372050556174 0.05357205141287674 0.05693736301680474
0.0 0.40668052664106324 0.49914506733270414 0.03383170533163793 0.0542131699751458
0.0 0.3582071542048587 0.5086335100952106 0.01750208698434913 0.022289361237824212
0.0 0.3676754620044175 0.4718805969408793 0.05693266182377599 0.06949333189477491
0.0 0.3697176028118945 0.43379250463814645 0.02951099132565904 0.03899074232263944
0.0 0.2959308169325488 0.43132160653975227 0.015137469998433795 0.016796426422905464
0.0 0.282274064256467 0.4270736306422336 0.01665751010991634 0.019406637899040735
0.0 0.7345210252516265 0.5524281386966469 0.028754899885384932 0.030982641369675434
