0.0 0.8777281746031746 0.48065476190476186 0.028273809523809534 0.034060846560846514
0.0 0.8456101190476191 0.5439814814814814 0.035962301587301515 0.08664021164021163
0.0 0.8096478174603174 0.550595238095238 0.03447420634920639 0.06944444444444442
0.0 0.6010664682539681 0.578207671957672 0.029017857142857095 0.0717592592592593
0.0 0.5307539682539684 0.617228835978836 0.01736111111111105 0.044642857142857095
0.0 0.5271577380952381 0.5709325396825397 0.02951388888888895 0.043320105820105814
0.0 0.636780753968254 0.6195436507936508 0.042906746031746046 0.0896164021164021
0.0 0.6708829365079365 0.5914351851851851 0.021329365079365115 0.04067460317460325
0.0 0.634796626984127 0.5291005291005292 0.05034722222222232 0.09391534391534395
0.0 0.3783482142857143 0.5252976190476191 0.012648809523809534 0.03472222222222232
0.0 0.3642113095238095 0.5085978835978836 0.014136904761904767 0.031084656084656048
0.0 0.32403273809523814 0.4783399470899471 0.012648809523809534 0.027447089947089998
0.0 0.24404761904761907 0.5239748677248677 0.019345238095238138 0.02876984126984128
0.0 0.3386656746031746 0.5479497354497356 0.015128968253968256 0.023809523809523836
0.0 0.3120039682539682 0.55869708994709 0.017857142857142905 0.013558201058201047
