0.0 0.20560265263673408 0.23992524664831516 0.041566789907017176 0.042656868662247244
0.0 0.19201519810063084 0.30440134148758907 0.07805439006489634 0.0876003654499834
0.0 0.21418076393667645 0.33009318566206763 0.06691140412238503 0.07349859431470451
0.0 0.34898949002023 0.4713325506155488 0.0640571472670427 0.07210815750209987
0.0 0.37715835584077373 0.5404349673497191 0.03931895300312643 0.04445789570635428
0.0 0.40667580723352975 0.50904067365313 0.047904627579248515 0.05050524403815482
0.0 0.2991256344747376 0.48046591769207175 0.08513027924916233 0.09392877205923444
0.0 0.29080234136394767 0.4403088725027275 0.040066435578141435 0.04371041313133939
0.0 0.3531437724957738 0.416203904344648 0.09335703277960322 0.10156376855112181
0.0 0.5408384032545119 0.5625508334022923 0.029923820295261194 0.03408169211878209
0.0 0.5607724446435065 0.5586913799398441 0.02895443741399395 0.03214681091145366
0.0 0.6074245183469771 0.5601660311502492 0.025694104198068723 0.028481591300728692
0.0 0.6387441858481726 0.6396756361622251 0.03161778174144825 0.033393052857108696
0.0 0.5563701362070299 0.602005802612924 0.02548837142835436 0.027123489561199476
0.0 0.5694055329791905 0.6252800820685156 0.02162835473453495 0.020818581944935466
