0.0 0.042162698412698416 0.5750661375661374 0.016369047619047616 0.016534391534391513
0.0 0.09139384920634921 0.41964285714285715 0.01860119047619048 0.03373015873015872
0.0 0.12202380952380953 0.5166997354497354 0.01736111111111112 0.021494708994708955
0.0 0.19419642857142858 0.4750330687830687 0.04464285714285715 0.09755291005291
0.0 0.23598710317460317 0.5132275132275133 0.014136904761904767 0.021164021164021163
0.0 0.24156746031746032 0.42708333333333337 0.013888888888888895 0.023478835978835988
0.0 0.29166666666666663 0.4060846560846561 0.020833333333333315 0.025793650793650813
0.0 0.32700892857142855 0.4614748677248678 0.05034722222222221 0.0856481481481482
0.0 0.5124007936507936 0.4801587301587301 0.021329365079365115 0.061507936507936456
0.0 0.4461805555555556 0.427744708994709 0.01438492063492064 0.020171957671957674
0.0 0.46366567460317465 0.47718253968253965 0.031994047619047616 0.03439153439153436
0.0 0.4920634920634921 0.48710317460317465 0.01438492063492064 0.011904761904761918
0.0 0.48325892857142855 0.41534391534391535 0.015625 0.037037037037037035
0.0 0.6121031746031746 0.4927248677248678 0.018849206349206393 0.02711640211640215
0.0 0.6372767857142857 0.476521164021164 0.026537698412698374 0.031746031746031744
0.0 0.7922867063492064 0.4041005291005291 0.019593253968253954 0.04629629629629628
0.0 0.8151041666666666 0.4505621693121693 0.035962301587301626 0.04133597883597884
0.0 0.7847222222222221 0.4712301587301587 0.014384920634920584 0.016534391534391513
0.0 0.7601686507936508 0.4652777777777778 0.026289682539682557 0.042328042328042326
1.0 0.8946056547619048 0.4092294973544974 0.04188988095238089 0.049725529100529076
