0.0 0.8235323064402089 0.8588753675090383 0.04928498085563904 0.0610240408342424
0.0 0.7334569419455582 0.7962142674872474 0.047750930834243865 0.048155726005919886
0.0 0.7444726069849706 0.6972633463947331 0.07976862467267432 0.0732019474432638
0.0 0.697170597233979 0.6780834615951852 0.016737776078294075 0.018177047799808776
0.0 0.6843595331760004 0.6411134471084121 0.0782764301580321 0.0774218625733828
0.0 0.6259968103923889 0.7048139878477451 0.05331704146873828 0.062447421452096585
0.0 0.5795954821115077 0.5496757101145819 0.04959485564691413 0.05809555425210944
0.0 0.6031465299568864 0.5358965001662992 0.020746993446144613 0.014495156905815487
0.0 0.6177648426277197 0.5149884685126496 0.012014882157734386 0.011879950433842379
0.0 0.6209372282545439 0.47895871973286547 0.04436529403268863 0.03910295680090081
0.0 0.531489132652712 0.4536383770457302 0.06787689770325661 0.07080041838758316
0.0 0.5515612552236671 0.40641695743875106 0.08133701089055334 0.07054247297919408
0.0 0.7053116913179269 0.6087111058505719 0.03912040848348308 0.047621107088678616
0.0 0.4723210784811578 0.31212947984353906 0.051932820864654006 0.05728511257903646
0.0 0.46980135898156483 0.3862125275966267 0.068729053379263 0.062747080286718
0.0 0.5108585562391277 0.35357735486882 0.018995718609052137 0.022683852395433135
0.0 0.3846501542511054 0.04382690502252373 0.03199229660401792 0.02452607454866107
