0.0 0.21363871432780934 0.24969104618745772 0.0256945682396027 0.02751179396087894
0.0 0.24356098443687263 0.2439845570411008 0.06031595611313442 0.06303180993833851
0.0 0.29244405136948404 0.21265598395265373 0.10017581140215095 0.1120177328605777
0.0 0.26154398842218973 0.2806682639352005 0.06503157168283247 0.06880580971932931
0.0 0.2689597851094042 0.33332978419782416 0.05485462668808469 0.05850904764405784
0.0 0.31103292813216243 0.30373089793312613 0.06785189068214542 0.07154625066495979
0.0 0.34884104706856717 0.26208720298545507 0.023951768870584478 0.025968689726066863
0.0 0.3134744265478846 0.34309571246576664 0.060274070865982965 0.06838169331475402
0.0 0.3523344431222182 0.3394152276366904 0.05188851333045741 0.054145068346987235
0.0 0.36899089450469974 0.3471676278034119 0.03897168345302493 0.039510860315381646
0.0 0.35647852384864426 0.3767853592730478 0.04880845164093983 0.05204351281508002
0.0 0.335419257395127 0.3935048969926985 0.0097244880448622 0.010243695393798324
0.0 0.4080845184837258 0.3210594366072094 0.05631590664890418 0.06564166941633298
0.0 0.40128518954828135 0.3085754155477214 0.02436400876215583 0.026820258912891914
0.0 0.39594684519811796 0.3900018129620421 0.027735659168302285 0.03216889114767951
0.0 0.3573457356242935 0.4285981839564192 0.03193345754642857 0.034669280885053166
0.0 0.406575363000794 0.4229939765504277 0.02588728249928357 0.02820374605607534
0.0 0.44309907655493513 0.398571143791844 0.047124309670555475 0.05385403569330394
0.0 0.46014244161412565 0.40643830191499064 0.07038398743020718 0.08000929289894526
0.0 0.3970186004474432 0.4697882418230207 0.056126528766897665 0.055846955579009094
0.0 0.43114336813939685 0.4459037186868783 0.0590306483482167 0.06596006950517119
0.0 0.4517737463515333 0.47967520978236755 0.032360771312941905 0.030703301699030572
0.0 0.4597233376812271 0.4552137123696609 0.018564170719110706 0.019982006171974653
0.0 0.47428160842817085 0.49931802177726664 0.01777320515122993 0.01761344904386497
0.0 0.5032620966077602 0.5475437078915821 0.06990471910811219 0.08048856122104009
0.0 0.6358362184057007 0.5656698885286338 0.060713122129763764 0.06870092749801116
0.0 0.5505369489737248 0.6540529926352028 0.04300191075484239 0.04533834382505475
0.0 0.5770715964135296 0.6801498563673908 0.05343189559674233 0.05512930423749496
0.0 0.6213922893527425 0.6477284725744892 0.06160463034342989 0.0690732283627411
0.0 0.6777650851163666 0.6725724650154197 0.032791451544832984 0.03570700050424325
0.0 0.6857477336855441 0.7349841655815883 0.04209699685507151 0.04523221046210857
0.0 0.7061416108448784 0.6866652204611514 0.053596130295376465 0.06090497220732294
0.0 0.7226148813584012 0.7347745563718222 0.05760121441382182 0.06271340984950025
0.0 0.7825670489698362 0.7044897761139398 0.08590327886389948 0.09267294391348924
0.0 0.868645061533331 0.8287427140728523 0.032762405676457496 0.03605714641875224
