0.0 0.12760142961608725 0.7880076076503557 0.024705086239929563 0.024807951026486474
0.0 0.10858706628141693 0.6097570227006239 0.03466799705728968 0.04408012502723613
0.0 0.18226846893556314 0.6939826024000632 0.027949274986150074 0.030520894650069907
0.0 0.23656280446790143 0.6201687136684995 0.09052960412357097 0.12344633582174414
0.0 0.2955057868359246 0.6401897049349583 0.024374508854461685 0.028746262283125268
0.0 0.263107104214537 0.5509731285830037 0.02513236446173739 0.031098522082031455
0.0 0.3042933563495175 0.5077152743785234 0.03353912998337999 0.03662507358008377
0.0 0.36433140616495396 0.5478996323177023 0.09134198089844725 0.11330361282832219
0.0 0.559281024924255 0.484895602769552 0.049828641173235266 0.07482478430653555
0.0 0.4694599964377162 0.4613360584273577 0.024200431030936942 0.027800698560424608
0.0 0.5088875404809956 0.5034069145320833 0.049202683720744655 0.050694223125818116
0.0 0.5418646434123822 0.5008647717623321 0.020551819882492883 0.019008848084140884
0.0 0.5013278312278137 0.43248349177014367 0.0329623753452053 0.0462833652043097
0.0 0.6652348209476889 0.45354841191784556 0.032012863652822965 0.037156102980662575
0.0 0.6834352907793171 0.42612002464641513 0.042232506838895456 0.045472747615434406
0.0 0.8075802778244805 0.28477545897946455 0.04126890806007866 0.05788157108900038
0.0 0.8510643964865904 0.3214957099358975 0.056487605314053724 0.05983071087714953
0.0 0.829588987499416 0.35571859866716704 0.022595042125621467 0.0239322843508597
0.0 0.8022346670727798 0.3605604718629533 0.04663897359461544 0.056616857890624095
1.0 0.9128868663922836 0.2447836855842518 0.06649397269898993 0.07136873493391638
