0.0 0.9904606924086907 0.42589745462943374 0.01907861518261844 0.025060648634592564
0.0 0.9713626832239566 0.4981432886542473 0.018934693701053606 0.02350832322845342
0.0 0.881682014543818 0.5233035074160097 0.04205218517034981 0.046941237423777316
0.0 0.8488562570331559 0.5454503776336963 0.03708271069371605 0.02990684367658858
0.0 0.8123949912581034 0.6136847377866017 0.07187878068392106 0.06454520230377958
0.0 0.786304101266051 0.5453222411498732 0.028965554133183802 0.019345160989342247
0.0 0.7490922967574734 0.5715576478443911 0.021054501517740132 0.02373559468897446
0.0 0.6762043020851363 0.6150191039523198 0.05845486316453963 0.04031805641795316
0.0 0.6675683340641133 0.6527979902763714 0.043340892525514985 0.02638692100153206
0.0 0.6208357071804627 0.6485615947564909 0.04073298016035387 0.03789417562610575
0.0 0.6230631629285956 0.5860077156651973 0.04989040510009757 0.038614042644611324
0.0 0.6732440636675301 0.5507432291303458 0.029249643458835295 0.02199492076020071
0.0 0.7102347937715865 0.5207792194682496 0.017842760151578818 0.016581069247468383
0.0 0.7021605289778843 0.5387982821508412 0.018208455566359305 0.013477114675945479
0.0 0.34192347653874167 0.7269766223188543 0.04811512518275901 0.048115125182758955
0.0 0.3120289226663592 0.6681346696892164 0.02797848291053645 0.023168286338615784
0.0 0.2793777270848222 0.6602443839941317 0.040555285147830744 0.0232070352163134
0.0 0.22248069014166613 0.6245331002166393 0.03231571945360462 0.021275924042639005
0.0 0.17546585339744378 0.7126604682403026 0.04360381433573374 0.041868989342581875
0.0 0.2927983022636196 0.7020910398746554 0.05792957628006701 0.061478081947877405
0.0 0.06274101355887284 0.6845427947407579 0.04447362911955427 0.030437317811326414
0.0 0.4030409121005106 0.622060026935767 0.016291130986194835 0.021653317328663935
0.0 0.8768497795139222 0.6432252947570465 0.04354546448430274 0.06412679735760296
0.0 0.9060975435076777 0.5643733913828031 0.03316798743055871 0.029225203355213947
