0.0 0.1704195356070836 0.1886333144030931 0.06107687336688744 0.07045189784147265
0.0 0.1975368665363405 0.2012895544774451 0.06270567544709826 0.0684912317464384
0.0 0.21844481130658602 0.22271275593909157 0.026944834670332596 0.027702106437261897
0.0 0.21847349710807856 0.2502909142067793 0.03229839017109934 0.03507000483806072
0.0 0.20688975587257086 0.3033502845240279 0.07393960895720339 0.08181523533326845
0.0 0.32620450123491307 0.2325547856990368 0.03574472925860034 0.04003088745942035
0.0 0.30922355800170676 0.2688290373864146 0.07006993663981942 0.07440153114665521
0.0 0.3540211085483362 0.2877703196181862 0.06653153173423088 0.06510786081240372
0.0 0.3586189549680283 0.26291140598013274 0.019315969017269674 0.018074043319505573
0.0 0.41024703926245065 0.2802976811427331 0.06193726493270674 0.06726845817188931
0.0 0.3885876920187257 0.3552470055252137 0.07601476072181901 0.08339058773171082
0.0 0.45225626702092536 0.2899853023291074 0.014061384270946942 0.015363891710065358
0.0 0.44952996150999003 0.3188422126217942 0.01843256099692847 0.02017428606086602
0.0 0.4361150005444687 0.34473925636185354 0.021832867175385795 0.022968774825779692
0.0 0.47921704367610374 0.3457406161083295 0.03838813314992695 0.04214420111389655
0.0 0.4388388348766322 0.38130209504692175 0.03152307472035121 0.03352227218504478
0.0 0.48621542800858675 0.38039405029629425 0.03531449109236079 0.03725310681569993
0.0 0.5216886478704887 0.3736215119312646 0.04673477311743335 0.050612004564111523
0.0 0.4857965709196186 0.4359818269989201 0.027184121030700392 0.030228353533756303
0.0 0.42405030017611356 0.4477883328317063 0.020116602567991804 0.0208132925935669
0.0 0.49660470002106893 0.4996960806369445 0.022987784592425342 0.024911254880425726
0.0 0.5130252773533273 0.5270303204584053 0.04829691224619043 0.05424906833425519
0.0 0.6106954666340643 0.593643289481425 0.05495490735172914 0.06186122586612486
0.0 0.7410450107915674 0.5639356756279362 0.05453847905820286 0.05973336337933799
0.0 0.7408746042614457 0.6256594841366173 0.04428692432288295 0.04896686384250626
0.0 0.7990513978857579 0.6410785577476257 0.09285074267486737 0.10704201558712301
0.0 0.8045670498575843 0.6700466859816149 0.055141255866696715 0.06189612002770617
0.0 0.8946406389049186 0.7233592932703092 0.049803811884094995 0.05528645947666355
0.0 0.9223401166002595 0.7011694423084004 0.019546048795828552 0.020167011644710575
0.0 0.9251179972172197 0.7447119674491951 0.024131193782203852 0.0263121364709602
0.0 0.5313596369685688 0.6811097331565946 0.03285283242509718 0.03495804793716073
