0.0 0.5394536959835459 0.048858455039721055 0.026373004717985316 0.016683320096872734
0.0 0.5298056310095025 0.04341674261334827 0.04568067444282209 0.01728244489940778
0.0 0.506290978479526 0.05821709746970227 0.023369138213088003 0.009058219388060396
0.0 0.49123858428847555 0.07645360113090086 0.022492245834833058 0.017051115239900716
0.0 0.4908832805414288 0.09380088463548428 0.041278442120053604 0.022495361162204797
0.0 0.6172544814715478 0.456047109136931 0.05534183685730132 0.022844125358800982
0.0 0.6019096711932308 0.699888095541837 0.059808229101747434 0.025223508607930545
0.0 0.7578409974751268 0.6891535241239605 0.01315453758974583 0.018372060078037267
0.0 0.6141609461592697 0.8842003174890078 0.019663319046659744 0.025104449641592308
0.0 0.7246956446548358 0.8623059961147597 0.02653328933058763 0.021837519091125412
