0.0 0.3110374236990846 0.5091233844764629 0.07172876958497776 0.08504098837119456
0.0 0.34600988549758827 0.5130686602633199 0.07196516889614785 0.08230062764822454
0.0 0.36809242432592704 0.44754597467092017 0.027182002636465197 0.02801401631060374
0.0 0.4096428627248017 0.434328966491468 0.046613770686259715 0.04951657394936526
0.0 0.6247766344785837 0.5310819246264318 0.07387127433242491 0.08605565236036494
0.0 0.5711324873189335 0.4872686398099993 0.041379610553428536 0.04908960393377926
0.0 0.589211937366896 0.4939708725869754 0.03540433847158686 0.04080318275710815
0.0 0.5871904550324963 0.5346650421703869 0.052171886067509554 0.06028864168854997
0.0 0.6684945093045069 0.6927052285416797 0.050296615323993876 0.05617617862123969
0.0 0.679868426475812 0.6013912480788952 0.0494544977624074 0.05418773110861763
0.0 0.7321074697312491 0.5882911153480331 0.028225434049314657 0.030018885746902146
0.0 0.8000360501093167 0.6370709776064205 0.02607265107094714 0.02912336787612202
0.0 0.8021191685673339 0.7019338182080752 0.01579606379951648 0.01664656666641362
0.0 0.8439244040937415 0.7980492851586893 0.1320450164073914 0.15667262116189262
0.0 0.7188883858733954 0.755467814756799 0.050380617867985866 0.05990255213868256
0.0 0.7831056032789654 0.7736557715789935 0.018330918018568565 0.017813220621326842
