0.0 0.9390466793598722 0.6318230963778559 0.05238695309319208 0.06232316639313451
0.0 0.8836915754310777 0.5634027277047996 0.08124231659963266 0.09991249675041414
0.0 0.8465268220096913 0.5765623155618114 0.02338553000516508 0.020627435210163192
0.0 0.8600336109461542 0.5435143285555547 0.02580272466625988 0.029904506669083064
0.0 0.8117334443422966 0.49630105959610715 0.043597303232052464 0.05240199046225075
0.0 0.7674826871439551 0.5261779080367714 0.05025979912497924 0.059347367872613466
0.0 0.7551610062777685 0.4952177198594502 0.024240409968345755 0.025513376796808263
0.0 0.7491948648749809 0.5687310133758734 0.05478751999196052 0.05630800814817949
0.0 0.814183981153666 0.6972220861903213 0.038279071899805506 0.04464390604211754
0.0 0.8301572573996725 0.6518495236839633 0.08350375215111738 0.09616270005638206
0.0 0.7981315233607137 0.5854629499200813 0.043811196428705124 0.05378276991832709
0.0 0.5897180397182133 0.5265361159218191 0.016870479340685196 0.01906281110081487
0.0 0.6174088598599266 0.5431201654268052 0.01509704273983925 0.0158396067231088
0.0 0.6068893496073997 0.527129552111662 0.015949151409298756 0.018176843359108075
0.0 0.5203331650976226 0.46253069115904216 0.03416528095752425 0.03770129992547533
0.0 0.5419015217880914 0.4370779310132583 0.04835623788144294 0.06667281613542964
0.0 0.4173986134749289 0.4862511099401372 0.03183116202696151 0.03971648432549241
0.0 0.44159536087785395 0.4548931765597713 0.060971716462272396 0.07914685395754084
0.0 0.473291340708286 0.468829639539143 0.024383698256211117 0.027071072671853935
0.0 0.35267544350354413 0.4360875812738647 0.02219563890723475 0.03319265789756265
0.0 0.3559818700499818 0.3987159309460761 0.023602194495538797 0.024556919616885553
0.0 0.29550921712268596 0.49909593581892076 0.018288120103873373 0.020621892622721016
0.0 0.2712775378896124 0.45305987434841516 0.03125385193491831 0.029662643399340327
0.0 0.2429484220228966 0.41314192485620677 0.036297284689748965 0.04513733210962667
0.0 0.26818026889858737 0.3905790265336869 0.02928107142945513 0.038439360556448476
0.0 0.3162421851632153 0.35880798822631477 0.037919811944996495 0.03979390199801064
0.0 0.20112054664698986 0.37017621972906545 0.045301520570971476 0.05707646373424857
0.0 0.17491028069405162 0.42107000847249454 0.038274222135793595 0.04018367237848708
0.0 0.1553283908152137 0.4468634022318819 0.03594079602866104 0.042836033016165564
0.0 0.14137640485461697 0.4289164763907785 0.059471692791982333 0.06693269281435921
0.0 0.1609249090545583 0.3718564298397727 0.07754661252263328 0.08681098221866512
0.0 0.29305917520549923 0.45076086155145645 0.026161291797638486 0.03411733447552845
0.0 0.04868970697675565 0.4955867200689106 0.025304333364167098 0.0273198641758991
0.0 0.0825919175202565 0.4507944793102682 0.08562813482560902 0.09658979362625719
0.0 0.057237907350631556 0.4121375982868401 0.06217199991165667 0.07613927483506333
