0.0 0.051059446394050856 0.5453283871683421 0.037680036337732314 0.06654551317957513
0.0 0.006145089850457617 0.578181242844787 0.012290179700915234 0.021674309828536242
0.0 0.13935399516989766 0.4839771801030212 0.05173738645264067 0.07439603796320637
0.0 0.17631748214675347 0.4717622469300705 0.027482452877744867 0.0484959217703817
0.0 0.20085729132785918 0.5574047538119048 0.03761797074529041 0.04330132887995375
0.0 0.16702639552798432 0.5920143977718748 0.05203869655557411 0.07940855283566339
0.0 0.23082116309869172 0.5371260177473312 0.03081993318446946 0.04487876646495237
0.0 0.29020035549045997 0.5061762267980495 0.03681955194364145 0.06777889757193906
0.0 0.29416066941595054 0.5904018835405431 0.03546675976006303 0.046384789860863695
0.0 0.46264395550523074 0.5505971602057937 0.0480189650103201 0.08361473438005385
0.0 0.687556468588432 0.606050747906933 0.05112891110003348 0.07565708831279128
0.0 0.87980717302475 0.5895548302740476 0.04513549890010582 0.05508137563576665
0.0 0.9167338650457229 0.5464659230591908 0.018034689982964758 0.02820490980288881
0.0 0.6249464411545576 0.5738874228795395 0.016154107716953914 0.03828929203090592
1.0 0.8575827489225832 0.5296636708151099 0.04411682610764589 0.05246986694503897
