0.0 0.5148091768079907 0.02090370747560777 0.07187879272390302 0.03772501247828741
0.0 0.5374486271569568 0.45274247248000454 0.02651476580445089 0.023266711775328963
0.0 0.5259926144386569 0.4702687522960439 0.05540156094032955 0.021543058333724996
0.0 0.5058357895118293 0.48533928922999403 0.008524491814873136 0.010394583528610057
0.0 0.5227580401939522 0.5553791238691438 0.057345735757051486 0.04179444676913424
0.0 0.5351967615467812 0.5906172977620996 0.05973466281482909 0.028730510718664948
0.0 0.57700246477725 0.6046749452852868 0.05372010085451062 0.03157427792867895
0.0 0.5864060674025164 0.9932463555842016 0.02058141437986971 0.013507288831596798
0.0 0.6012370199778306 0.7448723203014807 0.0731580115420345 0.03929950893542988
0.0 0.6059369286193121 0.8080391012441341 0.056446956370588275 0.02800187714585356
0.0 0.5012593226876116 0.5162928690301587 0.0054379060044760785 0.0038630919297503175
0.0 0.6058927655635902 0.9355692610955815 0.009428175311005926 0.01287308109946872
0.0 0.5915779936144259 0.975986259901447 0.00627618399255081 0.004504518158484405
