0.0 0.33516031261070217 0.5617514349087956 0.02998826058941384 0.08936091096584464
0.0 0.36782000468031184 0.543811723821426 0.03567331700449716 0.08176958306064275
0.0 0.3469165296809585 0.4736526614700728 0.019155031751610152 0.02286582240013707
0.0 0.37478773422033257 0.4368515385326366 0.030118856342046585 0.04306539260468495
0.0 0.6199490802168144 0.3891927542376238 0.0337051318814372 0.08804759937875367
0.0 0.5467972136388481 0.3840468882658847 0.017243878870998874 0.05163053888068159
0.0 0.5665278314780289 0.3788059080431944 0.016969025093349077 0.041047933301568196
0.0 0.5896249829812833 0.41524026692362676 0.024707814995165167 0.0609086393219056
0.0 0.756443394334632 0.5023038530122216 0.027417529215844727 0.05364044979876831
0.0 0.7105302354266312 0.41637363698320556 0.028896393863845127 0.05000666955324262
0.0 0.7477183601247727 0.37314771079064313 0.018171358544804006 0.02617017394273985
0.0 0.8362584839501832 0.3738683053959265 0.014207310886907631 0.027813543264839702
0.0 0.8776622026528371 0.4287023282244612 0.010452697669734445 0.014245950332673118
0.0 0.9725064604115755 0.4863174016042492 0.05498099387560207 0.16482039707199897
0.0 0.8383532477121407 0.5258251651967585 0.020745444756164244 0.06321338217819455
0.0 0.9050052631613339 0.5023499564645393 0.014912775478272855 0.012603839074745105
