0.0 0.048966003475297726 0.40381545297981036 0.049669551762865694 0.04431114228957195
0.0 0.08082566304957642 0.4109076464636014 0.03689251683365663 0.04278676725427977
0.0 0.09884089550925235 0.4836109899802344 0.022407873897451247 0.02946311303728788
0.0 0.19000402520516887 0.39966103520336893 0.0326610010682003 0.05507701403147869
0.0 0.21433529587103037 0.4827856711679357 0.012361956069585955 0.02066749075319113
0.0 0.20887625108784888 0.4444918509295902 0.03067667382145517 0.05603981199504521
0.0 0.25947912512549887 0.4056871557838804 0.02925260400912305 0.03907635471016124
0.0 0.25646864950978027 0.45160978053777784 0.025111055005277882 0.04457994275824473
0.0 0.30846578829445065 0.503272348166097 0.03122989224300088 0.048108882083875815
0.0 0.444238666761121 0.4863536536120687 0.02494519950779006 0.03816260954191436
0.0 0.5658732414571757 0.5323369887863489 0.028077097385070693 0.04933212162913547
0.0 0.5628167921998681 0.4933013279845274 0.011718990944381003 0.0177918550141139
0.0 0.5425072987109288 0.5174131807087645 0.020700045832503067 0.03525705823495079
0.0 0.6467912732559935 0.5640005468531266 0.024350627240848466 0.03569259395932001
