0.0 0.9160582407045101 0.5337377718455799 0.021988987075984068 0.0787193906147039
0.0 0.8733994721663729 0.476319176902863 0.024310621955051848 0.035898881272951266
0.0 0.812948150322923 0.4160832914627205 0.027742156687348807 0.05830082570343864
0.0 0.739973408818946 0.47850015264964196 0.014747063261058013 0.048138417888189844
0.0 0.7154875131982199 0.46170915425816506 0.02948465020998947 0.07755446663979382
0.0 0.7208586018555645 0.5100987530496521 0.02050799344256249 0.018705375326444784
0.0 0.6480697189409939 0.471797434799767 0.025950949007786495 0.03230303189315348
0.0 0.5967762171978395 0.511981443212493 0.031203452952314747 0.050002184734684485
0.0 0.5819681656096773 0.4742855536513574 0.02949512596933357 0.031126066169630318
0.0 0.5427323722142963 0.5237212658130662 0.04847917329725737 0.1043603348969046
0.0 0.5212521742868327 0.4590290641385779 0.03237999606707631 0.047487652659300605
0.0 0.49060978670427324 0.48022531576152405 0.02615561509667169 0.056285089323209636
0.0 0.45937090683081816 0.491615024687731 0.024012932559314137 0.029506625865577396
0.0 0.43737584329569235 0.4507474077121115 0.022274844043664144 0.04133109269976498
0.0 0.3564909732776289 0.4873411992064841 0.04271890941389789 0.09035953105415023
0.0 0.324104343046318 0.4849739389729244 0.035621079178677406 0.0739910933646104
0.0 0.29340185350379294 0.522044208104694 0.03979480147135972 0.08597616082713583
0.0 0.2883645358044076 0.408643930314164 0.03394218057929271 0.04613131260256448
0.0 0.24019130408795747 0.4133940126539035 0.037247191763222415 0.04231169027993387
0.0 0.2254144077575063 0.4920925198956585 0.03633857651152955 0.08191906316193309
0.0 0.196237884984926 0.3949570485952189 0.04014187132216418 0.05567872270394014
0.0 0.17608700532690474 0.4384927984766583 0.009108917919075116 0.02928107302801064
0.0 0.07907463261662205 0.42269444480042023 0.04135698598357616 0.08461982077039987
0.0 0.04002477668762782 0.38029279220798673 0.026287543099247038 0.04843399424012107
