0.0 0.9844999999999999 0.44383333333333336 0.031000000000000028 0.04633333333333334
0.0 0.9516249999999999 0.4043333333333333 0.019750000000000045 0.04466666666666669
0.0 0.944625 0.3666666666666666 0.012749999999999928 0.014666666666666661
0.0 0.7975 0.4665 0.014000000000000012 0.015000000000000013
0.0 0.677125 0.33166666666666667 0.026250000000000107 0.03733333333333333
0.0 0.662625 0.3645 0.022250000000000103 0.025000000000000022
0.0 0.576125 0.33699999999999997 0.014250000000000096 0.033999999999999975
0.0 0.588125 0.3423333333333333 0.004750000000000032 0.01200000000000001
0.0 0.5402499999999999 0.3458333333333333 0.013499999999999956 0.018333333333333313
0.0 0.3781250000000001 0.3181666666666666 0.02024999999999999 0.04899999999999999
0.0 0.42349999999999993 0.2931666666666667 0.03500000000000003 0.061
0.0 0.23312500000000003 0.30233333333333334 0.016750000000000043 0.01266666666666666
0.0 0.16012499999999996 0.3241666666666667 0.01924999999999999 0.04366666666666669
0.0 0.16787499999999994 0.259 0.01375000000000004 0.031333333333333324
