0.0 0.6070885179080315 0.5433942963678549 0.03648735652399959 0.05922476107078667
0.0 0.5478838518391693 0.5639353346031932 0.03695139708677464 0.03267327915811091
0.0 0.3441572058644931 0.6368287754597539 0.03275585743669851 0.0696744306729451
0.0 0.24261537863024105 0.6332135545910784 0.021389127705888022 0.030262261187560924
0.0 0.20866750025866979 0.6974225224543684 0.019471692836537102 0.0318307001860102
0.0 0.19099451452294985 0.6760820137608966 0.023215446447488297 0.04230852831430254
0.0 0.17553889710556794 0.7085304600723195 0.02255553509327185 0.0389549871531496
0.0 0.09171802425824899 0.6623459851964694 0.026310159215583107 0.03415337541813335
0.0 0.2918982493508464 0.5574194779339023 0.019480666048083073 0.02684853581411517
0.0 0.2993501203703265 0.5744137324851757 0.021742208418006392 0.03758708963527946
