0.0 0.876531862745098 0.40604575163398693 0.026348039215686292 0.07598039215686275
0.0 0.970281862745098 0.4207516339869281 0.02450980392156865 0.02777777777777779
0.0 0.970281862745098 0.36233660130718953 0.01041666666666663 0.03431372549019607
0.0 0.923406862745098 0.3874591503267974 0.015318627450980338 0.06331699346405228
0.0 0.9042585784313726 0.4054330065359477 0.01930147058823528 0.02410130718954251
0.0 0.6564031862745098 0.45179738562091504 0.01930147058823528 0.02450980392156865
0.0 0.6360294117647058 0.4801879084967321 0.022058823529411797 0.07393790849673204
0.0 0.614889705882353 0.4622140522875817 0.016544117647058765 0.032271241830065356
0.0 0.6161151960784313 0.40461601307189543 0.020220588235294157 0.017565359477124176
0.0 0.5439644607843137 0.43852124183006536 0.01930147058823528 0.04779411764705882
0.0 0.5462622549019608 0.4799836601307189 0.015318627450980449 0.01633986928104575
0.0 0.48115808823529416 0.45649509803921573 0.021752450980392135 0.07148692810457519
0.0 0.36596200980392163 0.5153186274509803 0.027267156862745057 0.08619281045751631
0.0 0.28661151960784315 0.48141339869281047 0.02787990196078427 0.026552287581699363
0.0 0.2818627450980392 0.5077614379084967 0.01225490196078427 0.022875816993464027
0.0 0.23085171568627444 0.5349264705882353 0.034007352941176516 0.029820261437908502
0.0 0.3071384803921568 0.4430147058823529 0.01378676470588236 0.0216503267973856
0.0 0.18428308823529416 0.6094771241830066 0.025428921568627416 0.042483660130718914
0.0 0.2486213235294118 0.641952614379085 0.016850490196078427 0.0404411764705882
0.0 0.1732536764705882 0.5706699346405228 0.010723039215686292 0.031862745098039214
0.0 0.08302696078431376 0.5412581699346404 0.01409313725490191 0.03594771241830064
0.0 0.01210171568627455 0.5328839869281046 0.023590686274509776 0.09027777777777773
