0.0 0.8162486616152251 0.5249310226102339 0.053536916252648226 0.05494440019053737
0.0 0.7839731566142403 0.5481793543290766 0.03168969664232568 0.03095444383895063
0.0 0.7483068663516492 0.5507492378356573 0.021472366440903556 0.01731293629609676
0.0 0.7373518855455425 0.4997392979379334 0.05594829776532917 0.05758686115570766
0.0 0.6651277553551853 0.47047371235408114 0.05342961557339765 0.05540429453103324
0.0 0.6801237950682215 0.44105879415012494 0.013971455559273038 0.014118506119948027
0.0 0.608943844661667 0.44381597682951457 0.058716882070206866 0.06422077448404218
0.0 0.5852439532000893 0.4376536643741333 0.07078846930175686 0.07295221326597445
0.0 0.5354826861265176 0.4048670676228038 0.07801527400572822 0.08312002918344574
0.0 0.49552803473264373 0.4236734200157539 0.021105639252138098 0.020265350333995347
0.0 0.4908137753541798 0.37692072811418886 0.05946064699088832 0.06324194712253095
0.0 0.4730393665745603 0.40734147470914606 0.018222414433938017 0.016331764368116675
0.0 0.2677915778486756 0.2581055665980878 0.05232864786052008 0.05239166952938071
0.0 0.29590633379306125 0.26313507049462237 0.03976022711215654 0.04192397107637433
0.0 0.26340995774347187 0.29499447757679326 0.024864919881564695 0.02320534926823259
0.0 0.28530552327178005 0.3091992637776252 0.02875649140153619 0.02613058853233996
0.0 0.19275867779489975 0.2409116278929015 0.05271302542650794 0.05212482318380793
0.0 0.18718056951307047 0.2108211538067573 0.026659672092534448 0.024348877567641758
