0.0 0.9216269841269842 0.5454695767195767 0.03373015873015872 0.05654761904761907
0.0 0.9149305555555556 0.5858134920634921 0.014384920634920584 0.018187830687830697
0.0 0.9078621031746031 0.6125992063492064 0.04092261904761907 0.08366402116402116
0.0 0.9067460317460317 0.6784060846560847 0.03125 0.045965608465608376
0.0 0.7817460317460317 0.5975529100529101 0.012896825396825351 0.015211640211640232
0.0 0.7082093253968254 0.556712962962963 0.03844246031746035 0.07374338624338617
0.0 0.7034970238095238 0.6053240740740741 0.014136904761904878 0.028769841269841168
0.0 0.6727430555555556 0.5520833333333334 0.011656746031746046 0.022817460317460236
0.0 0.5625 0.46908068783068785 0.02083333333333337 0.05985449735449733
0.0 0.4997519841269841 0.5902777777777778 0.022817460317460236 0.033068783068783025
0.0 0.044146825396825295 0.5021494708994709 0.02876984126984128 0.02414021164021174
0.0 0.018353174603174705 0.4576719576719576 0.015376984126984072 0.02777777777777779
0.0 0.03410218253968256 0.4292328042328042 0.02356150793650791 0.04828042328042326
0.0 0.03385416666666663 0.4593253968253968 0.03497023809523814 0.046957671957671976
