0.0 0.9862736981839343 0.5434400832290712 0.027452603632131423 0.049640314270450236
0.0 0.9049191771184566 0.5682276977674096 0.02582045347843298 0.04114332334830606
0.0 0.8767368747798132 0.5553060750548278 0.03059042945394863 0.05051901743499754
0.0 0.8572223089012365 0.51679616409843 0.033679081159027624 0.04891337952676278
0.0 0.7749399561139283 0.5193299596076766 0.07666250905546301 0.0790539396131888
0.0 0.7240726578523008 0.4635626953974444 0.06371678223201305 0.10454824471762902
0.0 0.6903693823751762 0.5122704887961448 0.043029706151530345 0.08279831061149007
0.0 0.5153454397105561 0.4918927500670268 0.03471196179071201 0.071380563675842
0.0 0.4947396143741269 0.5403930516288432 0.025909858065072844 0.027592716605694845
0.0 0.4702205156729109 0.574975707198379 0.02942344194230434 0.04837774339983525
0.0 0.4259714934691046 0.52640396808005 0.011212861993269096 0.020158583709206646
0.0 0.4154588760599448 0.5275212790491821 0.008013770131052367 0.011379487212296202
0.0 0.40792420640108884 0.5449384192556197 0.011064030213960796 0.0237297550196941
0.0 0.39945736646332475 0.5684428230493015 0.016390941684539084 0.032776669580068085
0.0 0.4140986182733096 0.5069006420182002 0.017694139633192996 0.016985567616088992
0.0 0.32942917394119364 0.5027356536028451 0.04307230488780056 0.07362947312540885
0.0 0.27480006183438777 0.49190760004114464 0.02501476383217316 0.0466262103538439
0.0 0.2250563609552223 0.5358409465525924 0.03166380526485346 0.061423829983219824
0.0 0.1808128580296533 0.5829933478724348 0.031138950720812075 0.04061610144957761
0.0 0.15169312651947753 0.5699838548433984 0.03758394029561518 0.05379252518686839
0.0 0.07886763517973458 0.4918654561266905 0.05280368735441049 0.07964085250222297
0.0 0.03748296182149549 0.5641846534972035 0.017192424216699254 0.022506714344978862
0.0 0.400835504484883 0.6100589153528598 0.019373360346580104 0.025573365496239786
0.0 0.642679612809993 0.498922135843588 0.020187464221038787 0.029664614949804324
