0.0 0.21154206004425832 0.4352479392104797 0.03376771959271968 0.03632061817854659
0.0 0.2587243474482904 0.4306471974477033 0.02996716660557902 0.024941147514732365
0.0 0.3263906372509678 0.4372001835699122 0.043534236319798025 0.06315964419834241
0.0 0.4447915873562288 0.2967545828902091 0.021142186533890828 0.02856154804895028
0.0 0.6186217381707454 0.5044217232080803 0.03427581977168148 0.024622671994023515
0.0 0.6558391381338586 0.43705758111463666 0.04440009419452673 0.07591243611332765
0.0 0.68568106559618 0.42467468559522503 0.02261017089261641 0.03186442826623903
0.0 0.712254748260829 0.3780234327756219 0.027961013571252358 0.04056595033877275
0.0 0.7360861167773178 0.3974194761770814 0.02103898646666902 0.034042813638224756
0.0 0.7656522040862748 0.45023005837752905 0.02932197704763817 0.025412851088090715
0.0 0.9079343320827735 0.44603049523765625 0.041852210196392736 0.02294480504511215
0.0 0.9382699622782569 0.4294983435131265 0.02016395482975364 0.029019321799340525
0.0 0.9874896155548382 0.44170214110967637 0.02270801801276945 0.058049707810310824
