0.0 0.10983333333333334 0.39449999999999996 0.026333333333333334 0.020499999999999963
0.0 0.1288333333333333 0.41524999999999995 0.016999999999999987 0.015000000000000013
0.0 0.163 0.39125000000000004 0.04999999999999999 0.057499999999999996
0.0 0.18333333333333332 0.42525 0.057999999999999996 0.03600000000000003
0.0 0.2 0.38362500000000005 0.031333333333333324 0.04674999999999996
0.0 0.257 0.3872499999999999 0.05466666666666664 0.06500000000000006
0.0 0.3375 0.3571250000000001 0.04033333333333333 0.04674999999999996
0.0 0.37349999999999994 0.34049999999999997 0.04899999999999999 0.05300000000000005
0.0 0.37483333333333335 0.420375 0.051666666666666694 0.03375000000000006
0.0 0.44583333333333336 0.3429999999999999 0.05033333333333334 0.0595
0.0 0.43366666666666664 0.3783750000000001 0.010000000000000009 0.00824999999999998
0.0 0.6631666666666667 0.432 0.029000000000000026 0.04300000000000004
0.0 0.7011666666666667 0.454125 0.04566666666666663 0.07325000000000004
0.0 0.733 0.4373749999999999 0.04400000000000004 0.06225000000000003
0.0 0.7806666666666666 0.42900000000000005 0.055333333333333345 0.04600000000000004
0.0 0.9178333333333333 0.4110000000000001 0.07366666666666666 0.07599999999999996
0.0 0.961 0.37250000000000005 0.052000000000000046 0.04200000000000004
