0.0 0.9257835852507628 0.5682550421727751 0.053319826227689826 0.0839137359091946
0.0 0.9768112827659152 0.5040462854337078 0.018125408564597767 0.04374868303469087
0.0 0.7400401343126141 0.5292107398444285 0.04023390705035257 0.060396483682556845
0.0 0.6177317954860324 0.48773268660963975 0.03867055105271067 0.06037332451098615
0.0 0.6115995735795294 0.5468696325915469 0.02252943121557649 0.03821143526284643
0.0 0.5577946114072109 0.49563840327032416 0.021147464762821366 0.025768055241034926
0.0 0.5484735081113916 0.4146554054480467 0.03234677049744705 0.03360693153695987
0.0 0.43981795673370166 0.30555827553410175 0.04660418976262848 0.05878574647791862
0.0 0.4296049696212902 0.33895483261308607 0.029514239127209296 0.026013791795229446
0.0 0.39162279058878685 0.36269365531680287 0.028014259181955325 0.04054586063044352
0.0 0.39098996100245736 0.31744358185494614 0.03929612440592545 0.0553281731863936
0.0 0.3546624101254347 0.363058999659279 0.03509965524909908 0.05295193664219666
0.0 0.341296271347668 0.3471258728412888 0.018668422428468223 0.031760095450073134
0.0 0.23551392775571037 0.30451954117716773 0.032263056237311905 0.051935570243039186
