0.0 0.987894497501703 0.546225088016386 0.024106982880147232 0.07490562221118968
0.0 0.9572170271465718 0.5526148499998442 0.03370685201262158 0.06505593153517131
0.0 0.9262497001501226 0.5477588074740509 0.018516999088459607 0.022620281748479187
0.0 0.9089329869702747 0.5246488502443265 0.017847879401896694 0.03286589393756845
0.0 0.8853770509235829 0.47288803974196203 0.0372877190529286 0.0799618587171323
0.0 0.8297075405086116 0.6070747832156829 0.016909002960103336 0.04013358281581414
0.0 0.8212028443504021 0.56600625059068 0.04264243423712366 0.06611321105243573
0.0 0.7717571804942186 0.5782114065680347 0.05340502517001089 0.045690853769174034
0.0 0.783488852735091 0.6019419452325943 0.01743797206753739 0.010708588505105254
0.0 0.729289934481006 0.6197342106981376 0.03418837217999504 0.06307548210653291
0.0 0.7004578159022173 0.5432979441161817 0.04001582082022792 0.07998179392881877
0.0 0.6879850809194046 0.6379513943482955 0.007546598676174354 0.014604244851407988
0.0 0.6721769625580027 0.6120415393525764 0.00981251139046313 0.019250061508508054
0.0 0.6671886597008515 0.5819116920303578 0.013785492194216431 0.01994041618424569
0.0 0.6304139839502565 0.6080986991323138 0.02013553961984338 0.040487821613540476
0.0 0.6419779372833461 0.55295685892085 0.01906617815610223 0.029898844378554057
0.0 0.6028157605819717 0.5834254762763365 0.02206162028933678 0.032566023898986995
0.0 0.5773134238314568 0.6113483376734797 0.02613608944349377 0.04714489666279431
0.0 0.5683111716266527 0.5365451099586795 0.013361965369930728 0.029857161663209508
0.0 0.6126904393965096 0.4879262994732797 0.013518151828281089 0.01729317187549917
0.0 0.5192956250650369 0.4898894035627871 0.012817619080878973 0.02323995703732873
0.0 0.4883850832170281 0.47726240448771684 0.022471527623696363 0.054723329331450354
0.0 0.364706559911441 0.48264187797976776 0.025257622734083607 0.06267956059346219
0.0 0.2740190878900151 0.5892902583205428 0.02893668288965301 0.05708520193738742
0.0 0.23545859212317688 0.537419804153903 0.02242078344849452 0.04777907028741546
0.0 0.17700122977968827 0.5609681431926264 0.03679016300633392 0.11368568005510093
0.0 0.1542113983401742 0.5401330685542074 0.02575122484793363 0.06235250617530819
0.0 0.045243514106549865 0.5519032744584033 0.024701194498555124 0.0544089609570968
0.0 0.035927789990956915 0.587881137030005 0.013265309798117797 0.016630001579333697
0.0 0.006417021498638015 0.5531068001283146 0.01283404299727603 0.02489516433978467
0.0 0.3763950673673611 0.3595427843994353 0.01981987146800146 0.031226997262855993
