0.0 0.599468954248366 0.4791666666666667 0.051062091503268014 0.02757352941176472
0.0 0.49285130718954245 0.44623161764705876 0.0788398692810458 0.036458333333333315
0.0 0.5279820261437909 0.5459558823529411 0.08619281045751626 0.03125
0.0 0.5870098039215687 0.5799632352941178 0.05882352941176472 0.023284313725490224
0.0 0.616625816993464 0.7306985294117647 0.05024509803921562 0.03125
0.0 0.6376633986928104 0.7089460784313726 0.042483660130718914 0.026348039215686292
0.0 0.6160130718954249 0.6783088235294118 0.0326797385620915 0.026348039215686292
0.0 0.6025326797385622 0.6899509803921569 0.019607843137254832 0.020220588235294157
0.0 0.5698529411764706 0.8206188725490197 0.0702614379084967 0.016850490196078427
0.0 0.522671568627451 0.8331801470588234 0.0518790849673203 0.019914215686274495
0.0 0.5990604575163399 0.9174325980392157 0.06086601307189543 0.044424019607843146
0.0 0.5531045751633987 0.9064031862745098 0.049836601307189476 0.025428921568627416
0.0 0.5863970588235294 0.9911151960784315 0.029820261437908613 0.01715686274509809
0.0 0.6088643790849673 0.9693627450980392 0.030637254901960786 0.017769607843137303
