0.0 0.06716666666666667 0.577125 0.024999999999999994 0.016750000000000043
0.0 0.07133333333333333 0.6216249999999999 0.08333333333333331 0.06074999999999997
0.0 0.053000000000000005 0.61975 0.014666666666666668 0.014499999999999957
0.0 0.12716666666666668 0.5874999999999999 0.05766666666666666 0.033499999999999974
0.0 0.078 0.7442500000000001 0.046000000000000006 0.049000000000000044
0.0 0.10366666666666667 0.73 0.025999999999999995 0.03700000000000003
0.0 0.19683333333333333 0.6091249999999999 0.019666666666666666 0.014249999999999985
0.0 0.23866666666666667 0.63575 0.028666666666666674 0.050000000000000044
0.0 0.2585 0.662875 0.019000000000000017 0.04525000000000001
0.0 0.3383333333333334 0.6635 0.03266666666666668 0.04349999999999998
0.0 0.31966666666666665 0.635875 0.026666666666666672 0.03474999999999995
0.0 0.36533333333333334 0.617 0.03733333333333333 0.04400000000000004
0.0 0.36 0.589 0.00933333333333336 0.007499999999999951
0.0 0.42533333333333334 0.57925 0.026000000000000023 0.019499999999999962
0.0 0.4543333333333333 0.5816250000000001 0.033333333333333326 0.048250000000000015
0.0 0.49466666666666664 0.592125 0.02733333333333332 0.03125
0.0 0.4815 0.623375 0.04366666666666663 0.04774999999999996
0.0 0.426 0.698 0.01733333333333331 0.02300000000000002
0.0 0.5551666666666667 0.616875 0.03433333333333333 0.031749999999999945
0.0 0.7614999999999998 0.5775000000000001 0.023666666666666614 0.02300000000000002
0.0 0.7916666666666665 0.6145 0.02533333333333332 0.03049999999999997
0.0 0.8276666666666667 0.6051250000000001 0.026000000000000023 0.021750000000000047
0.0 0.9203333333333332 0.569375 0.031333333333333324 0.043749999999999956
0.0 0.9511666666666667 0.5975 0.03700000000000003 0.04600000000000004
0.0 0.9724999999999999 0.561375 0.02966666666666662 0.03674999999999995
0.0 0.9488333333333333 0.5698750000000001 0.014333333333333309 0.011750000000000038
0.0 0.5739999999999998 0.6461250000000001 0.02733333333333332 0.021750000000000047
0.0 0.5776666666666666 0.613375 0.021333333333333315 0.006750000000000034
0.0 0.1505 0.670625 0.009000000000000008 0.003750000000000031
