0.0 0.4818957889231572 0.9525014091217778 0.02690835893614968 0.017782492579455078
0.0 0.49179007756948484 0.9574814135452554 0.04604958325049491 0.01930377492818236
0.0 0.5145795367585055 0.9415870769012968 0.02356829225685797 0.01009008963773994
0.0 0.5287539049640474 0.9226600612189075 0.023084525882250295 0.017960000928106457
0.0 0.5282895750956009 0.9053153535674558 0.041942479331817384 0.024252338394224915
0.0 0.38495205073056393 0.5494412723266673 0.05588042517449998 0.025273673393585994
0.0 0.3887641846382655 0.3051476836091881 0.0604160399821293 0.02784371698592719
0.0 0.2335137868500575 0.3232342401128391 0.013904749401874972 0.018818677440095133
0.0 0.36782230988302794 0.12161968362244877 0.020671370580726767 0.02579589553487066
0.0 0.25844491511299356 0.14870965212122386 0.027314810780253218 0.0228922755458551
