0.0 0.04537157660409477 0.5464032488819213 0.04686131560753787 0.08733651584262925
0.0 0.0035838416983527965 0.469619988329317 0.007167683396705593 0.04720225930408262
0.0 0.25073767884509 0.5331621220571723 0.0358648119220209 0.06253954342706958
0.0 0.38840027829494406 0.5075205924569715 0.03407027536309831 0.0627826599692271
0.0 0.3858561802535815 0.5719330601550284 0.01932510505309243 0.04007211844590808
0.0 0.4515054152686703 0.5252537959156021 0.019882373453404267 0.025995332756644562
0.0 0.4740051391520531 0.4397805347069569 0.03141378784608134 0.03308095856514687
0.0 0.6074495604212273 0.3394629738458137 0.04347131589087572 0.05958729950850944
0.0 0.6132568933492897 0.3768803499386263 0.029465365180977532 0.024834335405795438
0.0 0.6503565916383878 0.4082179526788216 0.025232210636095043 0.04181129723124688
0.0 0.6580181528758791 0.35975287770008035 0.0356605030290732 0.05687061939940713
0.0 0.6899663795204225 0.41431328893909575 0.031242779538512733 0.05486103139194132
0.0 0.7067696151241074 0.39927622429577175 0.015996471015423785 0.033316522374604696
0.0 0.8268704913315972 0.36987374068819656 0.028154844633750842 0.054181231970274135
