0.0 0.9886555391800356 0.4684715508595425 0.02268892163992886 0.03153134832597343
0.0 0.986870988762382 0.4347214841869522 0.015329112678767354 0.021870193107424163
0.0 0.9389634749765019 0.46559585281979277 0.041854340400291346 0.06154868038657285
0.0 0.9394597381194458 0.5081614972970271 0.020133502031894568 0.019920205930960222
0.0 0.9714534486511072 0.5828380509407589 0.014231163990207518 0.022691909327274495
0.0 0.9580510701430909 0.5492301112079406 0.0162102922884666 0.01749006889407334
0.0 0.86667377872318 0.5264764030846233 0.02363001388217756 0.03962722145226194
0.0 0.7989646510969964 0.5900855180209927 0.01983965806057708 0.04010278764935038
0.0 0.7914019561062952 0.5051354311800161 0.06899482850530725 0.12473620954951192
0.0 0.7358790361283778 0.4941935564784769 0.03789615426462423 0.06071883706461112
0.0 0.754421676000206 0.4923072371646188 0.03096603170140766 0.027411096685833525
0.0 0.7027203157995865 0.5236693626477147 0.028867941393026064 0.0447940502627987
0.0 0.7246894442763692 0.5561759159444724 0.027979851057900018 0.03601400419309775
0.0 0.5242664199881408 0.5058074941292329 0.04153969379184208 0.053484275444171725
0.0 0.4385148289913158 0.5451965097178463 0.04353948380553102 0.09899647004848999
0.0 0.4129297334281723 0.587134350854168 0.03893106089413295 0.07625787855766297
