0.0 0.5707671957671958 0.894469246031746 0.021164021164021163 0.013640873015873023
0.0 0.5947420634920635 0.8752480158730158 0.04596560846560849 0.03472222222222221
0.0 0.6507936507936508 0.8582589285714286 0.09391534391534395 0.04489087301587302
0.0 0.5783730158730159 0.8374255952380952 0.051587301587301626 0.035962301587301626
0.0 0.542824074074074 0.7972470238095237 0.044642857142857095 0.02951388888888895
0.0 0.5930886243386243 0.7843501984126984 0.0532407407407407 0.0379464285714286
0.0 0.6498015873015872 0.7826140873015872 0.020502645502645467 0.01215277777777779
0.0 0.564484126984127 0.7566964285714286 0.05886243386243384 0.02529761904761907
0.0 0.5927579365079365 0.7292906746031745 0.03935185185185186 0.030009920634920695
0.0 0.597718253968254 0.7114335317460317 0.0267857142857143 0.024553571428571397
0.0 0.5667989417989416 0.7016369047619048 0.03968253968253965 0.026289682539682557
0.0 0.5401785714285714 0.7068452380952381 0.007605820105820116 0.005456349206349187
0.0 0.6433531746031746 0.6985367063492064 0.05919312169312174 0.020585317460317443
0.0 0.648478835978836 0.7119295634920635 0.02182539682539686 0.011656746031746046
0.0 0.5825066137566137 0.6626984126984127 0.02876984126984128 0.01041666666666674
0.0 0.5276124338624338 0.6670386904761905 0.027447089947089998 0.016121031746031633
0.0 0.5641534391534391 0.6329365079365079 0.022486772486772444 0.012896825396825462
0.0 0.6068121693121693 0.6209077380952381 0.046957671957671976 0.01909722222222221
0.0 0.6119378306878307 0.6026785714285714 0.06911375661375663 0.029265873015873023
0.0 0.5219907407407407 0.6096230158730158 0.03604497354497349 0.03720238095238093
0.0 0.562665343915344 0.5990823412698413 0.05522486772486768 0.026537698412698374
0.0 0.5502645502645502 0.5611359126984127 0.01719576719576721 0.024057539682539764
0.0 0.5742394179894179 0.5710565476190477 0.015542328042328024 0.009672619047619069
0.0 0.5499338624338624 0.5310019841269842 0.011243386243386277 0.011904761904761973
0.0 0.5319113756613757 0.47718253968253965 0.0710978835978835 0.027281746031746046
0.0 0.6048280423280423 0.3635912698412698 0.05886243386243384 0.025793650793650813
0.0 0.48115079365079366 0.371155753968254 0.03373015873015872 0.024057539682539653
0.0 0.478505291005291 0.3337053571428571 0.03902116402116407 0.03199404761904767
0.0 0.5324074074074074 0.32093253968253965 0.05820105820105814 0.027281746031746046
0.0 0.5502645502645502 0.2614087301587301 0.028439153439153486 0.016369047619047672
0.0 0.5076058201058201 0.21440972222222227 0.03505291005291 0.022073412698412676
0.0 0.5580357142857143 0.23040674603174605 0.052579365079365115 0.022321428571428603
0.0 0.5319113756613758 0.18625992063492053 0.04993386243386244 0.02876984126984128
0.0 0.5944113756613757 0.160094246031746 0.07242063492063489 0.04439484126984128
0.0 0.5557208994708995 0.01041666666666663 0.02876984126984128 0.020337301587301626
