0.0 0.069 0.61775 0.020666666666666667 0.01649999999999996
0.0 0.10749999999999998 0.62775 0.02766666666666666 0.025000000000000022
0.0 0.21850000000000003 0.6532499999999999 0.033 0.04949999999999999
0.0 0.236 0.565125 0.05133333333333334 0.04974999999999996
0.0 0.23783333333333334 0.5293749999999999 0.025000000000000022 0.01824999999999999
0.0 0.259 0.5482499999999999 0.040666666666666657 0.03749999999999998
0.0 0.32266666666666666 0.527125 0.03733333333333333 0.04525000000000001
0.0 0.3605 0.522375 0.04633333333333334 0.04824999999999996
0.0 0.3501666666666666 0.560875 0.03699999999999998 0.03425
0.0 0.39350000000000007 0.5646249999999999 0.04766666666666669 0.03674999999999995
0.0 0.42999999999999994 0.566625 0.057999999999999996 0.07374999999999998
0.0 0.402 0.48025 0.04466666666666669 0.03649999999999998
0.0 0.4726666666666667 0.564625 0.00933333333333336 0.017249999999999988
0.0 0.5061666666666667 0.579 0.03699999999999998 0.06000000000000005
0.0 0.5121666666666667 0.532 0.02899999999999997 0.03600000000000003
0.0 0.6233333333333333 0.5365 0.026000000000000023 0.02849999999999997
0.0 0.6724999999999999 0.5631250000000001 0.07166666666666666 0.08225000000000005
0.0 0.7101666666666666 0.51175 0.04300000000000004 0.052000000000000046
0.0 0.7523333333333333 0.522 0.024666666666666615 0.02300000000000002
0.0 0.7681666666666667 0.564125 0.05900000000000005 0.07325000000000004
0.0 0.798 0.551625 0.03266666666666662 0.06274999999999997
0.0 0.8001666666666667 0.491 0.041000000000000036 0.020999999999999963
0.0 0.22216666666666668 0.48 0.01899999999999999 0.017000000000000015
0.0 0.5888333333333333 0.497625 0.04833333333333334 0.05325000000000002
0.0 0.5626666666666666 0.5333749999999999 0.05666666666666664 0.04874999999999996
0.0 0.629 0.7689999999999999 0.046666666666666634 0.015499999999999958
0.0 0.7023333333333334 0.75525 0.020000000000000018 0.02300000000000002
0.0 0.6676666666666666 0.7675 0.04133333333333333 0.020000000000000018
0.0 0.9788333333333332 0.4804999999999999 0.04166666666666663 0.04999999999999999
0.0 0.9585 0.5245 0.08233333333333337 0.04749999999999999
0.0 0.9006666666666666 0.5854999999999999 0.01200000000000001 0.011499999999999955
