0.0 0.028666666666666563 0.402 0.04733333333333334 0.040000000000000036
0.0 0.0503333333333334 0.37224999999999997 0.061999999999999944 0.034499999999999975
0.0 0.06766666666666665 0.33712500000000006 0.03866666666666663 0.03874999999999995
0.0 0.14066666666666672 0.3762499999999999 0.018000000000000016 0.017000000000000015
0.0 0.21466666666666667 0.4184999999999999 0.040000000000000036 0.03500000000000003
0.0 0.27566666666666667 0.425875 0.06399999999999995 0.02675000000000005
0.0 0.3466666666666667 0.4387499999999999 0.02400000000000002 0.015000000000000013
0.0 0.7611666666666667 0.378 0.033666666666666734 0.01649999999999996
0.0 0.8246666666666667 0.35125 0.03066666666666662 0.015499999999999958
0.0 0.7561666666666667 0.2956250000000001 0.023666666666666725 0.02024999999999999
0.0 0.9723333333333333 0.3552499999999999 0.055333333333333345 0.04500000000000004
0.0 0.9046666666666666 0.334375 0.018000000000000016 0.008750000000000036
