0.0 0.026094544327419644 0.3508485572932518 0.027277341015627177 0.0413034192152642
0.0 0.04515045567955711 0.38387923863750895 0.017511250920417387 0.025323243841734178
0.0 0.035483053812791265 0.3672436892163103 0.011997229146363808 0.014660408551358084
0.0 0.026306576215414157 0.3055956805459793 0.01422160415239171 0.020524462077545103
0.0 0.05495513755493728 0.30112343006747977 0.044219533764712826 0.07892963867647268
0.0 0.08361765955957798 0.36745309064231124 0.05998163636840165 0.07809125632236324
0.0 0.15633564133093633 0.3225520393567248 0.04072644126066177 0.07490391029142274
0.0 0.18541095370302266 0.2860256792962359 0.06438008861687822 0.08941397502382525
0.0 0.1496618215468639 0.39375906402507654 0.03496994939554682 0.052635706115342795
0.0 0.1843971922373297 0.3688431316854911 0.03141979508279058 0.055388409727739896
0.0 0.2137694344444795 0.35231761654838306 0.05558613356762243 0.11746066841032476
0.0 0.25114439557387 0.38823864144141396 0.058720377681493074 0.12583249868735108
0.0 0.18562619061432822 0.4385609093154822 0.020999834061051104 0.03413818579235661
0.0 0.3088375688912895 0.4246224638770561 0.0294791692045685 0.07111354056931374
0.0 0.3444329435008845 0.45373662691268124 0.06510073484493634 0.13141390202929598
0.0 0.3610415219334506 0.4977834562776169 0.02810014268656369 0.028632778567562578
0.0 0.39688717282821606 0.4402807784750433 0.0399607013984305 0.08079611894167738
0.0 0.4410114003870478 0.40438669617335465 0.05640442587514144 0.10957924132819552
0.0 0.46471430335786046 0.47709869385744696 0.015597681222699278 0.012313093289872845
0.0 0.48639697182465935 0.5013994480950671 0.030022731111116363 0.03206450198827865
0.0 0.6234433549173393 0.49041244055285865 0.07257723454830967 0.049318801078025554
0.0 0.6327176555934293 0.409443156239248 0.018834775545437 0.019101093485936527
0.0 0.687487227152995 0.5179109332277088 0.04746564681428522 0.07613921174139121
0.0 0.7256349543808659 0.45678340602757966 0.05120571877281521 0.08698109544657273
0.0 0.9565097179015507 0.5753696638972408 0.05713339606404544 0.08891400363031154
0.0 0.9886401312893991 0.5523675033441611 0.022719737421201813 0.09777458868688915
