0.0 0.9134497549019609 0.47589869281045744 0.042585784313725505 0.10049019607843135
0.0 0.8875612745098039 0.5365604575163399 0.026348039215686292 0.06658496732026142
0.0 0.7382046568627451 0.5441176470588236 0.03584558823529416 0.07924836601307195
0.0 0.6770833333333333 0.5565767973856209 0.03860294117647056 0.09517973856209161
0.0 0.662530637254902 0.47303921568627444 0.018688725490196068 0.02450980392156865
0.0 0.5422794117647058 0.5038807189542484 0.031862745098039214 0.11887254901960786
0.0 0.4840686274509803 0.4752859477124183 0.026960784313725505 0.05351307189542487
0.0 0.41222426470588236 0.545751633986928 0.025428921568627416 0.05718954248366015
0.0 0.3238357843137255 0.47160947712418294 0.05024509803921573 0.09599673202614378
0.0 0.2604166666666666 0.5004084967320261 0.058210784313725505 0.058006535947712434
0.0 0.07827818627450972 0.513888888888889 0.034007352941176516 0.059640522875817004
0.0 0.05070465686274506 0.5610702614379085 0.02787990196078427 0.035539215686274384
0.0 0.007965686274509831 0.516748366013072 0.015318627450980338 0.07924836601307184
0.0 0.020373774509803988 0.5778186274509804 0.01746323529411764 0.044526143790849626
