0.0 0.80204876825426 0.9034010175994175 0.058071942056982406 0.05042902209228117
0.0 0.8247340106575285 0.8542799999492784 0.0513991210097795 0.038979376067139526
0.0 0.8573792119385593 0.8305885897501837 0.019710881422959403 0.01875551642737172
0.0 0.6959205690970207 0.7358644316930301 0.020593156429009607 0.020094705126963985
0.0 0.7696677677218751 0.5604353824273308 0.047366903791951964 0.04184240186094512
0.0 0.7318935943442242 0.561499807276493 0.03383194741134343 0.032461206330717474
0.0 0.7189159421504441 0.4668228004630227 0.03877029833314538 0.028925885117742134
0.0 0.7192727965621367 0.4806438956130064 0.01355725978133937 0.00994348784150767
0.0 0.6942918591807912 0.4367102061271144 0.023536146845435257 0.02112696555221405
0.0 0.6472682927315127 0.27005806705613244 0.05574514113503137 0.04141466620121648
0.0 0.6915594279712605 0.3018906874055386 0.0738252929502754 0.0608655590970863
0.0 0.5967397495759674 0.12503944804753264 0.01961855722564898 0.02165390004233586
0.0 0.5429648033597723 0.0655103720913812 0.05022223590264796 0.038051716611031045
0.0 0.6084266342903082 0.04340443125423267 0.03600884571695351 0.027244410322649376
