0.0 0.038449754901960786 0.5843545751633987 0.02787990196078432 0.05596405228758172
0.0 0.1410845588235294 0.5669934640522876 0.03523284313725489 0.07189542483660127
0.0 0.22319240196078433 0.5012254901960784 0.03829656862745098 0.09395424836601313
0.0 0.28645833333333337 0.5388071895424836 0.041666666666666685 0.1004901960784314
0.0 0.3772977941176471 0.4842728758169934 0.04136029411764708 0.051879084967320244
0.0 0.4018075980392156 0.4424019607843137 0.038296568627450955 0.05555555555555558
0.0 0.467218137254902 0.45281862745098045 0.009191176470588258 0.011846405228758183
0.0 0.5471813725490197 0.4297385620915033 0.02757352941176472 0.0326797385620915
0.0 0.6263786764705882 0.46895424836601307 0.046875 0.11601307189542487
0.0 0.6712622549019608 0.44342320261437906 0.04350490196078427 0.0894607843137255
0.0 0.7303921568627451 0.3594771241830065 0.013480392156862697 0.022875816993464027
0.0 0.7279411764705882 0.39583333333333326 0.021446078431372584 0.04983660130718953
0.0 0.7449448529411765 0.4244281045751634 0.020526960784313708 0.037581699346405206
0.0 0.8097426470588236 0.3790849673202614 0.05698529411764708 0.09722222222222221
0.0 0.8527879901960784 0.37030228758169936 0.034007352941176516 0.09844771241830064
0.0 0.8777573529411765 0.29595588235294124 0.03125 0.046977124183006536
