0.0 0.9776666666666667 0.40837500000000004 0.016666666666666607 0.013249999999999984
0.0 0.9059999999999999 0.42662500000000003 0.04133333333333333 0.022750000000000048
0.0 0.8396666666666667 0.40249999999999997 0.026000000000000023 0.014000000000000012
0.0 0.8238333333333333 0.4366250000000001 0.033666666666666734 0.024249999999999994
0.0 0.7885 0.40512499999999996 0.039000000000000035 0.037250000000000005
0.0 0.7788333333333333 0.42950000000000005 0.037666666666666626 0.033499999999999974
0.0 0.7586666666666667 0.43587499999999996 0.02200000000000002 0.01375000000000004
0.0 0.7583333333333333 0.47350000000000003 0.02199999999999991 0.020000000000000018
0.0 0.5936666666666667 0.4721250000000001 0.010666666666666602 0.014249999999999985
0.0 0.6038333333333334 0.429625 0.01966666666666661 0.019750000000000045
0.0 0.628 0.418125 0.010666666666666602 0.00824999999999998
0.0 0.5266666666666666 0.42125 0.024666666666666615 0.0665
0.0 0.44450000000000006 0.43362500000000004 0.04566666666666663 0.053749999999999964
0.0 0.383 0.3698749999999999 0.03200000000000003 0.019750000000000045
0.0 0.26616666666666666 0.4285 0.01966666666666672 0.030000000000000027
0.0 0.1951666666666667 0.43300000000000005 0.011666666666666714 0.014000000000000012
0.0 0.01716666666666672 0.4379999999999999 0.03366666666666662 0.05300000000000005
0.0 0.22049999999999997 0.381625 0.015000000000000013 0.00924999999999998
