0.0 0.44986429319345933 0.462910581470501 0.057275833606093285 0.03952139383589892
0.0 0.5479566879033941 0.5209549541761773 0.08698127407800049 0.054946089275258125
0.0 0.5367458709084382 0.41354211972777627 0.09304861907850848 0.05151866865953181
0.0 0.4861848019305879 0.3657370717230517 0.06396731501805336 0.03710407571358526
0.0 0.4925696280551525 0.20895895955668975 0.057337532435320526 0.04297959418638053
0.0 0.4665034158072037 0.22557092578830876 0.04846276493647517 0.03626623674651547
0.0 0.4807336090640517 0.26114936266690103 0.038723377670151216 0.03393739825383779
0.0 0.4968907622653017 0.252785993215573 0.024282003923795592 0.02474516322214848
0.0 0.5603944370216007 0.13074101728219034 0.07380163323461186 0.03342958106151728
0.0 0.6102490625595282 0.12946996259322385 0.05626804413921582 0.03210656740847306
0.0 0.554376459239202 0.028460736057045397 0.07101791203170704 0.05692147211409079
0.0 0.5974098937458333 0.049499811126846247 0.05554897677752968 0.037099798059805705
