0.0 0.17847741868405523 0.740963966088344 0.0610639909613403 0.0670366025302479
0.0 0.20716582872830816 0.7692933942046765 0.022612004821494835 0.023607440082979436
0.0 0.22830639806656933 0.7865849142196502 0.08279784230230822 0.09398566904551542
0.0 0.2672732861418236 0.8384686215538689 0.05285699528573687 0.05670889694974224
0.0 0.32027106212639106 0.7016033821482676 0.019639441527843693 0.02024535864352983
0.0 0.35534068387080675 0.6264549418561907 0.07497351998194213 0.08421375599615788
0.0 0.3872287077815223 0.6625315695132583 0.028526356306113554 0.03235661807313006
0.0 0.3809724503319927 0.6022385426755698 0.02299807411717225 0.025919460210659606
0.0 0.4209470025491225 0.47219591584519793 0.05213940338014511 0.062353434758856574
0.0 0.5411596671118086 0.53263375237088 0.03830851008647196 0.040991857313082636
0.0 0.8538492233949279 0.19867239157793842 0.03814455257109706 0.036932718339724335
0.0 0.8487038802172806 0.14824454514805502 0.02899445726915939 0.03224044181747887
0.0 0.8196774890421519 0.1346557770255681 0.047735263854474685 0.05420559305412448
0.0 0.8372871020897064 0.1585332878064373 0.05655733830629961 0.05969512336967492
