0.0 0.2518111069466822 0.33168508992369033 0.0821645062815215 0.1168662750993763
0.0 0.05115491100365806 0.4206823862477832 0.031027783376043706 0.02854431423768289
0.0 0.12671213749475424 0.4730480447194662 0.0535924883427773 0.03002454230723195
0.0 0.39486518078929694 0.43406939779630505 0.07486304511596698 0.07429416365993663
0.0 0.1586098513053733 0.44319717697376837 0.027648947565058507 0.014808480414657932
0.0 0.1691575356695033 0.4045400325364472 0.01830333273189283 0.03601992664826842
0.0 0.48489976340520446 0.3566707478430854 0.036981656826869935 0.061931172112775046
0.0 0.45346663043497476 0.44134141217657474 0.04893170355781684 0.06453530920893646
0.0 0.6246445853519831 0.3981388248672975 0.029368852145523427 0.03570781694129088
0.0 0.6602678755125536 0.3904280970966516 0.045386345391989824 0.04221686299410621
0.0 0.6269109073922188 0.35033930133112123 0.02486541816907628 0.014625551960528949
0.0 0.6971561062123781 0.43643725132888633 0.04978723528888229 0.024837720002977515
0.0 0.7901404101511148 0.403876827424479 0.04442102068480702 0.032799585225900096
0.0 0.8919564049670086 0.43658201601046276 0.04965728784484813 0.03340353195826523
0.0 0.88685886521109 0.3935868871754982 0.03870686490623387 0.040738584392056576
0.0 0.9420827883393899 0.4078882995596668 0.06173197852093015 0.06953378134649002
0.0 0.9785413281141936 0.39632215422764105 0.042917343771612826 0.04076545799269682
0.0 0.995872250688017 0.3143338501161993 0.008255498623966018 0.06542307787894103
0.0 0.9525670766504546 0.3523482221837427 0.022344082234718954 0.013160710158799493
0.0 0.9392595355739348 0.32782756109276345 0.014169939795524056 0.010025232044445442
0.0 0.8820403104325385 0.34952614284077166 0.02274347203694027 0.013966443858185573
