0.0 0.9005987513240608 0.5140151170154609 0.056536997259906574 0.05060395851309307
0.0 0.8996384780506048 0.4506517810854599 0.06320175610551948 0.09684940050525581
0.0 0.6921522192149359 0.5270072459726924 0.04602215535973664 0.060326467954793794
0.0 0.6585544786366062 0.5504222085474663 0.0471417143900128 0.08200847634046426
0.0 0.6289044806022961 0.6001645604622354 0.04511148026341172 0.05657118524013349
0.0 0.6269696224421648 0.5547362209922624 0.018016640637134818 0.025737718458330172
0.0 0.6077834043704957 0.4945847528882802 0.01910013366088925 0.027471407509132906
0.0 0.5176427933016752 0.572483624959476 0.03074655627230294 0.06512567120246815
0.0 0.5017041191191277 0.5488086195718804 0.03302023907468249 0.03952219934516288
0.0 0.4791171356183598 0.6012252281624986 0.02869227782014827 0.04543482551663558
0.0 0.4545479748719119 0.5704426256227146 0.03493025253713328 0.03655574260475336
0.0 0.5289839054947076 0.5101999667399131 0.02071259991958818 0.017055247267443008
0.0 0.47233753061262335 0.4493395239365173 0.016598031211176867 0.021962148434323314
0.0 0.3847486618178835 0.566919759624778 0.009670287976403846 0.013571464138692146
0.0 0.3691661222757435 0.5579868663168612 0.014104945022190563 0.03572396292153823
0.0 0.3588520580905581 0.5928516839525192 0.022185308837137263 0.022185308837137097
0.0 0.3475444839432712 0.5728211411227877 0.027296209527814252 0.06126895194107451
0.0 0.31726471203254347 0.5752967607329218 0.04712368090494312 0.10060230412964477
0.0 0.2749839496283571 0.5473970163489981 0.047380654453619386 0.04990016405843045
0.0 0.24082744987232507 0.6070470310749737 0.07446948323941249 0.06788624846555114
0.0 0.2280881813567998 0.5686972061215421 0.015382294878686364 0.023265921706643766
0.0 0.13575270965007336 0.5813462833467588 0.014633918257134892 0.023574113629045712
0.0 0.048390318081327405 0.5124521341540913 0.04071138603221672 0.07972314765509936
0.0 0.5498490749314895 0.6628603720468316 0.014485144655259297 0.019849261878405744
0.0 0.8201613556394346 0.582612796071781 0.009616188484812715 0.012216972593004805
