0.0 0.016741071428571428 0.44378306878306883 0.033482142857142856 0.05621693121693122
0.0 0.043402777777777776 0.4781746031746032 0.03968253968253968 0.08730158730158732
0.0 0.05369543650793651 0.4371693121693122 0.03199404761904762 0.06283068783068785
0.0 0.22358630952380953 0.4861111111111111 0.018601190476190466 0.02777777777777779
0.0 0.21465773809523808 0.4290674603174603 0.023561507936507936 0.0267857142857143
0.0 0.2533482142857143 0.3510251322751323 0.04191468253968256 0.053240740740740755
0.0 0.24913194444444448 0.429563492063492 0.039434523809523836 0.09854497354497355
0.0 0.30964781746031744 0.41881613756613756 0.028521825396825407 0.06183862433862436
0.0 0.2945188492063492 0.3501984126984127 0.027529761904761918 0.07076719576719576
0.0 0.45424107142857145 0.34970238095238093 0.012648809523809534 0.019510582010582034
0.0 0.4991319444444444 0.4052579365079365 0.035466269841269826 0.05720899470899471
0.0 0.5720486111111112 0.38789682539682535 0.019593253968253954 0.03902116402116401
0.0 0.5932539682539681 0.4231150793650793 0.031746031746031744 0.04199735449735448
0.0 0.630828373015873 0.3578042328042328 0.030505952380952328 0.027116402116402094
0.0 0.6675347222222222 0.40128968253968256 0.030505952380952328 0.01686507936507936
0.0 0.7255704365079365 0.4305555555555556 0.03149801587301582 0.031084656084656104
0.0 0.7377232142857143 0.3915343915343915 0.015625 0.019179894179894186
0.0 0.7588045634920635 0.35912698412698413 0.039434523809523836 0.05092592592592593
0.0 0.7548363095238095 0.30952380952380953 0.011656746031746046 0.015873015873015872
0.0 0.7589285714285714 0.4264219576719577 0.008432539682539653 0.014880952380952384
0.0 0.7688492063492063 0.4069113756613757 0.011408730158730118 0.02149470899470901
0.0 0.8737599206349206 0.4662698412698413 0.029265873015873023 0.10185185185185186
0.0 0.8487103174603174 0.46345899470899465 0.0064484126984126755 0.020833333333333315
0.0 0.9825148809523809 0.48313492063492064 0.03447420634920639 0.08333333333333337
0.0 0.7082093253968254 0.3640873015873016 0.011656746031746046 0.013888888888888895
1.0 0.8628447420634919 0.35939814814814813 0.043013392857142896 0.055056216931216984
