0.0 0.03346722486085968 0.4636600312041486 0.05355884421662638 0.06446202062000994
0.0 0.07900800024985344 0.5733133497903602 0.020187652423904745 0.021674449206184332
0.0 0.10674545787189468 0.5083039372223078 0.015845721757858755 0.02063651138964856
0.0 0.19303588980849404 0.49455963656205004 0.03568690803498403 0.04080809695172477
0.0 0.22602023229669796 0.4774730466916681 0.03254899429263408 0.02503241055999844
0.0 0.2673778221037615 0.41783320366318755 0.062473052103192206 0.0547912687280811
0.0 0.2842954566335819 0.4843590202077098 0.025801519020466734 0.01572434082946078
0.0 0.3218092039432967 0.4639369967878662 0.017845644953195905 0.0206540388752795
0.0 0.39443115395660505 0.43132218439570835 0.05194950418771305 0.03295154530302957
0.0 0.40656528652163293 0.397052208765835 0.03884702943993951 0.02108806787382239
0.0 0.4496547082058754 0.40605517911059585 0.03527909568849591 0.03230550212393685
0.0 0.44081230234081925 0.4641049157849517 0.043943238599252976 0.03213146416225404
0.0 0.39023661259385256 0.49153773693158237 0.02582342837750562 0.018224244823632163
0.0 0.3525255319180054 0.5154581653194633 0.015455436897001906 0.01413383975719773
0.0 0.36199872671462674 0.49954057468971114 0.016095786733667572 0.011139797459402356
0.0 0.7180409757434519 0.3631555998906498 0.04135773895984696 0.04135773895984696
0.0 0.7395329292767127 0.42122117969765915 0.024501100925800268 0.019462511830297236
0.0 0.7691053419067985 0.43210576270974776 0.03648968541930375 0.01831772474699761
0.0 0.8182616550215874 0.4715380702881894 0.02881454942769568 0.017250574454410195
0.0 0.8716054892336671 0.3945026035904927 0.03764301251624358 0.03582581644901295
0.0 0.76112616470907 0.39165928201375044 0.04946040571927779 0.05317739767497659
0.0 0.973606252372835 0.43289798651785083 0.03954653454061008 0.024843766360289787
0.0 0.6497394944975008 0.45431052383669357 0.013499332415742082 0.019116120259909497
0.0 0.21051131802610262 0.38333351537816984 0.035495998323179845 0.057054551666233744
0.0 0.17472706250507955 0.4536476115911667 0.028880277498812112 0.02475028643692434
