0.0 0.07213834720703366 0.8108495995043881 0.06663306780761402 0.06694430770070714
0.0 0.10218059740698951 0.7153224952467827 0.10518295929145965 0.10576778015819688
0.0 0.14701297164625746 0.7137426938604885 0.02566925513320878 0.025582861141531743
0.0 0.11892366068846139 0.6843966651199047 0.032370672478089 0.03249915585032659
0.0 0.1503482157264251 0.61426242323367 0.05575662000912063 0.05603241621332067
0.0 0.2096579824750236 0.6274214115622934 0.06367522201560172 0.06395987914202494
0.0 0.20978054423484827 0.5895065249043028 0.02894865038463368 0.028988524534638405
0.0 0.2467749598468954 0.6648337811845496 0.06466031852648124 0.06470794598343144
0.0 0.23160373210874483 0.8279689107087383 0.048181293724381125 0.048380664474405366
0.0 0.19576017224882758 0.786606101005465 0.1044105249139391 0.10480705118343137
0.0 0.2019560049981658 0.7029678056387448 0.056666824724331155 0.05697917223270221
0.0 0.39797923312125655 0.5536148255586212 0.020887421536121775 0.020956093683352384
0.0 0.3755882231169891 0.5827258695886723 0.018000889165124767 0.01802414908596095
0.0 0.38005029644199056 0.5614090338679518 0.019834589978880657 0.019904369741389094
0.0 0.4447150874512017 0.45690615059992323 0.041788134455578385 0.041898895983369655
0.0 0.41126193333218797 0.4389643060733459 0.06668751147064067 0.06726125618459894
0.0 0.5635750159709111 0.43905802660035853 0.04153432004252777 0.0417813182495021
0.0 0.5248752128885239 0.41596218950052233 0.08129781781332068 0.08186713206616719
0.0 0.4971396577331978 0.44394210207462514 0.029916877137524445 0.030001055898645657
0.0 0.6111528289120652 0.35894706179290636 0.03207698391503344 0.032421452266463924
0.0 0.5920566777803206 0.3207673698262904 0.028025154286088094 0.028055059898591694
0.0 0.6979608231104915 0.40178726049088553 0.02261836965785191 0.022691472266194
0.0 0.7043990960840758 0.34294354448826136 0.03549287137446111 0.035443028686955036
0.0 0.7177279330862432 0.2888661554688334 0.04727594551351133 0.04755284933298931
0.0 0.681602825924122 0.27551222660850394 0.039286030086015056 0.03957290244299405
0.0 0.6174682841114177 0.26193864913712356 0.04521859142802831 0.04527729503775757
0.0 0.7440738986470505 0.22592920202875233 0.05942402163663241 0.05979285752417696
0.0 0.7930579158974793 0.26886431509740094 0.04565132845846076 0.045711139683468016
0.0 0.8245504619962117 0.287995739160836 0.04575893765482708 0.04597492263401998
0.0 0.8318295434585218 0.2631755993881435 0.07348069036917848 0.07371439719281786
0.0 0.7873239582334431 0.2109331042977475 0.09555027892123724 0.09584047412405
0.0 0.6803828299599144 0.3495999756499759 0.034971951165024606 0.0352211646025547
0.0 0.9577657323230669 0.2950684626670494 0.030608285085348408 0.030671419156189317
0.0 0.903185783760699 0.2618021552295653 0.10592267626828256 0.10626603700443527
0.0 0.9138916158136015 0.21030125131773017 0.08031144317275407 0.08074895120752928
