0.0 0.8083867449305957 0.6399128889006273 0.0212288405662604 0.0270357769823375
0.0 0.811327140971065 0.6557406231138753 0.02250182693607561 0.024824601502506427
0.0 0.8517368156257753 0.694288327890182 0.026973661588524767 0.024730982696798298
0.0 0.858021057513495 0.7192092224883294 0.017435739145518547 0.02280214935072089
0.0 0.761157758685785 0.62339476013497 0.05980916459677266 0.06966093258542805
0.0 0.7178998605548572 0.6110633010264124 0.07078479463988463 0.09120919168953545
0.0 0.7213786676052849 0.550211552403838 0.06128031015006796 0.06360308471649878
0.0 0.6739025995150387 0.5823276862757275 0.04191112882724457 0.05128232276767242
0.0 0.6338828847919262 0.4779241119084394 0.029570676468564816 0.03954258796927668
0.0 0.6326205955818425 0.44521209371982623 0.02406814974270166 0.03107652127934668
0.0 0.5210513144459161 0.40663720032920214 0.021107805624226095 0.02559316340767881
0.0 0.5117836634664692 0.45748085558662493 0.014347004232855065 0.01703020933545618
0.0 0.4091381035574349 0.4498410152651448 0.02293091001922798 0.03242224747171285
0.0 0.42898350776541083 0.3921223579708117 0.012960338773158941 0.0166447398095666
0.0 0.3590330288754152 0.4275491636242675 0.018701369663180145 0.02174500530195167
0.0 0.27252592250100316 0.3591586220690682 0.027076194694009015 0.03588671891150552
0.0 0.26526148208815337 0.43405564263389235 0.03367561616266765 0.0425261882175163
0.0 0.23641645424096341 0.39719603846456064 0.020961137405820646 0.021361615779343146
0.0 0.15056924264320964 0.2908988515643401 0.034346993542221343 0.03935297321125342
0.0 0.2655390969651603 0.3264925218533313 0.018393321522062245 0.01558997290740427
0.0 0.7437331530859572 0.48306523460813194 0.016856197711717646 0.018378015531103298
