0.0 0.7994543425137176 0.2124450376346547 0.09366716536096109 0.09677724682332695
0.0 0.7237182548798662 0.2249863152209611 0.08194509226155922 0.08918046312478384
0.0 0.7618849537082653 0.28752442977037296 0.06765387457913796 0.07416409691486792
0.0 0.7755650334163052 0.25544464823896335 0.02743433632184389 0.030302701608378224
0.0 0.7085380567000342 0.3528308052916156 0.06050143777486894 0.06715668981609774
0.0 0.6873169406563189 0.363143203690285 0.02349792522805061 0.025238281694037856
0.0 0.6512802928128268 0.33402474841730606 0.0712490595453239 0.0762767560026203
0.0 0.6827832978265544 0.3913516079394329 0.04591147906831561 0.04607262318553651
0.0 0.6152252650425282 0.4069997211690519 0.1027980066503853 0.11256334015398001
0.0 0.5307146494854422 0.4489489568464359 0.036641043867473466 0.04052461709250044
0.0 0.4935731463649888 0.4134169461363159 0.02538310023073176 0.026865626109165208
0.0 0.4911392080176494 0.4828897900055733 0.045486800058882504 0.04924145799013241
0.0 0.44642783938416253 0.43304293748920575 0.07913857230927546 0.08518147670506437
0.0 0.4147385397051212 0.44821005728102303 0.07832411276826323 0.08895962450485179
0.0 0.42575556497208106 0.5448312112136282 0.02707945426811975 0.02835249279416585
0.0 0.38236442577052054 0.49439325360355824 0.07044977325555335 0.07894206823310185
0.0 0.32108326263286024 0.34755859149570656 0.015791164128895696 0.016919172949443062
0.0 0.2781485725299971 0.5441582292784555 0.02331972553862649 0.024318819065397013
0.0 0.26997725963057156 0.5879795979670749 0.049421693827551266 0.05441716146140352
0.0 0.12166959930610038 0.7927696221711623 0.0522494563315728 0.056858178084094435
0.0 0.16138816996014535 0.8678420416159316 0.019374210494088828 0.019922100492640427
0.0 0.06730905855367186 0.7307415414057157 0.04961203211796833 0.05444635563459943
1.0 0.27841519104988904 0.6889013894213526 0.05650837913477569 0.05855297569407614
