0.0 0.01566056425262302 0.516687087424788 0.03132112850524604 0.05043689075869151
0.0 0.039160037193056524 0.4727276620693044 0.026187935853506483 0.04711176938018219
0.0 0.04046671475813385 0.43443836367512245 0.014793945465636615 0.01640347112153484
0.0 0.2008302686558809 0.5112237180776962 0.016079669292601795 0.016919421808722523
0.0 0.299760122149984 0.35995226508535827 0.031522099217862976 0.04082935627153478
0.0 0.3189926834900726 0.3902571551540832 0.025728220540981728 0.028037539960313884
0.0 0.40042661785685507 0.3501695718701464 0.019159274000529802 0.035744386193914846
0.0 0.389355763739978 0.3572321941570362 0.0064858070591859995 0.012574012801061574
0.0 0.43721757105917536 0.3535561874731424 0.016082168201998204 0.02014097202991516
0.0 0.5934066339908892 0.3020301097070487 0.027328334456051984 0.05147121929452397
0.0 0.5448118097802247 0.2840736711700059 0.04370240256158753 0.0655359679807273
0.0 0.7344260873448143 0.2647580260491071 0.018451102707148115 0.015022113266321635
0.0 0.809865166332391 0.2754650240387686 0.025544449212674736 0.046048406481290216
0.0 0.7924871351699634 0.2121818431977099 0.01826733137884118 0.03303297978729797
