0.0 0.011408730158730158 0.46742724867724866 0.022817460317460316 0.05191798941798942
0.0 0.03670634920634921 0.4732142857142857 0.034722222222222224 0.04034391534391535
0.0 0.06225198412698413 0.4406415343915344 0.03472222222222222 0.03406084656084657
0.0 0.16282242063492064 0.4113756613756614 0.01810515873015872 0.03439153439153442
0.0 0.17708333333333331 0.48065476190476186 0.03819444444444445 0.02943121693121692
0.0 0.21465773809523808 0.5024801587301587 0.02405753968253968 0.026124338624338606
0.0 0.3093998015873016 0.46875 0.026041666666666685 0.03273809523809523
0.0 0.37351190476190477 0.5239748677248677 0.031746031746031744 0.08300264550264552
0.0 0.39918154761904756 0.4871031746031746 0.03596230158730157 0.08399470899470896
0.0 0.4343998015873015 0.48032407407407407 0.03447420634920634 0.07043650793650791
0.0 0.4724702380952381 0.5031415343915344 0.03373015873015872 0.06382275132275134
0.0 0.5014880952380952 0.5618386243386244 0.041666666666666685 0.08531746031746035
0.0 0.5551835317460316 0.4231150793650794 0.01810515873015872 0.04662698412698413
0.0 0.5737847222222222 0.46279761904761907 0.03893849206349209 0.06117724867724866
0.0 0.5956101190476191 0.44775132275132273 0.04538690476190477 0.060846560846560815
0.0 0.6207837301587302 0.4432870370370371 0.024801587301587324 0.07242063492063494
0.0 0.6009424603174603 0.3935185185185186 0.020337301587301626 0.026455026455026454
0.0 0.6496775793650794 0.39236111111111116 0.011656746031746046 0.019510582010582034
0.0 0.6743551587301587 0.4069113756613757 0.03125 0.07043650793650796
0.0 0.6834077380952381 0.48710317460317454 0.0513392857142857 0.09193121693121692
0.0 0.7212301587301587 0.4365079365079365 0.022321428571428603 0.0443121693121693
0.0 0.7601686507936508 0.466765873015873 0.012896825396825351 0.015542328042328024
0.0 0.8154761904761905 0.45552248677248675 0.041170634920634885 0.05125661375661378
0.0 0.8807043650793651 0.5413359788359788 0.012896825396825351 0.019841269841269882
0.0 0.9144345238095237 0.5583664021164021 0.03472222222222221 0.0803571428571429
1.0 0.7896626984126984 0.40250992063492064 0.039985119047619144 0.04238756613756611
