0.0 0.18958233361298293 0.749317275284351 0.06260105834919755 0.06648016424441572
0.0 0.22904014214232876 0.737274654857627 0.02773764204477075 0.02873539283993498
0.0 0.4805707629025949 0.6914757212801772 0.021800442107115958 0.022229381701298734
0.0 0.5389981180124284 0.6032131638233903 0.055577782304352175 0.0581887189645951
0.0 0.5335944764828047 0.4875531359619857 0.041983518891731464 0.040743323978116086
0.0 0.6192658612795483 0.4933267374476516 0.023038847618434777 0.023589009271843042
0.0 0.5876587693100869 0.4506801906190826 0.02066923434592205 0.021172772130397477
0.0 0.5964733337715253 0.4216427487774946 0.02405815809418954 0.02475751612818322
0.0 0.8144029677712407 0.4213587423924927 0.05618993575704012 0.059490905677490324
0.0 0.7588227954117637 0.3399519185178541 0.025113201153319387 0.02602702898440451
0.0 0.7962053185566556 0.33769308180005964 0.0517055368309538 0.05495055810868438
0.0 0.45346496401387026 0.6024631573348196 0.013341299492820369 0.013732939991856874
0.0 0.43753965574828757 0.5952639799124334 0.010345434161677103 0.011259261992762282
0.0 0.5103967362257892 0.514476389663781 0.026218075401766683 0.0261528019852606
0.0 0.6259895835450343 0.41235653399332206 0.011445608874810276 0.011799950278700455
