0.0 0.040747549019607844 0.4579248366013072 0.04534313725490195 0.039215686274509776
0.0 0.07322303921568629 0.46119281045751637 0.03247549019607844 0.03921568627450983
0.0 0.09972426470588236 0.53125 0.019301470588235295 0.027369281045751648
0.0 0.1803002450980392 0.43709150326797386 0.02665441176470587 0.052287581699346386
0.0 0.21430759803921567 0.5167483660130721 0.01011029411764705 0.019607843137254943
0.0 0.20435049019607843 0.4793709150326797 0.024509803921568624 0.05351307189542481
0.0 0.25 0.4348447712418301 0.025122549019607865 0.03635620915032678
0.0 0.25245098039215685 0.48080065359477125 0.02022058823529413 0.042483660130718914
0.0 0.3102022058823529 0.5259395424836601 0.026041666666666685 0.04534313725490191
0.0 0.4430147058823529 0.4930555555555556 0.020833333333333315 0.03594771241830069
0.0 0.5692401960784313 0.5243055555555556 0.02267156862745101 0.04697712418300659
0.0 0.5615808823529411 0.485906862745098 0.009803921568627416 0.01674836601307189
0.0 0.5442708333333334 0.5122549019607843 0.016850490196078427 0.03349673202614384
0.0 0.6533394607843137 0.5461601307189541 0.020526960784313708 0.03349673202614378
