0.0 0.040747549019607844 0.5420751633986929 0.04534313725490195 0.039215686274509776
0.0 0.07322303921568629 0.5388071895424836 0.03247549019607844 0.03921568627450989
0.0 0.09972426470588236 0.46874999999999994 0.019301470588235295 0.027369281045751648
0.0 0.1803002450980392 0.5629084967320261 0.02665441176470587 0.05228758169934633
0.0 0.21430759803921567 0.483251633986928 0.01011029411764705 0.019607843137254943
0.0 0.20435049019607843 0.5206290849673203 0.024509803921568624 0.05351307189542487
0.0 0.25 0.5651552287581699 0.025122549019607865 0.03635620915032667
0.0 0.25245098039215685 0.5191993464052287 0.02022058823529413 0.042483660130718914
0.0 0.3102022058823529 0.4740604575163399 0.026041666666666685 0.04534313725490191
0.0 0.4430147058823529 0.5069444444444444 0.020833333333333315 0.03594771241830064
0.0 0.5692401960784313 0.4756944444444444 0.02267156862745101 0.04697712418300659
0.0 0.5615808823529411 0.514093137254902 0.009803921568627416 0.016748366013071947
0.0 0.5442708333333334 0.4877450980392157 0.016850490196078427 0.03349673202614378
0.0 0.6533394607843137 0.45383986928104586 0.020526960784313708 0.03349673202614378
