0.0 0.9668333333333333 0.5322499999999999 0.052999999999999936 0.06399999999999995
0.0 0.9203333333333333 0.42300000000000004 0.020000000000000018 0.02150000000000002
0.0 0.8931666666666667 0.4882500000000001 0.015666666666666718 0.020500000000000018
0.0 0.8069999999999999 0.50275 0.03533333333333333 0.04049999999999998
0.0 0.7741666666666667 0.520125 0.032333333333333325 0.02475000000000005
0.0 0.7333333333333334 0.580125 0.061999999999999944 0.05425000000000002
0.0 0.7158333333333333 0.5137499999999999 0.025666666666666615 0.015499999999999958
0.0 0.6785 0.5345 0.01766666666666672 0.020499999999999963
0.0 0.6061666666666667 0.56775 0.05166666666666664 0.03249999999999997
0.0 0.5943333333333333 0.602125 0.03866666666666663 0.020750000000000046
0.0 0.5511666666666667 0.5935 0.03499999999999992 0.03200000000000003
0.0 0.5594999999999999 0.535375 0.04366666666666663 0.031749999999999945
0.0 0.6098333333333333 0.5075 0.025666666666666726 0.018000000000000016
0.0 0.6473333333333333 0.48325 0.015333333333333421 0.014000000000000012
0.0 0.638 0.49925 0.016000000000000014 0.01100000000000001
0.0 0.2831666666666666 0.6387500000000002 0.041000000000000036 0.041000000000000036
0.0 0.26116666666666666 0.580875 0.024333333333333318 0.01924999999999999
0.0 0.23150000000000004 0.57025 0.03633333333333333 0.018000000000000016
0.0 0.18200000000000005 0.53125 0.028666666666666618 0.017000000000000015
0.0 0.12933333333333336 0.6087499999999999 0.03733333333333333 0.035499999999999976
0.0 0.2398333333333333 0.610625 0.049000000000000044 0.052749999999999964
0.0 0.02699999999999997 0.57125 0.03933333333333333 0.024499999999999966
0.0 0.35066666666666674 0.5470000000000002 0.013333333333333308 0.019000000000000017
0.0 0.7905 0.614125 0.03500000000000003 0.05674999999999997
0.0 0.8256666666666667 0.5435 0.028666666666666618 0.024499999999999966
