0.0 0.12296984236117903 0.7429938750182582 0.0882565526216863 0.09826385181199293
0.0 0.17638043798897673 0.7731388985254937 0.05709890010938978 0.0640528258254055
0.0 0.29091365817043213 0.6942700550067735 0.07127034544258048 0.07877140744589683
0.0 0.3430801040377579 0.6689091886970311 0.0823136884497031 0.09209154339049663
0.0 0.3065903750526293 0.5990105600714252 0.027654778854319106 0.02866080364064616
0.0 0.41280217139985254 0.5537875148213822 0.09073400683449995 0.10577142995644251
0.0 0.4396076292938781 0.49976485065684484 0.05016026082169134 0.0547491458119555
0.0 0.5324877144070247 0.5111635270407162 0.05110810163150914 0.05659711406217133
0.0 0.5558184300031359 0.40645339037657874 0.0913702746559849 0.09927727648536311
0.0 0.6189199248163604 0.3918559925303337 0.07577076170809272 0.07573546259278308
0.0 0.7610029102521155 0.29882465012080833 0.05882681165838477 0.06325685062975506
0.0 0.8080355106206938 0.3180652296397848 0.04067617554701264 0.0419998923711275
0.0 0.8145268478941614 0.26118017833751306 0.05611662153953367 0.06716524463147744
0.0 0.8398965389827314 0.313280057322457 0.03806753121645645 0.042744663994994825
