0.0 0.10318625630895875 0.17104645181455175 0.023744974653906292 0.023821236485185138
0.0 0.174143477991058 0.12520453339337376 0.06527407357833293 0.06335735955219257
0.0 0.18194232951973374 0.17085263268575832 0.04836503106886919 0.04736345901807426
0.0 0.24037823041019757 0.1583582116094255 0.03984450237491921 0.04050543824600206
0.0 0.36265657015292074 0.36375886971723653 0.022959128336593082 0.02377258787023362
0.0 0.39233413100112813 0.3798404689255352 0.042905047995190404 0.043286357151584354
0.0 0.3836961408847147 0.35232185988674614 0.03412497063122166 0.033469118882224036
0.0 0.08419417922979419 0.188487091463121 0.028362659452831396 0.02838299594117244
0.0 0.5235419120833615 0.542581955185427 0.07005295658836852 0.07026140559386396
0.0 0.553820452566634 0.5839571659735137 0.06298665910658152 0.06409499772116667
0.0 0.5547838506278444 0.612848090582654 0.043772853028260617 0.04384911485953946
0.0 0.5901208528983158 0.6013089147699008 0.0366482653018545 0.0364296480521884
0.0 0.6206730168306027 0.6596017133941687 0.07224297795516554 0.07379363519116777
0.0 0.6322071946691608 0.682219592788657 0.025147311416211515 0.02551845232843486
0.0 0.6881156838480218 0.698675396721144 0.053676607520960484 0.05361559805593741
0.0 0.7175564835641233 0.7190068717989406 0.02933609167279627 0.028720912900480733
0.0 0.7688618414000317 0.7549469935092723 0.04985388405451374 0.05004708069375341
0.0 0.7266866282313265 0.7811691611434828 0.034891705984979815 0.034729014078251685
0.0 0.8559399040997608 0.8070670648868112 0.042823089279433235 0.04277224805858082
0.0 0.8245103032318969 0.8318158041974131 0.040825211322870425 0.04000158354505934
0.0 0.65139133873783 0.7518952280397662 0.033700623596464085 0.03258211673770839
1.0 0.32026590914872655 0.4997467496071305 0.052921706402771274 0.051986227939084806
