0.0 0.9713333333333334 0.402 0.04733333333333334 0.040000000000000036
0.0 0.9496666666666667 0.37224999999999997 0.061999999999999944 0.034499999999999975
0.0 0.9323333333333333 0.33712500000000006 0.03866666666666663 0.03874999999999995
0.0 0.8593333333333333 0.3762499999999999 0.018000000000000016 0.017000000000000015
0.0 0.7853333333333333 0.4184999999999999 0.040000000000000036 0.03500000000000003
0.0 0.7243333333333333 0.425875 0.06399999999999995 0.02675000000000005
0.0 0.6533333333333333 0.4387499999999999 0.02400000000000002 0.015000000000000013
0.0 0.23883333333333334 0.378 0.03366666666666665 0.01649999999999996
0.0 0.17533333333333334 0.35125 0.030666666666666675 0.015499999999999958
0.0 0.24383333333333335 0.2956250000000001 0.02366666666666664 0.02024999999999999
0.0 0.027666666666666666 0.3552499999999999 0.05533333333333333 0.04500000000000004
0.0 0.09533333333333335 0.334375 0.018000000000000002 0.008750000000000036
