0.0 0.9804122497451917 0.46024088264241614 0.0391755005096166 0.09149183573398467
0.0 0.8774396301851919 0.41710644662782526 0.03945420439278191 0.03518995364590399
0.0 0.906671469996984 0.5111636907200148 0.07431552359774374 0.06609714943103295
0.0 0.5426609644563903 0.35303945011411497 0.03915965425082413 0.02101720561865167
0.0 0.4698033398144096 0.32619672006428135 0.10129186616611086 0.09299596016763895
0.0 0.5112585028352548 0.4297236758295615 0.02338534839127221 0.027649599138150405
0.0 0.1856296618181779 0.34146797931472017 0.050180455368804056 0.07638621450416411
0.0 0.2335675084752454 0.39845085329741736 0.05921469366166382 0.08270683868537415
0.0 0.46496519463131947 0.4349928963582457 0.0214279156268406 0.01336460512365284
0.0 0.3534953060754576 0.4357373579902278 0.03197350445939284 0.017552583751768602
