0.0 0.9793198529411764 0.4977532679738562 0.03523284313725494 0.07066993464052285
0.0 0.5485600490196079 0.5357434640522876 0.02236519607843146 0.02573529411764708
0.0 0.5306372549019609 0.5249183006535948 0.019607843137254943 0.054738562091503296
0.0 0.514859068627451 0.5053104575163399 0.010110294117647078 0.008169934640522847
0.0 0.4454656862745098 0.5247140522875817 0.03982843137254899 0.05596405228758172
0.0 0.41069240196078427 0.5383986928104575 0.026654411764705843 0.05882352941176472
0.0 0.3981311274509804 0.5806781045751634 0.02971813725490191 0.052696078431372584
0.0 0.008425245098039269 0.6039624183006536 0.016237745098039214 0.020016339869281086
0.0 0.2588848039215687 0.6098856209150327 0.03676470588235292 0.07189542483660127
0.0 0.19592524509803927 0.6168300653594772 0.02604166666666663 0.05555555555555558
0.0 0.4837622549019608 0.5018382352941176 0.003676470588235281 0.00531045751633985
0.0 0.0684742647058823 0.6213235294117647 0.012561274509803932 0.008986928104575131
0.0 0.027573529411764774 0.6084558823529411 0.0042892156862744946 0.006127450980392135
