0.0 0.08655024509803921 0.5241013071895425 0.04258578431372549 0.1004901960784314
0.0 0.11243872549019608 0.46343954248366015 0.026348039215686264 0.06658496732026142
0.0 0.2617953431372549 0.4558823529411764 0.03584558823529413 0.07924836601307189
0.0 0.32291666666666674 0.44342320261437906 0.03860294117647062 0.0951797385620915
0.0 0.33746936274509803 0.5269607843137256 0.018688725490196068 0.02450980392156865
0.0 0.4577205882352941 0.49611928104575165 0.031862745098039214 0.11887254901960786
0.0 0.5159313725490198 0.5247140522875817 0.026960784313725505 0.05351307189542487
0.0 0.5877757352941176 0.4542483660130719 0.025428921568627416 0.05718954248366015
0.0 0.6761642156862745 0.528390522875817 0.05024509803921573 0.09599673202614384
0.0 0.7395833333333335 0.49959150326797386 0.058210784313725505 0.058006535947712434
0.0 0.9217218137254903 0.48611111111111105 0.034007352941176516 0.05964052287581695
0.0 0.9492953431372549 0.4389297385620915 0.02787990196078427 0.035539215686274495
0.0 0.9920343137254901 0.48325163398692805 0.015318627450980338 0.07924836601307184
0.0 0.979626225490196 0.42218137254901966 0.01746323529411764 0.04452614379084968
