0.0 0.05683333333333333 0.659875 0.05299999999999999 0.03125
0.0 0.14916666666666667 0.600875 0.037000000000000005 0.036250000000000004
0.0 0.23616666666666664 0.649 0.052333333333333315 0.0645
0.0 0.272 0.61275 0.014666666666666661 0.01200000000000001
0.0 0.311 0.6151250000000001 0.058666666666666645 0.060250000000000026
0.0 0.2746666666666667 0.536875 0.052666666666666695 0.03574999999999995
0.0 0.4355 0.553625 0.04899999999999999 0.03325
0.0 0.4391666666666666 0.580625 0.007666666666666655 0.01924999999999999
0.0 0.4528333333333333 0.602125 0.009000000000000008 0.00924999999999998
0.0 0.48483333333333334 0.6188749999999998 0.027000000000000024 0.03674999999999995
0.0 0.5425 0.546125 0.05566666666666664 0.05025000000000002
0.0 0.5783333333333334 0.5827499999999999 0.04800000000000004 0.06799999999999995
0.0 0.3328333333333333 0.646875 0.04099999999999998 0.025249999999999995
0.0 0.6956666666666667 0.5458749999999999 0.046666666666666634 0.03674999999999995
0.0 0.6283333333333333 0.515125 0.04466666666666663 0.055749999999999966
0.0 0.6426666666666667 0.5655 0.019333333333333313 0.012499999999999956
0.0 0.9766666666666668 0.568 0.014666666666666717 0.02849999999999997
