0.0 0.20091809411042189 0.7717917234344533 0.06386420258385861 0.07058900126551604
0.0 0.2207401437786803 0.7334672364604192 0.02854679043467412 0.03027648624942736
0.0 0.3152393946348442 0.4833273468083606 0.022559304086639198 0.023302911633168666
0.0 0.41704772323378153 0.4398456448684689 0.056987411005718136 0.06151371781067988
0.0 0.5350174633951534 0.4671924703494166 0.04415984337935197 0.04200984764699517
0.0 0.5452162894919381 0.37796863332442654 0.023807306900214154 0.024761064405545263
0.0 0.5831357562961452 0.41851872639889426 0.021355208629927014 0.0222281392280268
0.0 0.6146690928477834 0.41492055268797995 0.024817417779570583 0.02602982138804255
0.0 0.6560142530275502 0.19077440187583355 0.057386296581766416 0.06310884161375374
0.0 0.7292931796556629 0.26328885480079744 0.02584216444454812 0.027426371826284657
0.0 0.7386590214754132 0.2252563187412687 0.05273462776103177 0.058360180504341386
0.0 0.40170680866220476 0.5279809431258888 0.01376102188484829 0.014439967905592543
0.0 0.40611314682015387 0.5457205969434693 0.01045980637703492 0.01204401375877151
0.0 0.5029496789968384 0.48598590073170267 0.02733177855662483 0.027218620886500677
0.0 0.6297826693992084 0.3863044073147648 0.011799343268618867 0.01241362776357785
