0.0 0.9876658833257714 0.5178566673953765 0.024668233348457136 0.05398961753780651
0.0 0.9635914407499189 0.5210108881040179 0.03868783642732909 0.043701461964703925
0.0 0.9415317478015086 0.4859832770057142 0.038041558060144864 0.03745171976163003
0.0 0.8445050524323492 0.44652792998508306 0.021546649252919603 0.03607141735384373
0.0 0.8231937129358917 0.5139726792987227 0.0410191578491812 0.03320380039386173
0.0 0.783573642932816 0.5318173954003833 0.026617091383220548 0.028460336066079006
0.0 0.692803603578718 0.48852095029975884 0.029270987202280163 0.03524309997474129
0.0 0.6233511163713104 0.5368583044826781 0.0401153221925461 0.0858277903274342
0.0 0.6016102637095971 0.49754179848818203 0.04441127209732221 0.0872482785269511
0.0 0.5672761143359082 0.48717609526354244 0.041536469309511936 0.07360892679124792
0.0 0.5270605996798763 0.5059565907893318 0.04011607524105909 0.06695371782347737
0.0 0.4921590581801414 0.5613575547011836 0.050221438753730696 0.08915076645569986
0.0 0.453017578433285 0.4178466965927066 0.022805191336383923 0.04824196795982971
0.0 0.4304332940656517 0.4554054284987458 0.04502466538637173 0.06485797817392802
0.0 0.4102713298711259 0.4381939736316915 0.051404859838622086 0.06519233006640279
0.0 0.3856904421210201 0.43116400202940686 0.03211924356020651 0.07458760105326379
0.0 0.4105456750918456 0.3837003441593249 0.022950600782305042 0.028406605043565847
0.0 0.3621881075711682 0.3775361666817166 0.013601780859064938 0.020606110653926812
0.0 0.33614477809429977 0.38947091056509114 0.03832936475793458 0.07327728394492972
0.0 0.31889166247054385 0.4683062060358145 0.060523045426551625 0.09672437099789039
0.0 0.2864741006654194 0.4140889089138662 0.026760994732115573 0.04637311815772882
0.0 0.24462980513861293 0.44018112648467145 0.014427106798818312 0.016786459992877034
0.0 0.1907721251923056 0.42330842691540294 0.04622452901033042 0.0552195630626795
0.0 0.11706313120069112 0.5019573581664849 0.014869297260576064 0.02106259939498034
0.0 0.08176012906261049 0.5154279544825637 0.04280360918676651 0.08350245178427984
1.0 0.22190158631942536 0.3732322330610681 0.04413302839949351 0.04627561601884794
