0.0 0.9491502077840064 0.6038290786262492 0.04625061601101299 0.04614141127546523
0.0 0.886879940816997 0.5199753391767521 0.10534797514240868 0.10343234207300844
0.0 0.6164780315530629 0.3280512171728107 0.05700051772732895 0.055153137617646064
0.0 0.6050849111121442 0.29824638851362023 0.03940675097818791 0.038869827695078185
0.0 0.5792943075936741 0.287079820835896 0.04448138881358954 0.04367600388892495
0.0 0.513197811904935 0.255210254634076 0.03631974981130526 0.03631064941667622
0.0 0.4320344472858087 0.25719080942211187 0.046123193746578584 0.04562722223929916
0.0 0.40808227689526094 0.23371648825838937 0.05630522079426881 0.05482185646974516
0.0 0.43189999069346574 0.21028129074946506 0.024619656414174074 0.024014480171347052
0.0 0.4082195408183711 0.19717663218373263 0.029417648948706354 0.029353946186303492
0.0 0.3811747312194075 0.231636586145877 0.08033878501093095 0.07839585075764366
0.0 0.3079497330782629 0.08047817490382916 0.028063439921473476 0.028013387751014085
0.0 0.40166778143306275 0.1360967660291038 0.026155890073615518 0.025814625275028757
0.0 0.41033939259261715 0.15063238560204228 0.021958573803482095 0.02179931689747497
1.0 0.7098864065324482 0.36488553384521744 0.05867548107383591 0.05833517181668513
