0.0 0.36773331174882645 0.930760049738297 0.04941233671078926 0.05185001088668484
0.0 0.28040130517370276 0.9180542303791799 0.040279402460920155 0.040754274053627304
0.0 0.33568474527180747 0.8669208651458562 0.04919729293510666 0.05432590613634125
0.0 0.2516436785002305 0.7857491627219573 0.018193814906839967 0.021549574161968676
0.0 0.49007946034856553 0.646869705580291 0.02179849018549973 0.021038695637168536
0.0 0.530983536853426 0.6324582941363899 0.07208081665385652 0.061190428127777974
0.0 0.5385826187098777 0.5723242090789372 0.036375581152818914 0.0360906581971947
0.0 0.4661529510972373 0.5917850969440646 0.03598698622682772 0.04266684663090481
0.0 0.6107741609135029 0.44202853802874303 0.042825137161806914 0.03582869569592517
0.0 0.6801778948987361 0.4398511791249085 0.041666933032647124 0.044959376075415114
0.0 0.7054055344023644 0.3956284315143885 0.04016697324566021 0.042889570377179775
0.0 0.7469030686114826 0.41264667376380787 0.0424244935749547 0.03539639400289263
0.0 0.7644770618042844 0.3918281103847119 0.05500929826586143 0.05089374446240158
0.0 0.7733772501056051 0.2777077211316492 0.03891373520489172 0.04176296476113328
0.0 0.733586686054092 0.2845475401725533 0.03083974153279556 0.03508192776097718
0.0 0.5519517337107942 0.4461748871757369 0.02651453032515505 0.02917381124431373
0.0 0.8200692405872945 0.16480473473485746 0.06924910158740072 0.07235159599308588
0.0 0.7917641069480427 0.13884733541164776 0.036200912999498236 0.03578935761915236
0.0 0.851357675858204 0.09243728617374869 0.0264107987617207 0.025112816408321803
1.0 0.29031175176742857 0.6859712149462844 0.055274397864463753 0.06031341862520756
