0.0 0.4735449735449735 0.9835069444444444 0.056216931216931165 0.03298611111111116
0.0 0.4290674603174604 0.9000496031746033 0.09226190476190477 0.04861111111111105
0.0 0.4576719576719577 0.8687996031746031 0.01388888888888884 0.020337301587301626
0.0 0.4193121693121693 0.8683035714285714 0.02645502645502651 0.016865079365079416
0.0 0.3928571428571429 0.800719246031746 0.04761904761904767 0.02703373015873023
0.0 0.4409722222222222 0.769469246031746 0.0532407407407407 0.03199404761904756
0.0 0.41550925925925924 0.7442956349206349 0.02083333333333337 0.017857142857142905
0.0 0.49074074074074076 0.7692212301587302 0.044973544973545 0.04141865079365081
0.0 0.5906084656084656 0.8874007936507937 0.03968253968253965 0.024801587301587324
0.0 0.539021164021164 0.8841765873015872 0.08465608465608465 0.055059523809523836
0.0 0.48677248677248675 0.8246527777777778 0.04960317460317465 0.026289682539682557
0.0 0.5158730158730158 0.59375 0.016534391534391513 0.01140873015873023
0.0 0.5206679894179894 0.6281001984126984 0.012896825396825351 0.011160714285714302
0.0 0.5092592592592593 0.6109871031746031 0.015873015873015817 0.010664682539682557
0.0 0.48164682539682535 0.49826388888888884 0.03207671957671954 0.023809523809523725
0.0 0.44742063492063483 0.5089285714285714 0.06613756613756616 0.02331349206349198
0.0 0.5482804232804233 0.4063740079365079 0.03703703703703709 0.018601190476190466
0.0 0.5071097883597884 0.4171626984126984 0.07572751322751325 0.03323412698412698
0.0 0.5076058201058201 0.45436507936507936 0.02314814814814814 0.016865079365079416
0.0 0.5257936507936508 0.3213045634920635 0.03439153439153442 0.00868055555555558
0.0 0.4874338624338624 0.3089037698412699 0.019841269841269882 0.017609126984126977
0.0 0.6121031746031746 0.29117063492063494 0.017857142857142794 0.012400793650793607
0.0 0.5767195767195767 0.24789186507936511 0.021825396825396748 0.025545634920634885
0.0 0.5491071428571428 0.203125 0.04199735449735453 0.021329365079365115
0.0 0.5162037037037037 0.2186259920634921 0.03703703703703709 0.015625
0.0 0.4646164021164021 0.2528521825396826 0.03240740740740744 0.028025793650793607
0.0 0.5241402116402116 0.14372519841269843 0.0535714285714286 0.02604166666666663
0.0 0.5854828042328042 0.13913690476190477 0.03273809523809523 0.028273809523809534
0.0 0.619212962962963 0.1305803571428571 0.038690476190476164 0.02256944444444442
0.0 0.607308201058201 0.10925099206349204 0.05787037037037046 0.040426587301587324
0.0 0.5426587301587302 0.10466269841269832 0.07473544973544977 0.05307539682539686
0.0 0.5653108465608465 0.2684771825396825 0.03273809523809523 0.014136904761904767
0.0 0.7121362433862434 0.04551091269841273 0.022817460317460236 0.01810515873015872
0.0 0.6536044973544973 0.06026785714285704 0.08366402116402116 0.0580357142857143
0.0 0.6259920634920635 0.018973214285714246 0.07010582010582 0.03745039682539686
