0.0 0.4098615322994618 0.3728743997834282 0.04876394931824557 0.058544588687186316
0.0 0.43108140156009156 0.48343402727362905 0.06984586322282738 0.0874935386059163
0.0 0.5032313647647462 0.4048688191097065 0.06869390355013916 0.09157209476966155
0.0 0.505529470302648 0.33618029402436256 0.048624152237896845 0.06342268484829433
0.0 0.6257201310135311 0.2383409194265585 0.05165055306351585 0.05956011359665914
0.0 0.5963750111553097 0.22991979877886615 0.04360546859394898 0.05032434259522134
0.0 0.5793568178350352 0.2637253247864332 0.03895728209759708 0.04159380227531151
0.0 0.5961155908974118 0.2702100962618912 0.027303112402517593 0.02704796528854525
0.0 0.7279712785865489 0.23736028668156733 0.04831761939869994 0.07055794283329142
0.0 0.7615266808851265 0.2734205230226823 0.042330563568012014 0.05564073801357061
0.0 0.8003376419752762 0.16544971032702815 0.06841775198944244 0.07526419954770092
0.0 0.8123041583170271 0.21160332788500105 0.046273120311221216 0.056436480351120644
0.0 0.8719570166248858 0.14179263160360037 0.0294166794862456 0.03468971984167474
0.0 0.8419340362359464 0.1320983071592546 0.03034968713093611 0.035707776524355805
