0.0 0.4604478953776613 0.1360991024503431 0.03702340653009695 0.05460413851416386
0.0 0.5163996598251057 0.18386973711145413 0.017314019945552594 0.03093718455658273
0.0 0.48024877468917543 0.18314322635921088 0.03628292614765016 0.03932720874229367
0.0 0.49771109798024304 0.23174967321413026 0.03137675964011777 0.045228245445746246
0.0 0.5188253089402779 0.23429957601098328 0.02537208070884256 0.07202571147175596
0.0 0.4618376241133851 0.29853749917994665 0.0706019360983211 0.06390451439010514
0.0 0.44765233356834083 0.2695099149541146 0.022700208797007293 0.024755099548391668
0.0 0.4992513722528924 0.33894753974768466 0.04902689821632178 0.03205502275118366
0.0 0.4991591038785937 0.37952633052750095 0.04829297490695306 0.04403097927445193
0.0 0.5388134885873996 0.44179771239826837 0.024145020909395076 0.02977694370948586
0.0 0.50927201301798 0.4816512145459093 0.06264688531517582 0.03524834196338317
0.0 0.490560631766244 0.5102338251722636 0.03915357004994413 0.025910940763244406
0.0 0.5082949303490107 0.5598763015678873 0.030296536642104077 0.03128592848536327
0.0 0.5700216283643391 0.5221708645421583 0.04032731286686153 0.04055563406145979
0.0 0.5890237957291033 0.7766215392238719 0.058205384813999395 0.060184168500517776
0.0 0.5548861743393905 0.7447106434223287 0.026808523755694647 0.02840677211788256
