0.0 0.9845085543622539 0.5008036604796332 0.03098289127549214 0.0889854708538591
0.0 0.9271711786074598 0.45041456467553603 0.032941543197296363 0.0428598221814519
0.0 0.8458194309771228 0.4009920929004332 0.041084908612885496 0.06723977763777012
0.0 0.7831036239561783 0.4878201496544795 0.02529548886506272 0.05387482608607419
0.0 0.7521499515742762 0.4760485512251984 0.046807746147305096 0.0879502367482472
0.0 0.7706808931755802 0.5270946348655967 0.025455456065693216 0.02391261266815814
0.0 0.6817152416266249 0.5046904780754876 0.03395137721662578 0.03938806347460755
0.0 0.6366640025043833 0.5617229604528367 0.043072504724674054 0.05916215729897112
0.0 0.6107113923288231 0.5247477796897173 0.03746187969092918 0.03885778562203257
0.0 0.5811610433426855 0.5886428775387991 0.07229535262661368 0.12012349795020871
0.0 0.5408855388278743 0.5241546687587648 0.04380984509572028 0.056740342141730404
0.0 0.5132344115594558 0.555179957446521 0.039001018233740636 0.06478854359254538
0.0 0.482361193698336 0.5757311322377752 0.03133849626097707 0.03604049518679897
0.0 0.44778453163785004 0.5372051489604613 0.0318836405310331 0.04819369930497808
0.0 0.3697119226914856 0.5981171571879871 0.06338265339985227 0.10415780033471456
0.0 0.3339815346178471 0.6040565390938418 0.052578416868425015 0.08541894061596267
0.0 0.3104342012274661 0.6523058187412383 0.05940722571604162 0.09893340418623231
0.0 0.2751915168988896 0.5306973418403695 0.045188388543945024 0.0556209486606124
0.0 0.22421689259085636 0.5484982585492515 0.04791340351352413 0.052248058773266215
0.0 0.2288663801461611 0.6376920791976526 0.054934879382597834 0.09394677672027674
0.0 0.17172720330685085 0.5400550527409104 0.053668234488069955 0.06696607520016018
0.0 0.16131633842174173 0.5925420889860296 0.015533158279835757 0.03279831058558813
0.0 0.05200113504803422 0.6008939846689426 0.06078576916426648 0.09781401070511442
0.0 0.008656247973553341 0.5651840830375356 0.017312495947106682 0.05651318561474972
