0.0 0.42773209749845087 0.9431186204571455 0.04977321130773843 0.0555141227051974
0.0 0.4896009693287076 0.9439567083930926 0.094920096368038 0.06236205090847613
0.0 0.4208921375815976 0.7393129279975799 0.059174905486438056 0.045333804035029956
0.0 0.39898071053132556 0.7058658401832263 0.0803267384485366 0.04658905366072963
0.0 0.35126341379377757 0.6755340716655563 0.055506043045274456 0.04441743335977155
0.0 0.39565521851097596 0.6749184745847513 0.02523421188719477 0.017763162808309696
0.0 0.4548999921279717 0.6578782373798724 0.02693300369289192 0.018832813638942958
0.0 0.3813970373198262 0.5677193646343152 0.06373969626206183 0.030473867205552896
0.0 0.40495016762495417 0.5528267047331755 0.03878940381807233 0.03249799406743237
0.0 0.35442493323228397 0.5293134391372403 0.04452251348816921 0.02832213338027134
0.0 0.38515681330590823 0.5061966523583101 0.035911042167270424 0.03433818972961056
0.0 0.44186749631469746 0.5805332285657709 0.016787758054283952 0.020326676039018943
0.0 0.5028537752553319 0.526952125854026 0.021541735814524343 0.016351322770246313
0.0 0.39055072154360404 0.4381719407091579 0.01330724880005435 0.009532402949670393
0.0 0.3997057232880043 0.42321382219782255 0.03494288327548489 0.014023945854606923
0.0 0.3659669962530942 0.4121705637305475 0.02180148576110097 0.021801485761101025
0.0 0.38583341492714796 0.4016957000148051 0.05995276566336344 0.027080149716269708
0.0 0.38426560982498265 0.37207359113886807 0.09845852797079135 0.04671168277177756
0.0 0.4126800909623757 0.3315896910029213 0.0490178530320764 0.04657993175370356
0.0 0.3554192792908061 0.2965820314817723 0.0667614072972707 0.07313145966979373
0.0 0.3932052427361129 0.2852231157304631 0.022803953369903485 0.015175619047252509
0.0 0.38344691483394294 0.19475024082936637 0.023098845831179715 0.014448157424049701
0.0 0.4531346058764316 0.11141570758932201 0.07804969060347972 0.04030123209963976
0.0 0.2922879066545263 0.596620203035316 0.019465403837276685 0.014274990792998654
0.0 0.36303514853857577 0.8626905860523113 0.011985997165907925 0.009469433265651861
