0.0 0.6314361757784775 0.9769306820793195 0.02352980403841065 0.025193729567565826
0.0 0.6053363340941543 0.9485656394309769 0.03398915060082408 0.03505406293948343
0.0 0.5329360709576039 0.8652675510574368 0.05737114011489863 0.050781995019443915
0.0 0.6003191462448763 0.8101349265923915 0.0659413051181259 0.06657359681920494
0.0 0.6300549281589812 0.7922722227154531 0.02700145119750741 0.029697010554738834
0.0 0.604266254430988 0.7827749336709962 0.05060389049892766 0.05186847390108562
0.0 0.5933117595759598 0.7187018994006218 0.055711919615391015 0.05255046110999617
0.0 0.5801291692075521 0.6841838665379316 0.062379575789624164 0.061614170046212724
0.0 0.5519160607201329 0.7105687564255103 0.04615339474702673 0.047251585596269075
0.0 0.528957827513467 0.6752217493126456 0.05315314942099292 0.05751263430737963
0.0 0.510610747672823 0.6449205760216769 0.0895034589710102 0.08321382047080328
0.0 0.5972363328590429 0.6294946856458945 0.05157195582024088 0.054833249857385136
0.0 0.4928734642941662 0.6075228010393955 0.01900540102434156 0.01584394251894672
0.0 0.46531137735596145 0.585427617302009 0.0681733684485365 0.05898849952759955
0.0 0.5027683591184071 0.5588740329532094 0.04400347795195869 0.04120808306297785
0.0 0.44825016570650966 0.46586156833986897 0.03622248593039301 0.03522413061289986
0.0 0.40307165173525605 0.43595269946339427 0.10300148875189108 0.09877511790783677
0.0 0.4298361458777137 0.38032539994317527 0.06406702646701823 0.0604729473240429
0.0 0.40185124227079166 0.3489387776797116 0.030911453932979005 0.031577024144641086
0.0 0.3586114029404811 0.35459966761175254 0.08953168914889664 0.08384106383918571
0.0 0.3557026031599315 0.32339032238573284 0.0685498720333928 0.056536329712892075
0.0 0.40655817308107645 0.293904483546632 0.036645938598689476 0.04463278113863467
0.0 0.6794185988296435 0.7831642406817008 0.023197705538677393 0.023996389792671935
0.0 0.4972190980667851 0.477644735859155 0.06756690380400143 0.06560347167959812
0.0 0.4785745099000862 0.5163159585737661 0.06751710708313241 0.07067856558852731
0.0 0.24684616319989877 0.5669898261285721 0.03452552398066622 0.046971686938747315
0.0 0.2251788861810583 0.49801193727420917 0.028784375680051877 0.02758634929906012
0.0 0.23050451744743872 0.5332405308267453 0.03594272814984545 0.04446202685912026
0.0 0.3341004812287067 0.1363327205324425 0.06174900060378985 0.05842114954547942
0.0 0.30574210221526815 0.1737759701729306 0.07814710671202285 0.09205752413576057
0.0 0.27993885793966344 0.25103578488678724 0.015303792805566097 0.01550346386906476
