0.0 0.16357437731852745 0.8802946823233395 0.023046859176699297 0.023082146168678985
0.0 0.11097453989939393 0.725505417460433 0.03506861054861743 0.03829737031476077
0.0 0.19339160301855643 0.7856942451720298 0.026795888118253453 0.027678062917746216
0.0 0.22692307333978823 0.7091509270155925 0.09402982147677774 0.10532165891028467
0.0 0.2833744232364289 0.7151650991899763 0.023995233433592777 0.025494930592730558
0.0 0.23668889169575646 0.642271658242918 0.02517053453926066 0.027217180074083913
0.0 0.2646743511040236 0.5955390434403667 0.032155065741904076 0.03321367550129539
0.0 0.32613631260037035 0.6192740322118526 0.09156252791916536 0.09909630070683328
0.0 0.4869774399133806 0.5241923019627633 0.053779544238371224 0.06235428328944065
0.0 0.4023445061507179 0.5212109125506936 0.02360600054785289 0.024841045267142592
0.0 0.4458462445545525 0.5507501835902616 0.04627883173570835 0.04679049311941408
0.0 0.4746781991731058 0.5418870126619255 0.018693074173302904 0.0181637692936073
0.0 0.4249226993301987 0.48916052380053504 0.03462996174796462 0.03919962720933701
0.0 0.5749730362435315 0.47509186936546655 0.031338587728183764 0.033102937327169124
0.0 0.5856760058888286 0.4470445476468334 0.04029969315331927 0.04141123340068009
0.0 0.6678376953515583 0.2964342405958562 0.0433375317547573 0.049036380959480375
0.0 0.7138776232634855 0.32040085477336694 0.053610782357627285 0.05475760959696785
0.0 0.7016209499971178 0.3551490491336755 0.021444312943050825 0.02190304383878694
0.0 0.6782521333660424 0.364932801765143 0.046387920633536917 0.04981075885556879
1.0 0.7535269809607881 0.23977198933522217 0.06338402691554501 0.06505627746546344
