0.0 0.939484126984127 0.482473544973545 0.038690476190476275 0.05555555555555558
0.0 0.8968253968253967 0.5153769841269842 0.01388888888888895 0.016865079365079416
0.0 0.5797371031746033 0.509755291005291 0.015128968253968256 0.0625
0.0 0.5951140873015873 0.4877645502645503 0.04092261904761907 0.03703703703703709
0.0 0.589781746031746 0.44626322751322745 0.029761904761904656 0.03802910052910047
0.0 0.5487351190476191 0.4783399470899471 0.03893849206349209 0.06117724867724861
0.0 0.5363343253968254 0.4148478835978836 0.02157738095238093 0.04133597883597884
0.0 0.5401785714285715 0.4444444444444444 0.016369047619047672 0.017857142857142794
0.0 0.5562996031746031 0.5171957671957672 0.008928571428571397 0.01388888888888884
0.0 0.4737103174603174 0.3844246031746032 0.02876984126984128 0.03670634920634919
0.0 0.3909970238095239 0.4158399470899471 0.02604166666666663 0.0347222222222221
0.0 0.4110863095238095 0.476521164021164 0.015128968253968256 0.012566137566137559
0.0 0.4255952380952382 0.5011574074074074 0.012400793650793607 0.024801587301587324
0.0 0.4592013888888888 0.5229828042328042 0.015128968253968256 0.013558201058201047
0.0 0.3123759920634921 0.43783068783068785 0.03298611111111116 0.07605820105820105
0.0 0.24863591269841268 0.4740410052910053 0.01661706349206349 0.03472222222222221
0.0 0.2266865079365079 0.5877976190476191 0.019345238095238138 0.10085978835978837
0.0 0.24020337301587302 0.5509259259259258 0.03298611111111116 0.031746031746031744
0.0 0.21354166666666663 0.5732473544973545 0.012896825396825351 0.014880952380952328
0.0 0.21602182539682535 0.4914021164021164 0.022321428571428603 0.04034391534391535
0.0 0.13789682539682535 0.5851521164021164 0.010912698412698374 0.04133597883597884
0.0 0.14930555555555558 0.5876322751322751 0.014880952380952328 0.01719576719576721
0.0 0.1624503968253968 0.6421957671957672 0.015873015873015928 0.01851851851851849
0.0 0.04923115079365081 0.453042328042328 0.020585317460317443 0.045634920634920695
0.0 0.022073412698412676 0.45486111111111105 0.03224206349206349 0.03339947089947093
1.0 0.11284970238095249 0.3714550264550265 0.042480158730158646 0.04638227513227511
