0.0 0.015042992571584896 0.3920683794070683 0.02411126301088079 0.039630285010689326
0.0 0.03686322778790441 0.4233418666227733 0.015584245423501786 0.02422775134744576
0.0 0.0258038623644275 0.4075973247168081 0.010914982632453829 0.013861632379252864
0.0 0.01137073469702879 0.34696425172979106 0.012660284078618023 0.019634021812709124
0.0 0.03952980763290573 0.3400499402992276 0.03802741117492975 0.07643207954154418
0.0 0.07377886213461507 0.4036751421093422 0.054146470762995336 0.0741836890412289
0.0 0.14237526085788346 0.3526992324887297 0.034827938135138126 0.07264327655239283
0.0 0.16820869361229623 0.3138124414032454 0.05762175103150591 0.08532025865141724
0.0 0.1418369002875838 0.4242162961905197 0.03093894702354899 0.05048505701064948
0.0 0.17430589318932047 0.39641136566908436 0.0270814877610292 0.05360133548222079
0.0 0.20215159117146234 0.3774261512454967 0.046187867925928716 0.11464836370989373
0.0 0.24247133747591892 0.41000721640201754 0.04863741900008567 0.1228929926194221
0.0 0.18151339192550717 0.46576647302711116 0.0183552760640196 0.0328920814815617
0.0 0.30307405510731544 0.44130570515389445 0.023714352460676547 0.06978031016896868
0.0 0.34103662938123835 0.46725774047598895 0.0546382723942192 0.1280098510895159
0.0 0.3613639431436692 0.50971676036409 0.026070194589059237 0.02665952453841902
0.0 0.39214259368475474 0.449350020238374 0.03352699277968807 0.07870895556394042
0.0 0.43302368449523754 0.4098017078080184 0.04771835710483341 0.10655313038258801
0.0 0.4628791356677123 0.48021132541629097 0.014787764518791324 0.0111535631644058
0.0 0.48656725332073786 0.5025616688233787 0.02772356029231704 0.02998265843152953
0.0 0.6221651679880801 0.47985415924204644 0.069514426250181 0.0437803517948025
0.0 0.6244566390833586 0.39838768260589663 0.017482182040220562 0.01777684701490051
0.0 0.6883326353024276 0.5017550939145791 0.04157871349490638 0.07330430910210955
0.0 0.7210937924250408 0.43757931765716224 0.04442635725451294 0.084009685519847
0.0 0.9612936469139841 0.5359149006866657 0.05028930703428669 0.08545266067942237
0.0 0.99203164686969 0.5101165405452619 0.015936706260619937 0.09726273239749994
