0.0 0.7648083148841935 0.8963384300134977 0.07672220054172252 0.07763700205855262
0.0 0.8154743260367704 0.8518116879141078 0.11788779381439629 0.11269974137648375
0.0 0.6103630181716047 0.7364515382154987 0.07771161450566488 0.07550606564317053
0.0 0.568197786895615 0.7254015890075509 0.0957220924685247 0.09034606711619508
0.0 0.507431103390096 0.7357271994312453 0.07413116333182707 0.07236421793630621
0.0 0.5428955337265586 0.7027940855813412 0.03211395080485868 0.030923455680216927
0.0 0.5783756942040139 0.6457205849040517 0.034193450162374184 0.03290270281671015
0.0 0.4530347358759194 0.6264847954111534 0.07171252640540127 0.06641169021883853
0.0 0.4612084898889807 0.5972270103174073 0.05275762221547686 0.051755100005252186
0.0 0.40315207666299685 0.6151206141795056 0.05468863090746856 0.05210713621614016
0.0 0.4111246447132062 0.5739640921225315 0.05162066141901589 0.05137003086645964
0.0 0.5113195480982187 0.5926685499307096 0.026924325721027598 0.027488244464279
0.0 0.5215098821320931 0.5047600218345343 0.028190586730091116 0.02736350590665554
0.0 0.36578589645769627 0.5149891020476979 0.01704308595085391 0.016441572624719347
0.0 0.362263331662714 0.49619841866429004 0.037561232480889384 0.03422784613189256
0.0 0.3268989439429694 0.5119154695612153 0.03196262864032007 0.03196262864032001
0.0 0.33531792782275505 0.4889255188909235 0.06641751072691393 0.06117933217849031
0.0 0.31240599781724504 0.4661059233280459 0.11053813222934417 0.10229238705024651
0.0 0.3058143628043937 0.412592136159249 0.070271033613853 0.06988255625739104
0.0 0.2339102456626011 0.4261078327343092 0.10203924001876696 0.10305429375661945
0.0 0.2561807087902153 0.3893096603971018 0.02844824332229079 0.027232685142393576
0.0 0.18218152027359458 0.3232445263346622 0.02821260868202724 0.026834140642968296
0.0 0.17767205922086282 0.2049069084730203 0.08976327294011388 0.08374813967876607
0.0 0.40205947356323063 0.7149743875274459 0.025146526859584295 0.024319446036149106
0.0 0.6537015453602077 0.8785410134538052 0.015928147106329504 0.015527138222239611
