0.0 0.10553075396825395 0.5707671957671958 0.013640873015873009 0.021164021164021163
0.0 0.12475198412698413 0.5947420634920635 0.03472222222222221 0.04596560846560849
0.0 0.14174107142857142 0.6507936507936508 0.04489087301587302 0.09391534391534395
0.0 0.16257440476190477 0.5783730158730159 0.0359623015873016 0.051587301587301626
0.0 0.2027529761904762 0.542824074074074 0.029513888888888895 0.044642857142857095
0.0 0.21564980158730163 0.5930886243386243 0.037946428571428575 0.0532407407407407
0.0 0.2173859126984127 0.6498015873015872 0.01215277777777779 0.020502645502645467
0.0 0.2433035714285714 0.564484126984127 0.02529761904761904 0.05886243386243384
0.0 0.27070932539682546 0.5927579365079365 0.03000992063492064 0.03935185185185186
0.0 0.28856646825396826 0.597718253968254 0.024553571428571452 0.0267857142857143
0.0 0.29836309523809523 0.5667989417989416 0.026289682539682557 0.03968253968253965
0.0 0.2931547619047619 0.5401785714285714 0.005456349206349187 0.007605820105820116
0.0 0.30146329365079366 0.6433531746031746 0.020585317460317443 0.05919312169312174
0.0 0.2880704365079365 0.648478835978836 0.011656746031746046 0.02182539682539686
0.0 0.3373015873015873 0.5825066137566137 0.010416666666666685 0.02876984126984128
0.0 0.33296130952380953 0.5276124338624338 0.016121031746031744 0.027447089947089998
0.0 0.3670634920634921 0.5641534391534391 0.012896825396825407 0.022486772486772444
0.0 0.3790922619047619 0.6068121693121693 0.01909722222222221 0.046957671957671976
0.0 0.39732142857142855 0.6119378306878307 0.029265873015873023 0.06911375661375663
0.0 0.39037698412698413 0.5219907407407407 0.03720238095238093 0.03604497354497349
0.0 0.4009176587301587 0.562665343915344 0.02653769841269843 0.05522486772486768
0.0 0.4388640873015873 0.5502645502645502 0.024057539682539708 0.01719576719576721
0.0 0.4289434523809524 0.5742394179894179 0.009672619047619069 0.015542328042328024
0.0 0.4689980158730159 0.5499338624338624 0.011904761904761918 0.011243386243386277
0.0 0.5228174603174603 0.5319113756613757 0.027281746031746046 0.07109788359788355
0.0 0.6364087301587302 0.6048280423280423 0.025793650793650813 0.05886243386243384
0.0 0.628844246031746 0.48115079365079366 0.024057539682539653 0.03373015873015872
0.0 0.6662946428571429 0.47850529100529093 0.03199404761904767 0.03902116402116401
0.0 0.6790674603174603 0.5324074074074074 0.027281746031746046 0.05820105820105814
0.0 0.7385912698412699 0.5502645502645502 0.016369047619047672 0.028439153439153486
0.0 0.7855902777777777 0.5076058201058201 0.022073412698412676 0.03505291005291
0.0 0.769593253968254 0.5580357142857143 0.022321428571428603 0.052579365079365115
0.0 0.8137400793650795 0.5319113756613758 0.02876984126984128 0.04993386243386244
0.0 0.839905753968254 0.5944113756613757 0.04439484126984128 0.07242063492063489
0.0 0.9895833333333334 0.5557208994708995 0.020337301587301626 0.02876984126984128
