0.0 0.6397069429824597 0.13794252592880846 0.07865133582842287 0.03552398773216814
0.0 0.6366839768224618 0.04309429372928844 0.03059037213801541 0.027750711358015157
0.0 0.6946524096528255 0.05030379011714639 0.035336996612873595 0.01457197715912123
0.0 0.6639366870683914 0.09371982955372657 0.06472351890385353 0.02301600119759878
0.0 0.643736993447994 0.11050341310517792 0.026299204484739658 0.02212845271411401
0.0 0.5671371398845038 0.35074165632057164 0.026704578140895885 0.02217886877277042
0.0 0.5364491698561492 0.3674557513447552 0.07609509893174943 0.03101548404924437
0.0 0.5516765796915644 0.39065214463172776 0.034066369211937064 0.020400501708185304
0.0 0.6089855133855844 0.39654468793380393 0.019926662118214034 0.02223388650196434
0.0 0.5664347635644262 0.4639592770839492 0.049810876541810045 0.025052584116182275
0.0 0.5255729277944946 0.45656182031445003 0.018105548445868758 0.01721815445211866
0.0 0.5408468536751313 0.5240671701371147 0.07362504495081867 0.03040895745518879
0.0 0.4682557186475208 0.6311226287267022 0.0888991133643095 0.03769647992492875
0.0 0.4921084127145052 0.7140509943035579 0.0297901836534612 0.03094379584533624
0.0 0.46537572521053805 0.7155116272730413 0.0242134065044482 0.014984508969447252
0.0 0.43212267175142643 0.7627799946849233 0.03378941378255751 0.03742772915693293
0.0 0.5327469433406873 0.6984200775953961 0.023186345755940363 0.016353412004064705
0.0 0.3523945488160616 0.7997916607819678 0.0452972598916222 0.030477780195995452
0.0 0.3281078723900036 0.7319372332741567 0.04221165437905694 0.021712853123429632
0.0 0.3895438125671971 0.8155262750705436 0.03294256671992757 0.014573511049300603
0.0 0.40759506885473606 0.9086931375973433 0.03741223576540631 0.018422004299154082
0.0 0.4071517406217333 0.9801096678499516 0.09249910539796613 0.0345522776060847
