0.0 0.4264705882352941 0.9888174019607843 0.08333333333333337 0.02236519607843135
0.0 0.49019607843137253 0.9416360294117647 0.03676470588235292 0.022977941176470562
0.0 0.5573937908496732 0.8783700980392157 0.06086601307189543 0.02450980392156865
0.0 0.49244281045751637 0.7973345588235294 0.051062091503268014 0.011335784313725394
0.0 0.511437908496732 0.7714460784313726 0.0816993464052288 0.02450980392156854
0.0 0.45894607843137253 0.7755821078431373 0.018382352941176516 0.02052696078431382
0.0 0.502859477124183 0.6982230392156863 0.0326797385620915 0.025122549019607865
0.0 0.46119281045751637 0.641390931372549 0.05147058823529416 0.029105392156862808
0.0 0.5024509803921569 0.6266850490196079 0.031045751633986818 0.029105392156862808
0.0 0.4503676470588235 0.5825674019607843 0.10906862745098045 0.042585784313725505
0.0 0.5210375816993464 0.5615808823529411 0.04861111111111116 0.030637254901960786
0.0 0.4991830065359477 0.5277267156862745 0.05882352941176472 0.022977941176470562
0.0 0.4879493464052288 0.4935661764705882 0.02982026143790839 0.023284313725490113
0.0 0.5328839869281046 0.47120098039215685 0.04289215686274517 0.020220588235294157
0.0 0.49611928104575165 0.3825061274509803 0.09436274509803932 0.0376838235294118
0.0 0.4997957516339869 0.34757965686274506 0.07720588235294124 0.03155637254901955
0.0 0.4607843137254902 0.3131127450980392 0.08986928104575154 0.03492647058823528
0.0 0.5835375816993464 0.3115808823529411 0.04697712418300648 0.03247549019607843
0.0 0.5800653594771241 0.25934436274509803 0.042483660130718914 0.03645833333333337
0.0 0.4955065359477125 0.2406556372549019 0.08578431372549022 0.03155637254901955
0.0 0.6015114379084967 0.2124693627450981 0.05678104575163401 0.03829656862745101
0.0 0.5551470588235294 0.18918504901960786 0.031045751633986818 0.007046568627451011
0.0 0.5755718954248366 0.0848651960784314 0.08823529411764708 0.03676470588235292
0.0 0.6227532679738563 0.044117647058823484 0.05024509803921562 0.023897058823529438
