0.0 0.007688492063492063 0.4718915343915344 0.015376984126984126 0.07539682539682535
0.0 0.029389880952380952 0.47470238095238093 0.044394841269841265 0.0849867724867725
0.0 0.059771825396825407 0.5067791005291006 0.02430555555555556 0.027447089947089998
0.0 0.07514880952380952 0.4460978835978836 0.04712301587301587 0.07341269841269843
0.0 0.12958829365079366 0.41964285714285715 0.0577876984126984 0.05886243386243384
0.0 0.2537202380952381 0.5724206349206349 0.02529761904761907 0.04960317460317465
0.0 0.3000992063492064 0.5109126984126984 0.047619047619047616 0.07407407407407401
0.0 0.33221726190476186 0.42857142857142855 0.03149801587301587 0.04034391534391535
0.0 0.3687996031746032 0.4806547619047619 0.026289682539682557 0.05787037037037035
0.0 0.3865327380952381 0.412037037037037 0.046875 0.09788359788359785
0.0 0.4006696428571429 0.46808862433862436 0.027033730158730174 0.043320105820105814
0.0 0.4228670634920635 0.4525462962962963 0.03273809523809523 0.07705026455026454
0.0 0.46403769841269843 0.4292328042328042 0.055059523809523836 0.060185185185185175
0.0 0.5455109126984127 0.34077380952380953 0.02256944444444442 0.03670634920634919
0.0 0.5411706349206349 0.5421626984126984 0.015873015873015817 0.03736772486772488
0.0 0.5192212301587301 0.5729166666666666 0.02852182539682535 0.07043650793650791
0.0 0.4897073412698413 0.5912698412698412 0.042410714285714246 0.08399470899470896
0.0 0.6223958333333335 0.4216269841269841 0.03645833333333337 0.08134920634920634
0.0 0.6711309523809523 0.4451058201058201 0.03968253968253965 0.07870370370370372
0.0 0.6392609126984128 0.45205026455026454 0.03447420634920639 0.07208994708994709
0.0 0.6555059523809523 0.36706349206349204 0.02529761904761907 0.042328042328042326
1.0 0.8185416666666667 0.36836309523809524 0.03667162698412696 0.04747685185185191
