0.0 0.9272995271710551 0.5326815902924649 0.03707966054869749 0.06518647047920045
0.0 0.9937253303063636 0.5662602844202463 0.012549339387272873 0.06726886480909733
0.0 0.9762433651481895 0.5647313499329836 0.02163231417132727 0.021268236322486644
0.0 0.8405008836338015 0.4728142014212824 0.05084951241480706 0.07291263005455417
0.0 0.8042093576117746 0.46096048943106843 0.027044411010964442 0.04750558611581257
0.0 0.7804338785053486 0.5450333293974858 0.03693202522368333 0.04246600852606208
0.0 0.8137292883990914 0.5788601510805651 0.051162785056819815 0.07781328359196005
0.0 0.7509794993394647 0.5252476930758818 0.030293126421514383 0.04398245353792507
0.0 0.692641315833689 0.4950968045469099 0.03624318735016874 0.06638883323417966
0.0 0.6890433237971574 0.5777102881428698 0.03484084222736139 0.045471915413510144
0.0 0.5236767777255327 0.5392457030036635 0.0472494011086847 0.0819096123183205
0.0 0.3032934620312968 0.5943924115082446 0.050259471154599444 0.07414297803855019
0.0 0.1146973423034604 0.5788674285557187 0.04432417375844644 0.05400864453760923
0.0 0.07833710632807561 0.5367355074574822 0.017733693755693558 0.027636611244160947
0.0 0.3645858999124645 0.5626373460906702 0.01593323329519697 0.037486641946567145
1.0 0.13628953206212713 0.5200567756035539 0.0433186921604547 0.05145219130355605
