0.0 0.13622174372585077 0.7562140447910324 0.02197663237234071 0.022030726055657812
0.0 0.09888291053049517 0.6875866385409752 0.06018346117650425 0.058823906602469056
0.0 0.14152285715108381 0.68357063064092 0.04463830894360998 0.0439278785693793
0.0 0.13406630738897957 0.6288108801977276 0.03693471632025136 0.037403528242332396
0.0 0.33199774450974456 0.5303359223387685 0.021329150109746786 0.021906149398462138
0.0 0.34889338320372315 0.504085829108571 0.039736094292262436 0.040006562708847615
0.0 0.3229143131750209 0.5101371539840082 0.031500989089735976 0.03103578341320934
0.0 0.15098426944521467 0.7749423196980931 0.02624279078173225 0.026257215763950126
0.0 0.5081052599093242 0.3944077884974653 0.06483416829414618 0.06498202436187944
0.0 0.5483688294775653 0.36936339585040956 0.05839369126995919 0.059179852800833765
0.0 0.5750794687563525 0.3704851706316265 0.0405060464472875 0.040560140130604494
0.0 0.5668966353852201 0.33709400658550337 0.033882685553058955 0.03372761699421678
0.0 0.6227808746583683 0.31297440223853806 0.06700520303451984 0.06810510792863322
0.0 0.6444419418155471 0.30391118012456153 0.023305874959441475 0.023569130884917855
0.0 0.6635078280512132 0.2534966031218261 0.049653996602648576 0.04961072165599484
0.0 0.6843062865503974 0.22776056106870723 0.027074798851578263 0.02663844313948749
0.0 0.7210205908341915 0.1829467757016501 0.046144722390433435 0.046281759721503224
0.0 0.7422684766916878 0.2236658755494926 0.03226358629723114 0.03214818643948819
0.0 0.7751453347294377 0.1062687151397359 0.03961362439983107 0.03957756194428641
0.0 0.7957820856927262 0.13697554300880183 0.037681816434000925 0.037097604654176886
0.0 0.7100326007075265 0.29106733822574216 0.0310584555397726 0.030265081517789172
1.0 0.4544580810547222 0.5788912212385071 0.0488611924063479 0.048197643224325515
