0.0 0.016904702614001385 0.6805337718016364 0.03380940522800277 0.056868444969478626
0.0 0.11100612234022292 0.649316837264416 0.043651523244087165 0.07297296700250822
0.0 0.17903320790454297 0.5753588418616384 0.04973046705070666 0.09424352233856048
0.0 0.24419743848353448 0.6017055506035782 0.05385657547374009 0.10090156601649924
0.0 0.3220915359658224 0.5370932349026776 0.04654594143366375 0.05495850050641404
0.0 0.3391859882853543 0.4940183634048427 0.044184185994501135 0.05798731690027614
0.0 0.4024514676761898 0.4944059696234741 0.010389433755227273 0.012512992356115693
0.0 0.4746194180471319 0.46106384064458794 0.030755280335964308 0.034839046876134205
0.0 0.5550621287997182 0.48665225003079504 0.061016419085164864 0.11631061803906761
0.0 0.5937537033371507 0.456062776935653 0.053999164154109436 0.09075306301564018
0.0 0.6374592882322725 0.3682598577818956 0.016032409772456346 0.023546540206369204
0.0 0.6403963284596403 0.40294155959407163 0.02744784121667021 0.050153583180015726
0.0 0.6605814797926508 0.4274848620591286 0.024809916813241517 0.038449697057409415
0.0 0.7152144945842365 0.3753123340145524 0.06784846329805938 0.10002854363459945
0.0 0.7545895223007344 0.3608022512143315 0.04632960465194369 0.09786673838888987
0.0 0.7674271542707953 0.2869975084555196 0.03629172380311052 0.048869724746834264
