0.0 0.9099488013049526 0.5371824941373788 0.041301136844140385 0.05808559157635451
0.0 0.8133467244680115 0.5224994387841344 0.05253804247100902 0.074449385194154
0.0 0.7208196483287919 0.5570038746401684 0.06175169596078656 0.09501543352099284
0.0 0.6754611687078398 0.504907696925849 0.06667686443211229 0.1018326677984952
0.0 0.5784509141469872 0.5268312670938795 0.05211865572507035 0.058405196952045046
0.0 0.5442957345252658 0.5569571752358442 0.05046768825252923 0.060782498615235325
0.0 0.4890424738313952 0.5284487542317855 0.011675289988500148 0.01326218389045486
0.0 0.41097179890247465 0.525526587351827 0.03418557151914048 0.03723729056136116
0.0 0.3518904636379961 0.46729202623064514 0.07588178159128456 0.11720205742295331
0.0 0.3043735040152708 0.4768636015994223 0.06507452399544167 0.09253999537542845
0.0 0.22698966452957658 0.5343264527415805 0.018740332803748955 0.02435549584143515
0.0 0.23985854001329412 0.502634674439848 0.03376465981871973 0.05073221769346703
0.0 0.23310252537633522 0.4721452886498562 0.02934397540610617 0.039536717007123356
0.0 0.16200971521631052 0.49352752324365134 0.0793732792970043 0.10342082534970376
0.0 0.12105331435012212 0.4887079039693552 0.05924827328291837 0.09776096759574415
0.0 0.07694504255206619 0.5476510867531914 0.041664685178085414 0.05106397982812527
