0.0 0.022333333333333334 0.591625 0.01666666666666667 0.013249999999999984
0.0 0.094 0.573375 0.04133333333333333 0.022750000000000048
0.0 0.16033333333333333 0.5975 0.025999999999999995 0.014000000000000012
0.0 0.17616666666666667 0.563375 0.03366666666666668 0.024249999999999994
0.0 0.21150000000000002 0.594875 0.03900000000000001 0.037250000000000005
0.0 0.22116666666666668 0.5705 0.037666666666666654 0.033499999999999974
0.0 0.24133333333333334 0.564125 0.02200000000000002 0.01375000000000004
0.0 0.24166666666666664 0.5265 0.021999999999999992 0.020000000000000018
0.0 0.4063333333333333 0.5278749999999999 0.010666666666666658 0.014249999999999985
0.0 0.39616666666666667 0.5703750000000001 0.019666666666666666 0.019750000000000045
0.0 0.372 0.5818749999999999 0.010666666666666658 0.00824999999999998
0.0 0.4733333333333334 0.57875 0.02466666666666667 0.0665
0.0 0.5554999999999999 0.566375 0.04566666666666663 0.053749999999999964
0.0 0.617 0.630125 0.03200000000000003 0.019750000000000045
0.0 0.7338333333333333 0.5715 0.01966666666666672 0.030000000000000027
0.0 0.8048333333333333 0.567 0.011666666666666714 0.014000000000000012
0.0 0.9828333333333332 0.562 0.03366666666666662 0.05300000000000005
0.0 0.7795000000000001 0.618375 0.015000000000000013 0.00924999999999998
