0.0 0.12227182539682538 0.5193452380952381 0.02827380952380952 0.034060846560846514
0.0 0.15438988095238096 0.45601851851851855 0.03596230158730157 0.08664021164021163
0.0 0.19035218253968253 0.449404761904762 0.03447420634920634 0.06944444444444448
0.0 0.39893353174603174 0.421792328042328 0.02901785714285715 0.07175925925925924
0.0 0.46924603174603174 0.38277116402116407 0.017361111111111105 0.04464285714285715
0.0 0.472842261904762 0.4290674603174603 0.029513888888888895 0.043320105820105814
0.0 0.36321924603174605 0.3804563492063492 0.042906746031746046 0.0896164021164021
0.0 0.3291170634920635 0.4085648148148149 0.02132936507936506 0.0406746031746032
0.0 0.365203373015873 0.4708994708994708 0.05034722222222221 0.0939153439153439
0.0 0.6216517857142857 0.47470238095238093 0.012648809523809534 0.03472222222222221
0.0 0.6357886904761905 0.4914021164021164 0.014136904761904767 0.031084656084656048
0.0 0.6759672619047619 0.5216600529100529 0.012648809523809534 0.027447089947089998
0.0 0.7559523809523809 0.47602513227513227 0.019345238095238138 0.02876984126984128
0.0 0.6613343253968254 0.45205026455026454 0.015128968253968256 0.02380952380952378
0.0 0.6879960317460319 0.44130291005291006 0.017857142857142905 0.013558201058201047
