0.0 0.3983114917835425 0.5548676855873425 0.03723789497935687 0.05963600206823583
0.0 0.4594105063621591 0.5687974075383765 0.03734203864983837 0.0331277606609901
0.0 0.669897945265865 0.6189276186266878 0.033652978162445946 0.07002063636250733
0.0 0.770432136751609 0.6042072639330074 0.021768811320398873 0.03050953603801021
0.0 0.811211569904214 0.6643095753008096 0.019875267212495218 0.032049848069168
0.0 0.8264396468200486 0.6411609811846104 0.023755577914601478 0.04256374449446154
0.0 0.8453578761443841 0.6717204048867947 0.023051210617949458 0.03920594290853452
0.0 0.9236131098845974 0.6166290005054487 0.026735640491678647 0.03446181680456717
0.0 0.7131405674287624 0.5342700100027646 0.019816817492507965 0.027074740695524624
0.0 0.707595793570811 0.5519784981457041 0.02222050802554343 0.03782894502127776
