0.0 0.9842805800033789 0.6626140953867554 0.03143883999324215 0.06827110019976501
0.0 0.7727006642341738 0.5554554991347506 0.05858274189703039 0.08042734733958778
0.0 0.6469956216207607 0.5937070133173634 0.06441428584777698 0.08515664055699423
0.0 0.6461142694620947 0.6445158687354754 0.04747369873459262 0.060099479861942307
0.0 0.5538184303883987 0.5927474300820155 0.054456667645898404 0.08381661899759263
0.0 0.5326988981402896 0.6049488573509302 0.06703536719146808 0.09849961539772023
0.0 0.4679671295194206 0.629300576103334 0.05063313095674571 0.07167609950232845
0.0 0.43281436191621103 0.6684011816580018 0.037028760039154784 0.040335512239174975
0.0 0.4290534171677217 0.6038931121389082 0.08017600908233713 0.11655028328255879
0.0 0.4063099186500389 0.6443083820469966 0.03678515046832287 0.04991195465628173
0.0 0.4160965148391858 0.6772396978729196 0.009340696668553972 0.011044175074624962
0.0 0.37105018603003587 0.6217072596738821 0.0641038506795536 0.08644947918271995
0.0 0.1919610835604265 0.666719930089906 0.05390652103401783 0.0830159608554073
0.0 0.10856305046575963 0.6741123600161854 0.055254321955785696 0.06337089553765318
0.0 0.02761691692481008 0.6513953881752517 0.05523383384962016 0.08592689876518855
0.0 0.029319275968429384 0.7533767352055891 0.029447960651316635 0.07239443138137025
0.0 0.0052175134284948715 0.6697875654997885 0.010435026856989743 0.06516458537367309
0.0 0.34598849831178796 0.7273564888303439 0.021495003190780904 0.02725676838778568
