0.0 0.023932891516229907 0.3731024356823027 0.014102434133067575 0.02674594705705613
0.0 0.05481506935912139 0.35057196931133533 0.03392183157231111 0.05017777676029633
0.0 0.03553605353375071 0.48716931341069386 0.020374471443364996 0.020073435421365082
0.0 0.16590240538833562 0.28792403124955607 0.01615724602354998 0.026693506793540434
0.0 0.18190490854101155 0.26344181167120306 0.019918835742637225 0.02413334005063339
0.0 0.12828637386260414 0.4272165591238656 0.02121338973587905 0.020536058686379643
0.0 0.16031561118145146 0.4087507652257953 0.053989824770038886 0.07536338233201934
0.0 0.15449246291642538 0.4485187013765416 0.023794334386906396 0.020558197150409407
0.0 0.09156262331018575 0.4329544077290742 0.02147014882981968 0.015073133362325186
0.0 0.10967215717363579 0.5043370497003836 0.020494687654878885 0.024558673951875054
0.0 0.09654612589801426 0.45760263860300926 0.02202967407114842 0.02993186964864114
0.0 0.051939828886930134 0.4719639821348405 0.01107587316589341 0.010850096149393584
0.0 0.3153755131251974 0.4188811999255474 0.017526748313816343 0.045447839354290975
0.0 0.3045348780880742 0.4751290736209489 0.03437301603583154 0.027900741562837394
0.0 0.4118081163318522 0.5144133797756358 0.026453939433207063 0.01749811777871535
0.0 0.43713127568812665 0.5437448756641416 0.04159676365365894 0.07704375524412654
0.0 0.47320953249818554 0.4272809972492984 0.023616235688239284 0.022938904638739932
0.0 0.7568012785308473 0.5901938871237553 0.044086433336749 0.06914768216822631
0.0 0.700984569936836 0.6215674370546989 0.010321922554984875 0.012805469736482444
0.0 0.6819471376159344 0.6207937486672581 0.009348317429168418 0.009574094445668146
0.0 0.4226321097321625 0.755668409686287 0.012768180372709714 0.010058856174712139
0.0 0.4285867947977918 0.7660945003652047 0.004378997447569144 0.005432623524568081
0.0 0.40911805269389667 0.7516071870744973 0.005630139575446169 0.006984801674444929
