0.0 0.021599264705882353 0.4564950980392156 0.043198529411764705 0.08047385620915032
0.0 0.06969975490196079 0.4481209150326797 0.029105392156862753 0.08333333333333331
0.0 0.09895833333333333 0.47017973856209144 0.036151960784313736 0.10947712418300648
0.0 0.11381740196078433 0.403390522875817 0.034007352941176475 0.04942810457516339
0.0 0.1875 0.3792892156862745 0.045343137254901966 0.05514705882352944
0.0 0.20389093137254902 0.5298202614379085 0.03339460784313725 0.10457516339869283
0.0 0.40088848039215685 0.5345179738562091 0.016237745098039214 0.008578431372548989
0.0 0.4381127450980392 0.4728349673202614 0.08517156862745101 0.09763071895424841
0.0 0.4728860294117647 0.40379901960784315 0.014399509803921573 0.028186274509803932
0.0 0.5528492647058824 0.42524509803921573 0.03462009803921573 0.1062091503267974
0.0 0.604626225490196 0.3488562091503268 0.027267156862745057 0.06781045751633985
0.0 0.6420036764705882 0.4285130718954248 0.040747549019607865 0.09722222222222221
0.0 0.7055759803921569 0.38235294117647056 0.03799019607843135 0.04656862745098039
0.0 0.7135416666666666 0.3372140522875817 0.026348039215686292 0.03472222222222221
0.0 0.7599571078431373 0.41217320261437906 0.051164215686274495 0.09150326797385622
0.0 0.7392769607843137 0.47344771241830064 0.05024509803921573 0.07679738562091498
0.0 0.8068321078431373 0.42810457516339867 0.04381127450980393 0.06617647058823528
0.0 0.8141850490196079 0.37602124183006536 0.021752450980392135 0.03799019607843135
0.0 0.8106617647058825 0.502859477124183 0.023284313725490224 0.03431372549019612
0.0 0.8722426470588235 0.32781862745098045 0.028799019607843146 0.045343137254901966
0.0 0.9237132352941176 0.39419934640522875 0.03492647058823528 0.06209150326797386
0.0 0.9583333333333334 0.4170751633986928 0.028799019607843146 0.03349673202614378
