0.0 0.5610029080197387 0.08455780104440741 0.04522544707231946 0.023398004696326358
0.0 0.4965998798419903 0.15505306708314162 0.024661941664620934 0.03561422723844071
0.0 0.4597367363209527 0.17663828403303228 0.039390872080838635 0.03977651593907172
0.0 0.5448915032714532 0.14626579454263486 0.053942267750465955 0.03111215134306705
0.0 0.510018076643238 0.23148259208844946 0.038899453565771624 0.027175880275485564
0.0 0.5118836161094796 0.27919950005882244 0.05393476709394657 0.046144761157638214
0.0 0.5172316955329381 0.3956159468389206 0.07148004603730385 0.032992788985641064
0.0 0.5388917687871468 0.46761101809348177 0.06580579501411032 0.031637749174658336
0.0 0.5846967331455601 0.5606877936781957 0.049104794613736846 0.022418239624006908
0.0 0.47752884879082913 0.4888445670068995 0.023824427289735273 0.02274462448668263
0.0 0.5564333652883972 0.5850695221539538 0.07551221689048915 0.02931208267416463
0.0 0.4847571007493575 0.6934909743574094 0.05634059557858406 0.02757156375439518
0.0 0.5108727729829807 0.7453956819537217 0.023051705341743833 0.02096922850728511
0.0 0.46826701980570107 0.7661101064500704 0.052565753211922084 0.025107910505725806
0.0 0.49781592536284874 0.8034500790467527 0.03407808647471311 0.01872946091703609
0.0 0.6850696683755273 0.018939430136687696 0.035349727594291225 0.018072882745448493
0.0 0.5810272970278265 0.20714868750136403 0.05257399035686283 0.030283775350989972
1.0 0.37708897417200266 0.8895990089930758 0.04962144263542545 0.04267753932408036
