0.0 0.9281643116471934 0.2613803463703316 0.03153452808838697 0.03340168006512684
0.0 0.9267073238029832 0.2883421648727468 0.022942783918598275 0.02122702264267501
0.0 0.9072283071761532 0.3120107855724429 0.04839802453363773 0.04587484618669185
0.0 0.8899095372076521 0.2910862082199602 0.03222383412897467 0.030844496632644325
0.0 0.7067495709875726 0.39781733049723855 0.05369780048302397 0.051342834025874695
0.0 0.6201912369022191 0.40185503970212616 0.029374241535854106 0.029189208457078064
0.0 0.6502677222688339 0.46431526870743667 0.04378328192231895 0.04642420859212226
0.0 0.6157107343403303 0.4544424603587055 0.023273484165361236 0.021995073802908827
0.0 0.6142387255469592 0.4954582740391944 0.07761335159602656 0.07214646517764395
0.0 0.6471475930140018 0.5137093305724426 0.052991297247811264 0.046885205648202366
0.0 0.559356650126901 0.5136787978050272 0.03927158949807008 0.037421258710309824
0.0 0.8046289678580045 0.37785809813189175 0.018392450998715337 0.017097219447283096
