0.0 0.07637347436081593 0.8117005860000164 0.046953720787588304 0.05731581037099076
0.0 0.1656637050166291 0.7975246399052321 0.03790282786575777 0.04746415744419985
0.0 0.18628422904357306 0.7729719678539633 0.045482480182410745 0.057917735414488636
0.0 0.18747626586644123 0.7283401909610541 0.047892367207043596 0.05739842898445413
0.0 0.2655030037155784 0.6942843727776083 0.09850936590250825 0.10000159653035756
0.0 0.28835950009853034 0.6196440805882971 0.09451486328659975 0.11999331956210146
0.0 0.34142176183643935 0.650249290564515 0.0677966246623759 0.09261186732550009
0.0 0.49598703618262563 0.5537252051939261 0.05618417876251974 0.07906504838954287
0.0 0.5367159316377846 0.5899343470215934 0.03357812123123183 0.03462820945082956
0.0 0.5749414223034593 0.6114030848059806 0.04367772857872354 0.05550503799945539
0.0 0.5947974067853045 0.5464178014103513 0.017205501567705506 0.022787549471882773
0.0 0.6051176130607552 0.542808461870475 0.011311400283547712 0.01341157672274318
0.0 0.6198699489500691 0.5557519893036393 0.018226316893658945 0.026129612441157413
0.0 0.6381881928577328 0.5739723252160778 0.0262277374919766 0.03645228068279627
0.0 0.597260814388834 0.5229332619622006 0.022326321233280044 0.021884178825028355
0.0 0.6745532857548868 0.48155973698846516 0.064853379255708 0.08392077061156067
0.0 0.7208190506693531 0.4472565760084213 0.03892212109754678 0.05240746454922218
0.0 0.7867599661452586 0.46629872088623137 0.05005015424181347 0.06862013538838302
0.0 0.8489851112087761 0.4907843305453578 0.04278068010645519 0.04869433481682128
0.0 0.8704429045974508 0.4657345577241728 0.05318742144691302 0.06330142903566971
0.0 0.9039283957537543 0.36048354576596964 0.07604862315639238 0.09279476686892396
0.0 0.9746221548457503 0.40975679180914604 0.023646660081377835 0.026962728143265058
0.0 0.6553223629621588 0.6134788165716002 0.026715194435894984 0.030583940508096985
0.0 0.3800860148700947 0.6166623818877797 0.02881946956172632 0.034733124272092186
