0.0 0.038318452380952384 0.3804563492063492 0.021577380952380956 0.049272486772486745
0.0 0.053695436507936505 0.47205687830687826 0.019593253968253968 0.02943121693121692
0.0 0.05133928571428571 0.5059523809523809 0.0128968253968254 0.020502645502645522
0.0 0.10305059523809523 0.48131613756613756 0.034970238095238096 0.057870370370370405
0.0 0.1080109126984127 0.4388227513227513 0.018105158730158735 0.01785714285714285
0.0 0.08568948412698413 0.3602843915343915 0.011656746031746032 0.02149470899470901
0.0 0.09474206349206349 0.39550264550264547 0.01438492063492064 0.015873015873015872
0.0 0.18291170634920634 0.4298941798941799 0.01909722222222221 0.037698412698412676
0.0 0.2585565476190476 0.3751653439153439 0.015128968253968256 0.038690476190476164
0.0 0.25520833333333326 0.46081349206349204 0.054563492063492036 0.11937830687830686
0.0 0.3091517857142857 0.47883597883597884 0.031001984126984128 0.05753968253968256
0.0 0.2904265873015873 0.4783399470899471 0.028273809523809534 0.02414021164021163
0.0 0.34598214285714285 0.4537037037037037 0.023809523809523836 0.042328042328042326
0.0 0.328249007936508 0.41848544973544965 0.024057539682539708 0.03339947089947087
0.0 0.5215773809523809 0.49437830687830686 0.0357142857142857 0.04960317460317465
0.0 0.6121031746031746 0.4661044973544973 0.031746031746031744 0.09623015873015878
0.0 0.6429811507936507 0.4275793650793651 0.030009920634920584 0.07341269841269843
