0.0 0.46811675464251656 0.9171038589802535 0.07130633569991501 0.028083625017915725
0.0 0.4645417651206377 0.8881874643618521 0.0629064881010547 0.036232698956428444
0.0 0.4714100279687679 0.8598625348955221 0.022392698197469363 0.01890136453979574
0.0 0.49414955847723485 0.8455831769786616 0.03184266711884076 0.019064385931755634
0.0 0.5439159770540971 0.8277133356357987 0.07700315398151159 0.040693283941706015
0.0 0.42382745888213635 0.7658639603261894 0.03851046714091938 0.01874951863848684
0.0 0.46253462645725807 0.7611238323269938 0.06457028099664336 0.0445998524747504
0.0 0.4550060872168709 0.714370870602052 0.046454922330760096 0.05301862960718651
0.0 0.4321186229837194 0.7234273097104327 0.011264022600298462 0.016989809798883093
0.0 0.41977623226209027 0.6718423821980133 0.061106767022709396 0.036527778072687034
0.0 0.4928120285175694 0.6509704390790505 0.07723026900639185 0.043224679180651204
0.0 0.4060539632850565 0.632173425692681 0.01412017922101666 0.008115085329818084
0.0 0.43127268340569735 0.6195061612396833 0.018601701616552946 0.010571634203903613
0.0 0.4595744335373756 0.6171879722075945 0.01954572231672924 0.014308721830218918
0.0 0.43812035216612644 0.5811074472916937 0.03908571159322599 0.021768696651164876
0.0 0.4883339251658787 0.5960405272184122 0.029184379142210115 0.019967258285951917
0.0 0.4630948218885072 0.5574201384861106 0.03188682727984449 0.0229490131161999
0.0 0.4391700922254028 0.5316525306889708 0.04571795101464998 0.027842322687361087
0.0 0.5091760466798865 0.5290313221873643 0.028709502272005583 0.014674340968157784
0.0 0.5508352877165127 0.5738743063176649 0.01707038920397541 0.013858362238915678
0.0 0.5561588668748871 0.4871785391810546 0.02253149290034251 0.013663505409851506
0.0 0.5702238541428578 0.4595005434219598 0.05246547179838701 0.025023589249072387
0.0 0.5746976658796903 0.34448066755364765 0.0600566457001982 0.028215682742214976
0.0 0.4828060925782567 0.25228749990930993 0.05515013963569387 0.031199590744052985
0.0 0.5338216437919611 0.22052185556430834 0.046021920281072326 0.0244454782766495
0.0 0.5164709861520358 0.1645505631059493 0.10823846374713686 0.042810871002333634
0.0 0.537521041563928 0.1450254822581093 0.059791103554546754 0.02864840732809834
0.0 0.534947739230023 0.043148673913112695 0.05234445739584126 0.02706720171428438
0.0 0.5023207966118505 0.03176458433516534 0.01643607081045384 0.013573177211161726
0.0 0.5367905372548776 0.0072317951681578375 0.02404500541487853 0.013496907369394108
0.0 0.6878752673346707 0.36472645224055755 0.030473662749696206 0.0207677551813637
