0.0 0.8161415984134156 0.6026741754176197 0.08544845358959852 0.11063921044371394
0.0 0.9870161298744408 0.5241889102978089 0.025967740251118476 0.02849700336368266
0.0 0.9233847303411437 0.47942464769273546 0.04974452075340907 0.032636044201433734
0.0 0.6915930657080227 0.5151017881869525 0.07368227374900316 0.07326931052188651
0.0 0.8959950171037682 0.5054903133853693 0.025575384741921114 0.016254214758431196
0.0 0.8871465757426207 0.5390227122495664 0.02032955656615909 0.03319041135350598
0.0 0.6142330853322078 0.5827391000087887 0.03966939662448066 0.057780783870882146
0.0 0.6408235249536935 0.509232795799458 0.0502310783186668 0.06155806969100919
0.0 0.4929899298969021 0.5478629226240246 0.029756387027326414 0.03435797727234058
0.0 0.4622154844229504 0.5547943125728194 0.0443042966091064 0.04200350148659926
0.0 0.49137486723196167 0.5892476256474766 0.023170172741812045 0.01573683465371245
0.0 0.4299570604420916 0.5152427883874725 0.045816422441742166 0.027705035195340733
0.0 0.34971935412854793 0.5440960567075469 0.042257487255666526 0.03382123847314067
0.0 0.26136534067913575 0.5165289392266187 0.04681576414068883 0.035016814794498974
0.0 0.2660885500960509 0.5537023049712771 0.038397900569577315 0.03987276923785088
0.0 0.21819117075826186 0.5417252208504542 0.061830602476236785 0.06749409816240781
0.0 0.18494509529074657 0.5520142231264434 0.04551652780027032 0.04097393230198709
0.0 0.1522911798419438 0.6232496689192614 0.055138511088520095 0.06304380715046753
0.0 0.20951992212372159 0.589868559886829 0.020823090317629467 0.014156683937032288
0.0 0.2212146509553402 0.6109936400871333 0.013423061969141448 0.010414329885862994
0.0 0.2705780318719694 0.5917999331689824 0.02126925497209531 0.014897822325152799
