0.0 0.8561422417051936 0.6546733654199465 0.04373910403622894 0.06513775812312761
0.0 0.9085103108590049 0.7100912606332356 0.03472103394540582 0.06548852881128298
0.0 0.8875328852183811 0.7000216383722565 0.022975465464447398 0.022698280826016104
0.0 0.8015469987687401 0.5716050937938295 0.0574825194544617 0.07427990854340016
0.0 0.7740482142893567 0.5483841064479692 0.031895656677913165 0.04747343335775378
0.0 0.7234732809297212 0.6133940897667068 0.040158654509246494 0.044371861013402736
0.0 0.7405647057310886 0.6547467720125482 0.05851173974892876 0.07880165528210215
0.0 0.7047590011272702 0.5856684154207679 0.034327395735504584 0.04474953814052207
0.0 0.6644890102740303 0.5386482341247363 0.04315775782171527 0.06610864588382892
0.0 0.6320568751714833 0.6095370316946542 0.038705288972961105 0.046799080415156014
0.0 0.5012431124348858 0.5173095750502992 0.055560094112731384 0.08194807169139362
0.0 0.2891828730294248 0.48734804271044535 0.05713040671129738 0.07531371899239259
0.0 0.12994479773430445 0.4069230976216055 0.04865808957778486 0.05603120096005815
0.0 0.11312062414722222 0.35722917490834005 0.020381864780947917 0.027921286946280044
0.0 0.3539811755267874 0.481339610032877 0.02023186757410722 0.03664119816924194
1.0 0.16965630353396874 0.36320605312609544 0.047352399381576926 0.05354470420413271
