0.0 0.06036106883597628 0.49674880415858075 0.02746040043125525 0.02071499207242844
0.0 0.0569862674493809 0.45218175549353967 0.09236134749223068 0.07389664380291666
0.0 0.03922919687373372 0.45711259524784065 0.016895867350432248 0.01675959647449632
0.0 0.11776244138614972 0.4764332176704628 0.06247832054031244 0.042719043529607315
0.0 0.04294007929246238 0.33018159292108695 0.05358388891717497 0.056036764684021134
0.0 0.07063730989632516 0.33991317525153164 0.03185096202503834 0.040844839836807534
0.0 0.18280130595462402 0.4434024567787107 0.021782649986452518 0.017353846518535887
0.0 0.21956239731145807 0.4101227247330304 0.03666546086972061 0.054108132989515445
0.0 0.2345526239808115 0.3800491509428652 0.02633775796150528 0.047800420921409015
0.0 0.31314431861068814 0.36601001737574906 0.039515616440633006 0.04837322337646632
0.0 0.2993882183739188 0.39638031167330895 0.03212982674280074 0.038738964225691785
0.0 0.34757835678784826 0.40730828628394755 0.044199914900039716 0.04965074993747565
0.0 0.34702882085194514 0.4358063994618336 0.010461495092841111 0.008962515457546227
0.0 0.41307137928034265 0.4344325651646409 0.028908543864194336 0.02359397970269428
0.0 0.441259190752187 0.4272153697656126 0.04097144842273309 0.05316769181899589
0.0 0.4792528651171606 0.41008328040015185 0.032198518734788684 0.03540088431928229
0.0 0.4610193283957016 0.3814919923959657 0.05107360150685192 0.05441223796728145
0.0 0.3937621459559151 0.3172610649913169 0.020953744382326056 0.025586954164146636
0.0 0.5347301330390439 0.37551327542584545 0.039182931878743776 0.037070733301737324
0.0 0.7447464295774391 0.3796351994597442 0.02719691281181469 0.02665182930807114
0.0 0.7682625138876022 0.3380897838703548 0.03010088822685386 0.0343252853808666
0.0 0.8053262930353731 0.34127834158275056 0.029286854770588566 0.025811947434223215
0.0 0.902684644750306 0.36093857969073184 0.038243299737474645 0.04839547999469884
0.0 0.9283501310376253 0.32802972247751516 0.044207603449200716 0.051566230749739095
0.0 0.9554537427855245 0.36005347875828675 0.03542339341274514 0.04121490564002084
0.0 0.9306948335926948 0.35565375982495395 0.016104899541649842 0.013992700964643445
0.0 0.5483773026383454 0.34351309251430034 0.030601206018901927 0.026036131675049368
0.0 0.557498293986501 0.3751803383887258 0.02216455269219686 0.010240851047805866
0.0 0.12678710196762497 0.39056840781896646 0.00950238910343909 0.005209856511458333
