0.0 0.09630114552343147 0.2393357537838132 0.027397691189732065 0.028547078086631095
0.0 0.09743708917084629 0.228273748123325 0.03922092968501517 0.04258951743669609
0.0 0.12320222678408702 0.21758762804923223 0.020218289912166065 0.021915845944509182
0.0 0.14687562874631677 0.2158287070973547 0.025367406471046516 0.026012831420843652
0.0 0.16129706607494973 0.22559776228166992 0.04031787911283885 0.04254592140528918
0.0 0.38485649717195314 0.5392312608027026 0.048867608148824404 0.05272247497227023
0.0 0.5935730829746197 0.6680675490350858 0.05319132013967076 0.05729374721783331
0.0 0.49434727184202387 0.7896215621419492 0.020791321915390792 0.02017242127859875
0.0 0.737504491782863 0.7849951723021877 0.029406970142631272 0.028761545192834026
0.0 0.6554605954203503 0.8628766393980651 0.031146537706547295 0.03170354827965993
