0.0 0.987721476493185 0.5051199825580939 0.02455704701363015 0.07632125476273488
0.0 0.9600195709747439 0.5140615316899556 0.03810330048947108 0.06717102606961173
0.0 0.9287539717025 0.5118212655305949 0.020022416289310008 0.023827092412365025
0.0 0.9095590463957182 0.4902459666687047 0.020066137835821674 0.03399125244620299
0.0 0.8817426453158186 0.4406444398992625 0.04270567226938382 0.08227430394915619
0.0 0.8375298791628554 0.5790294384468946 0.019634500843664693 0.04116896770015632
0.0 0.8256088811310218 0.5388194392596352 0.04708164082691668 0.06884438825079164
0.0 0.7773618252160547 0.5551308187889177 0.05639108721052355 0.04923829609918007
0.0 0.7910434854671873 0.5777931834415744 0.018120982134636088 0.011881313292826046
0.0 0.7385287874305051 0.6000708390728438 0.03844582563749077 0.06523074554379826
0.0 0.7033841528028445 0.5263236454474765 0.04542582448630306 0.08248336992485905
0.0 0.6988983321132834 0.6216898982392047 0.008533615492315905 0.015077658423970575
0.0 0.6809717248892486 0.5971979823185902 0.011113973204321392 0.019864728287347977
0.0 0.6734726459552562 0.5675930050310356 0.015121240907889355 0.02082825509247188
0.0 0.6390251840230797 0.5967736233238432 0.02287456752132111 0.04174576109167416
0.0 0.6459210772810975 0.5408558782443917 0.021074498688199994 0.031118843653065498
0.0 0.6094538302748105 0.5745033539792397 0.024244668113399426 0.0339846389884203
0.0 0.5863846137100135 0.6044677764737121 0.029316271693272777 0.04879621344331475
0.0 0.5711369402830577 0.5306838224160983 0.015386907689187157 0.03068170570386841
0.0 0.6112797887040688 0.47851237561373705 0.01467122369960916 0.01817152573281977
0.0 0.5183791275589865 0.48830585714397295 0.01438550795107374 0.02404938530363354
0.0 0.4865180070226193 0.4783172786091455 0.0261898238145849 0.056094578141797635
0.0 0.36372713956052183 0.4940563614924629 0.029518167960821573 0.06421681420308345
0.0 0.2823090213957552 0.6079386895572492 0.03279666382183871 0.05889674202599626
0.0 0.23953178312280032 0.5594870256541727 0.025657655876432206 0.04917055431691231
0.0 0.18325668675994586 0.5878578031019629 0.044548628273459345 0.11584825881951066
0.0 0.15879884633204328 0.5690086441331068 0.02998739976078224 0.0639251107784331
0.0 0.05120301477520317 0.5898814631322695 0.028390061570766956 0.055935916701685406
0.0 0.04493926015865146 0.6265141628570037 0.014373254473658226 0.017493088894563136
0.0 0.012493060029558356 0.5943491241765297 0.014759501168189249 0.02571696840258786
0.0 0.36504445957599774 0.37041060655189334 0.021917723705276282 0.032494723327369246
