0.0 0.5429649688953351 0.9218895680138305 0.056746926447230894 0.034065368556222664
0.0 0.583347939199513 0.9154328373936842 0.018272933959489146 0.014492674310987663
0.0 0.6101751567536124 0.9085235749755437 0.0839055624146553 0.04141873114780292
0.0 0.6759875024305866 0.9077983133507325 0.04615037418344348 0.03152241293489477
0.0 0.5958780583453196 0.782320375800895 0.015287958998911 0.012986931386779754
0.0 0.5554755246090123 0.708542440571684 0.07397037415041585 0.038879703065414106
0.0 0.604113762290722 0.7041188961869185 0.02885328512515306 0.014307503434180635
0.0 0.5510565908877785 0.673049303323356 0.02288628085820099 0.011792040585425378
0.0 0.4687100805914053 0.5623152855118794 0.059977159435660676 0.02118840825973367
0.0 0.5902776587653886 0.5002880975653365 0.0332037000707881 0.023013434931349663
0.0 0.5048564892122035 0.04416762781317091 0.024310633927342395 0.02891268915160483
0.0 0.46053293426122727 0.018110304837158975 0.027868603261341884 0.015541669624924315
0.0 0.4320007577596844 0.03369015090201799 0.04841949054169581 0.023847802826436948
0.0 0.46209429256621537 0.03362084242390981 0.04716451258929705 0.03524847674076009
