0.0 0.014643846535447064 0.569048721518916 0.029287693070894127 0.04811139642602602
0.0 0.09918908765053039 0.5892478082784938 0.02391537041675268 0.040246426644142685
0.0 0.12665930721113755 0.5748743071070658 0.028237876892639013 0.049477689905140565
0.0 0.1441393800832658 0.5353992697329976 0.031449934734906926 0.04768659179335244
0.0 0.22644192140335695 0.5336393287815924 0.07332599706943921 0.07587477463093939
0.0 0.2743322616132312 0.47529564785114614 0.05885313011436927 0.1023711469977614
0.0 0.31052936791630736 0.5221798606625099 0.03908887052270971 0.08147409737876832
0.0 0.48425271356529415 0.4927039057483244 0.0312860085418144 0.07036726448481712
0.0 0.5073593669591231 0.5400638240159905 0.0247351353409902 0.02652871955093483
0.0 0.5336482896702667 0.5733209858018169 0.027172155699375367 0.047373577853487725
0.0 0.5753045388377256 0.5225081260882509 0.010262223732995346 0.01979653979638496
0.0 0.5858611140295646 0.5230757781050348 0.007497306335500276 0.011084474755389317
0.0 0.5942936828028835 0.5400763605574699 0.009919410104946347 0.02341849126400286
0.0 0.6039745502803482 0.5631073219163 0.01482321702020728 0.03228706327493058
0.0 0.5861443394444762 0.5024122654275168 0.0169918950629262 0.016236701711370538
0.0 0.6704814434656095 0.4938381872066312 0.039625443521729475 0.07219315680756516
0.0 0.7244716589071412 0.4801764424392152 0.022804944109596548 0.04583834133204273
0.0 0.7764384265283318 0.5214563379799744 0.02873721423546738 0.06045533500080291
0.0 0.823080322912054 0.5662376957428026 0.029325939479617702 0.03942665055667394
0.0 0.8514821148345545 0.5517275652234632 0.035138966199825594 0.052414014116660246
0.0 0.9201353669952824 0.4699182297250434 0.049149843100571244 0.07775279129073981
0.0 0.9652345462366275 0.5399812123124297 0.016187024401165262 0.021850974537832246
0.0 0.6047681944290955 0.604738662658461 0.018229034233445796 0.02483697605955737
0.0 0.3574582690967164 0.5063630695301183 0.01883269839299767 0.028933409470053906
