0.0 0.41520919755547736 0.39883794026225344 0.06257440224859784 0.07214886324573477
0.0 0.4810296461267991 0.4145529399683244 0.04990217622920512 0.04810070970012714
0.0 0.7088063376666317 0.46661733186909493 0.06431684768797852 0.0798628366240966
0.0 0.7991183389931394 0.5289230209590059 0.03448376015137389 0.03822013517464695
0.0 0.8673321323234225 0.49021678066382124 0.03350420807523791 0.038708444714796564
0.0 0.8710133330882728 0.5199101920615773 0.0420954538665983 0.05013533226489103
0.0 0.9039383149827249 0.4993615928163385 0.03983793763642218 0.04674355933122126
0.0 0.9533815022846825 0.5901102213132036 0.04090254036151997 0.04420522899816315
0.0 0.7102149867036955 0.5692602583032871 0.03105496048162848 0.03415748617059622
0.0 0.7133099993165926 0.5494628181015776 0.03841956643094102 0.045091664686785604
