0.0 0.7424311394834882 0.24386512428991897 0.0551311793066982 0.054623325263056355
0.0 0.7219947123471718 0.2658516449783057 0.04624704634361043 0.046805685791616425
0.0 0.7462603327716683 0.330321427958599 0.029954194510869225 0.030622869001664332
0.0 0.6334234716562397 0.3142654513792271 0.0501697627995491 0.052294285548784236
0.0 0.6583388884103266 0.3899233692776244 0.018892983665572904 0.01968015743321777
0.0 0.6425051337861523 0.3580677144128977 0.049433611064885974 0.05183745353812397
0.0 0.5839361001032306 0.35505980069724197 0.039433145720256024 0.04036421146693264
0.0 0.6101640252701663 0.38827792117902044 0.03977139957786069 0.04161660260309252
0.0 0.5977149733316767 0.4545292060265136 0.045527665324656796 0.04712740556212863
0.0 0.4860396175515225 0.5125145180780488 0.03622358903505396 0.03747629567603722
0.0 0.41787619958234834 0.6107775900891973 0.044193584719586676 0.04620807242603253
0.0 0.3998355450662384 0.5796128523552367 0.016944203474385633 0.017519771390513084
0.0 0.42779436666048365 0.5872875858002177 0.03198466417096668 0.033364334322860456
0.0 0.37308962300921583 0.6769603723021467 0.03452298787470609 0.03559794560041474
