0.0 0.9500969670220519 0.4096663741062023 0.07549104196950274 0.08873605043111904
0.0 0.8848994965242347 0.457563978378162 0.05837711380212296 0.08919063089676432
0.0 0.8658159701550412 0.3827503896297525 0.047284727152893 0.07501002983938548
0.0 0.9000813660422211 0.39604056285795386 0.018786564338482692 0.031002167997382923
0.0 0.7772953138873853 0.3749277013253616 0.04087063340093122 0.06921357896905334
0.0 0.7538991386347862 0.38334530350591034 0.017307638106727308 0.024719352686284723
0.0 0.7493420061051699 0.43195714899954424 0.052902608549282526 0.0743142284457815
0.0 0.7292851826285653 0.3660051482389552 0.03931747124204976 0.04000374111052729
0.0 0.6677628485786531 0.4054476291149941 0.07206295534536711 0.11365090937510564
0.0 0.5739255438005136 0.4383211472779718 0.025001815795980376 0.041540919626288864
0.0 0.5733930064562196 0.49248640805857613 0.019371140156212552 0.025684822946205832
0.0 0.5191987844928403 0.44319406661081306 0.03284875451688707 0.0488388424524136
0.0 0.5238928410776958 0.5136041820204371 0.05798199539075255 0.08371711545866012
0.0 0.4891307610432124 0.5263450644168622 0.04948049745797839 0.09477430877749571
0.0 0.42435790167648024 0.44692705210575734 0.021189718648422617 0.02661125060939523
0.0 0.43046944280934374 0.5167763471919572 0.046329778232834906 0.08249620030160099
0.0 0.4961263878798681 0.6710627361987422 0.011701707776001657 0.016505596855344362
0.0 0.31623478247201675 0.558761454273685 0.01841278188088097 0.02266765506544166
0.0 0.27716692723129466 0.5326748775166806 0.03413481398700985 0.05540917990981331
0.0 0.016081799203675667 0.4938281537241985 0.032163598407351335 0.05685738529969503
0.0 0.02032958573133617 0.5804813091074392 0.03457260430591752 0.055160700360243564
1.0 0.20725204790078192 0.45203722507611865 0.0452570841670667 0.05396447625830958
