0.0 0.0006025249776819425 0.45364127958983647 0.001205049955363885 0.06344382531924486
0.0 0.02216143211777407 0.42902493813970444 0.04432286423554814 0.09639280434947883
0.0 0.01703821618824823 0.47053720946577543 0.03407643237649646 0.07041662318078334
0.0 0.18298549093935562 0.47631241635551974 0.026406049120992925 0.032484871274798155
0.0 0.1573044018625821 0.5270018236265918 0.030896956672704562 0.033032759051068616
0.0 0.16982459734917832 0.6118096048429245 0.056661711281428356 0.06416440168747639
0.0 0.18972768372560045 0.5370064080616384 0.068023367806686 0.1071797447433589
0.0 0.24311525556449326 0.5654445564541559 0.04633380535224918 0.06840376326201025
0.0 0.20811498135991696 0.6250860033353652 0.04808675086736361 0.07672840840285988
0.0 0.35748655325628015 0.6740539319949965 0.018144905781360743 0.022690331355827653
0.0 0.4163814593401318 0.6356784244956801 0.051636945437922854 0.06603992045099294
0.0 0.4793694683933001 0.6740737739375602 0.030778813778335357 0.04364839221206718
0.0 0.5099155180176568 0.647544119577104 0.04342342844920388 0.05021418472913042
0.0 0.5252571424062662 0.7200945417445976 0.03770641893193316 0.03546108822647365
0.0 0.5728248124603172 0.6905328996571571 0.03459335310658629 0.02555726612120035
0.0 0.636041609810084 0.6807599434892742 0.039869911068061814 0.03959609025032296
0.0 0.6355685648215531 0.7209796669457857 0.02091978749497736 0.023274646527532528
0.0 0.6454623334786533 0.7577193746992215 0.053562674940558 0.06117489367370155
0.0 0.6266842743738184 0.8029497840764391 0.016081835123469168 0.01887480746440673
0.0 0.6660141929676728 0.6947595823661032 0.012665658897583532 0.016937263654311585
0.0 0.6693764191749022 0.7160368437788642 0.017549391654176905 0.024230619607007897
0.0 0.785613087468914 0.6923277821006653 0.05920363001688955 0.10728656561185301
0.0 0.7613095940102884 0.6873521982607893 0.012556376711280404 0.022085341168596617
0.0 0.8923847451339715 0.7095246124102771 0.05829260906737166 0.0908949794258671
0.0 0.5996044791938254 0.7377113418173544 0.015479306254047254 0.016957938669837636
1.0 0.7429407495933911 0.7890598819082162 0.0582744912919424 0.06625198699594947
