0.0 0.7813660908546436 0.3206722727013366 0.023345648544990216 0.027193277458342602
0.0 0.7838341570641695 0.3055837021778588 0.024008738154168707 0.025547789719509717
0.0 0.8214143968127046 0.2681559320588156 0.027813516650220582 0.02632753582851205
0.0 0.8242342099403808 0.24584625926919979 0.014014744877539842 0.01988234194830285
0.0 0.7368601997982347 0.337322516382758 0.06452162021275964 0.07104932167955058
0.0 0.6960391917193591 0.34991627500811096 0.0780471853803616 0.0915802250066356
0.0 0.7005873406068822 0.40762374314050065 0.06461452751321817 0.06615357907855907
0.0 0.6548517886879022 0.3781008823055124 0.045687801937004724 0.05189707894200102
0.0 0.618989226411758 0.47805072376258806 0.032881343984484834 0.039488651566724486
0.0 0.6184599725859286 0.5091365626630272 0.026549744443146506 0.031193434510985718
0.0 0.51331434893418 0.5480460738873308 0.02296481707191278 0.025936778715329734
0.0 0.5034744669644975 0.4999597152202965 0.01553894487893337 0.01731681479062025
0.0 0.40616897211406 0.5093138603739098 0.02583630326458297 0.03212518638502798
0.0 0.42619307753443864 0.5637116023851071 0.014279432275445703 0.016720686482538216
0.0 0.3590503697483766 0.5315050900805807 0.020167793332423245 0.022184481590456162
0.0 0.27831127180415544 0.598211742653154 0.03004602411750834 0.035883805917077405
0.0 0.2698813034217553 0.5272457638264598 0.03696412101305069 0.042828438184436046
0.0 0.24324714002365483 0.5628340722628922 0.0220258587320131 0.0222912124501754
0.0 0.16391018115327516 0.6655195265858368 0.036927954687356934 0.04024487616438477
0.0 0.27234563979641785 0.6293711065207204 0.01872105969508675 0.016863583667951154
0.0 0.7231867048869915 0.47092169892836244 0.01794308170344705 0.018951425832463564
