0.0 0.7554027725758796 0.8116754554955916 0.08181154200766416 0.09139624144661385
0.0 0.7122453363669194 0.7972690122529259 0.03368313845303328 0.030107760203477385
0.0 0.7486730664081894 0.7634350603831268 0.03541525698060988 0.034038820283597726
0.0 0.7417019992295346 0.7901506811628176 0.02491251388781679 0.02894110909858405
0.0 0.8355593957434981 0.8596583697670002 0.023991438535937437 0.024092153416206408
0.0 0.7271617879092436 0.5764944478047661 0.023159098826066482 0.025458755258879195
0.0 0.6159738889480249 0.5609776634413627 0.09174549012541522 0.10443556503933116
0.0 0.5989082624556223 0.53510920855442 0.04000732328172474 0.04643628980557368
0.0 0.6262570117187847 0.5018529622492025 0.038460662114055855 0.04264032964522674
0.0 0.5988128720821715 0.4161913683823244 0.023684413418644135 0.022475834855414045
0.0 0.5373759066840355 0.36784071914072297 0.048739791598020554 0.05244945635460185
0.0 0.5086956800046591 0.41753793051177845 0.026216926854830513 0.025713352453484606
0.0 0.5116017706007079 0.29664309861978805 0.061153899130638734 0.06578678362302082
0.0 0.5051010021753892 0.2648448886922825 0.026126416584590584 0.027620353975250034
0.0 0.31645359821437963 0.12477163548540113 0.037699310768481875 0.034426077159733726
0.0 0.27189857645254445 0.16820352335106575 0.026788384021068756 0.029843402055900414
