0.0 0.025252353835544 0.5798359791849496 0.04883382307187817 0.04178737889260309
0.0 0.04576112036842808 0.6103957147817133 0.06327856750926547 0.03685440183698363
0.0 0.06173343140279006 0.6461601573142907 0.04012556292017472 0.04020563614948469
0.0 0.13618141986080431 0.6098660442991559 0.01863926801378052 0.017678389262061223
0.0 0.21174862230601446 0.5704876185484404 0.04131397253198593 0.03650957877338923
0.0 0.27298675263985606 0.5654594958157069 0.0649796152905246 0.029186881788979213
0.0 0.34442862713328826 0.55531926929631 0.024558077722134586 0.01591016895666053
0.0 0.7562913156724392 0.6319347918051486 0.03427519699994419 0.017780111762095596
0.0 0.8187177394135913 0.6611024814443729 0.031239023546748124 0.016665695812338233
0.0 0.7481330937442001 0.7140571641525764 0.02442650761081644 0.02114350520910868
0.0 0.9664291205097543 0.6627735108003603 0.05701984897925638 0.0470907685448233
0.0 0.8980110484576755 0.6810357893946195 0.018322597542827168 0.009434469089423358
