0.0 0.41958201723858957 0.34341676238983254 0.09208162591948654 0.03968113344374369
0.0 0.4411817798309652 0.37378021041427534 0.08517068771027009 0.044487527579797514
0.0 0.5084494196587027 0.3448957175318406 0.024833251152768854 0.02155822037303501
0.0 0.5482294842999214 0.3683194906922942 0.04611120526219292 0.03468498676401022
0.0 0.6239475141736036 0.6063157621826967 0.09118866062069952 0.04322765431304043
0.0 0.6205907969182178 0.5330599912857423 0.053193355470699255 0.02284473691183153
0.0 0.628080540957573 0.5520512758193217 0.04265132609725519 0.021400015259870675
0.0 0.5945648222853577 0.579210758812879 0.06323561208886075 0.03128586737101202
0.0 0.52739727407602 0.7549861008168346 0.05631621245549018 0.033172661612037135
0.0 0.60743494646384 0.6994344024949589 0.052870555229644456 0.0342392690160469
0.0 0.6546751401598743 0.7313687321940545 0.028006517985979973 0.020947007194109024
0.0 0.6642087088852529 0.8193970449744474 0.029199958859080777 0.017191512666723252
0.0 0.6145361716996832 0.8668699533698361 0.015307690138198327 0.01195988089669242
0.0 0.5682875051179755 0.9656577632684955 0.16980199645370336 0.0686844734630091
0.0 0.5135158933234142 0.8390681052863321 0.06508617447394704 0.02760526666143659
0.0 0.5445488586576741 0.9025545735376324 0.014170419628455111 0.016208216558067257
