0.0 0.30030989222431115 0.8515233862974982 0.025114588551645278 0.019918452635364403
0.0 0.28302638663254853 0.8257885730328911 0.056082646551747994 0.04831699287466884
0.0 0.23418959311284268 0.7925285409667561 0.10672893228875918 0.0728683982409064
0.0 0.3101917337245776 0.7943139041338017 0.06203493102338098 0.05124295642802823
0.0 0.3565320619442159 0.7663554892204172 0.05319931550168444 0.04274994327443815
0.0 0.3120322242260754 0.7387803820903194 0.06427400079485346 0.0537104277782382
0.0 0.25795854788255795 0.7200048449624584 0.02400952155729741 0.01824238169417236
0.0 0.3479097884378184 0.7207851375726614 0.06603750355130944 0.04285474330944061
0.0 0.3289561031920451 0.6858745981915488 0.048098763221166685 0.04164641862182883
0.0 0.32956640789949576 0.6671876263012749 0.03398406028920503 0.032442349632725964
0.0 0.36228685578592623 0.6670814904900477 0.04730490259560516 0.03805463865673142
0.0 0.38634335454747015 0.6801240241501357 0.009192685781191257 0.007708075519396562
0.0 0.2895234905126135 0.6410087797429027 0.06494444423180684 0.03827855991418927
0.0 0.2805498606347998 0.6523561536396323 0.025172460117198925 0.018149111571017063
0.0 0.35890871054206347 0.6248582943355736 0.03168928576085106 0.01901299814091295
0.0 0.41044605732670514 0.6455923182108753 0.03209714034414085 0.024274386272377102
0.0 0.38555317695921665 0.6017418394725398 0.0262027274380614 0.019579081654670483
0.0 0.34811362378523053 0.5772962615581019 0.05235467055232801 0.033111837543683076
0.0 0.34867695227679274 0.558201277835076 0.07740646710533317 0.049884076867449445
0.0 0.43317415642650914 0.5920140065826329 0.046986608985060074 0.047786014510641794
0.0 0.39719591392500764 0.569599407591125 0.06280202267483764 0.042988185719348704
0.0 0.42057844342698647 0.5368085621216834 0.024318561117411652 0.02905789387621749
0.0 0.39450597620070094 0.5391284705850864 0.018339507671673916 0.014285379649081165
0.0 0.4299849552076833 0.5078985189349554 0.014746956535707456 0.015203759693182772
0.0 0.46356663850067814 0.4615222630240093 0.07877687657775884 0.04851366739502361
0.0 0.42762839373962763 0.3301774351773852 0.06618710289828011 0.04334694502451775
0.0 0.5444104468333699 0.37475982849187955 0.04072528495331296 0.03404453877523739
0.0 0.5582520091475123 0.3395043897103651 0.04836902613233118 0.04351549258415671
0.0 0.5102129056180691 0.31095160249707 0.06597963198575585 0.04462408437378801
0.0 0.5109738488339737 0.24826276460423546 0.0331563434477804 0.024819685823856963
0.0 0.5662157242974615 0.21588260829512962 0.041439425472302616 0.03247466350685091
0.0 0.512842548892167 0.21607359285487687 0.05890535241184347 0.03800660795735078
0.0 0.551306655498937 0.18145257292225805 0.05822506810871697 0.04360736706950902
0.0 0.4990295965796489 0.1374134965460467 0.08525059195511686 0.06589355815710311
0.0 0.5810428114589641 0.00970846788206884 0.03393025673967354 0.01941693576413768
