0.0 0.9587053571428572 0.5183531746031746 0.06374007936507942 0.0796957671957671
0.0 0.886780753968254 0.4813161375661375 0.04588293650793651 0.08300264550264547
0.0 0.8797123015873016 0.5582010582010581 0.03670634920634919 0.07010582010582012
0.0 0.9114583333333333 0.5396825396825397 0.014384920634920584 0.02910052910052907
0.0 0.7935267857142858 0.5798611111111112 0.031001984126984072 0.06514550264550267
0.0 0.7690972222222222 0.5752314814814815 0.01388888888888884 0.022817460317460236
0.0 0.7569444444444444 0.5279431216931216 0.04265873015873023 0.06845238095238093
0.0 0.7475198412698413 0.5962301587301587 0.034226190476190466 0.03505291005291
0.0 0.6805555555555556 0.5669642857142857 0.056051587301587436 0.10615079365079372
0.0 0.5827132936507937 0.5492724867724867 0.01909722222222221 0.03902116402116407
0.0 0.5736607142857142 0.49586640211640204 0.015873015873015928 0.023478835978835932
0.0 0.5279017857142857 0.5530753968253969 0.02604166666666674 0.04530423280423279
0.0 0.521453373015873 0.48280423280423274 0.04637896825396837 0.07738095238095244
0.0 0.4851190476190476 0.4756944444444444 0.0357142857142857 0.09027777777777768
0.0 0.43365575396825395 0.564318783068783 0.017609126984126977 0.02414021164021163
0.0 0.42869543650793646 0.49437830687830686 0.03447420634920639 0.07804232804232814
0.0 0.4692460317460318 0.3316798941798942 0.009424603174603141 0.015211640211640232
0.0 0.30927579365079366 0.470899470899471 0.015376984126984072 0.020502645502645467
0.0 0.2748015873015873 0.5028108465608465 0.026289682539682557 0.05191798941798942
0.0 0.020585317460317443 0.5826719576719577 0.029265873015873023 0.05291005291005302
0.0 0.006944444444444475 0.6711309523809523 0.013392857142857095 0.01620370370370372
0.0 0.013640873015872967 0.49603174603174605 0.0267857142857143 0.051587301587301626
1.0 0.21845238095238095 0.5934490740740741 0.038085317460317514 0.04857473544973534
