0.0 0.6750956774418386 0.9117074551602209 0.03260517550198694 0.029460707350531523
0.0 0.5124474932005679 0.952738985222192 0.11569171904175396 0.09452202955561595
0.0 0.5424849502168223 0.8919081719597658 0.1400988541210792 0.11726915384338765
0.0 0.6783989563782881 0.9872935530658875 0.0446157283892632 0.025412893868225095
0.0 0.6470775882126126 0.9755975662349365 0.06229353256187031 0.048804867530126805
0.0 0.435825283601137 0.5748948412541588 0.03250083117294822 0.02978711208333573
0.0 0.5050441240474208 0.5532070198824106 0.08257687882202797 0.06564844069158882
0.0 0.5399016934127774 0.5099491943705614 0.09045706348659138 0.07619926953958023
0.0 0.599927605232295 0.49162488599407617 0.1082747280176739 0.07381480307021487
0.0 0.46172086640704135 0.49085966499275624 0.10925788667078745 0.08448981561480146
0.0 0.5040083620402142 0.45067594095117325 0.06242922490229158 0.05937090656320465
0.0 0.42131694240736584 0.4831365956838402 0.057781303052439115 0.0392590933931799
0.0 0.37820905664171883 0.4525845979442153 0.024103747634173 0.019753182109556344
0.0 0.4136652884246255 0.43280796204505534 0.07537887675091692 0.06396402661207118
0.0 0.44467779162123905 0.40629350215530907 0.042057759258604444 0.03344277802173978
0.0 0.39216160535409345 0.3473096602609179 0.018352097856658922 0.016844476140207565
0.0 0.38537824183718256 0.3335964428866153 0.02112357841637702 0.018625233857686274
0.0 0.6218779136842032 0.7764133641028271 0.033932715153599524 0.03190819456293603
