0.0 0.0285 0.2536666666666667 0.026500000000000003 0.0546666666666667
0.0 0.23099999999999998 0.37533333333333335 0.028999999999999998 0.06533333333333335
0.0 0.3545 0.3496666666666667 0.033499999999999974 0.068
0.0 0.35975 0.3011666666666667 0.026000000000000023 0.046999999999999986
0.0 0.4435 0.3586666666666667 0.02250000000000002 0.0713333333333333
0.0 0.46475 0.34883333333333333 0.030000000000000027 0.08233333333333331
0.0 0.52875 0.3311666666666666 0.02400000000000002 0.059
0.0 0.56575 0.29683333333333334 0.023499999999999965 0.029000000000000026
0.0 0.56375 0.35883333333333334 0.03649999999999998 0.09699999999999998
0.0 0.589 0.32216666666666666 0.01849999999999996 0.04033333333333333
0.0 0.5825 0.2898333333333334 0.005499999999999949 0.00833333333333336
0.0 0.62075 0.3468333333333333 0.03249999999999997 0.06966666666666665
0.0 0.7958749999999999 0.31933333333333336 0.022249999999999992 0.07066666666666666
0.0 0.87625 0.3195 0.033499999999999974 0.046999999999999986
0.0 0.96075 0.3481666666666666 0.04349999999999998 0.0663333333333333
0.0 0.97875 0.24716666666666667 0.041000000000000036 0.063
0.0 0.991375 0.33066666666666666 0.016750000000000043 0.06266666666666665
0.0 0.653875 0.248 0.011750000000000038 0.021333333333333315
