0.0 0.5602815083165258 0.009662046355517151 0.04009353779383762 0.019324092711034302
0.0 0.5312770933007277 0.03160499295725114 0.02452984628340893 0.016096437759583193
0.0 0.5458720813863966 0.019067589470967705 0.014079202266109259 0.011204176632986895
0.0 0.6048150986862684 0.0026733874870451535 0.0198795294013836 0.005346774974090307
0.0 0.6144337995529427 0.026162765100982893 0.0771358670209823 0.03966469960262037
0.0 0.5544389791823887 0.06643416398832996 0.075252555583609 0.05570238127837668
0.0 0.611841237906124 0.12975074927894595 0.07328275974113085 0.036386597449393265
0.0 0.653054958907711 0.151681959232029 0.08644544422306821 0.05942020327171754
0.0 0.5406105040855254 0.13616657284327388 0.05108019906225991 0.03200919569588112
0.0 0.5714398340433546 0.16577910525281575 0.05410414253091256 0.028228911832810955
0.0 0.5930418168771522 0.1916475338960591 0.11546114723239409 0.04866471835618358
0.0 0.5645342138450076 0.2349433110359934 0.12374471147421384 0.05129406551952914
0.0 0.5031137355094109 0.1796939611200305 0.033239497816322794 0.01905603802625222
0.0 0.5392746685286232 0.2983013425148175 0.0701765861944238 0.0252303521299434
0.0 0.5171355814838674 0.3386067516764559 0.12898601058737597 0.05739787232262816
0.0 0.47685348580309606 0.3629649294042673 0.02719161087901717 0.02661660575239272
0.0 0.5399261276624814 0.38773003573179393 0.07930763590744694 0.03522390953290344
0.0 0.5832609068975693 0.4245733459873907 0.10741576457063595 0.050011086095958834
0.0 0.5160867283884327 0.46113140882006615 0.011463024428545743 0.015008889376063483
0.0 0.49614476555662335 0.48687986288575835 0.03054534422775551 0.028341157909028303
0.0 0.5319251980427862 0.619628445193146 0.045251737261076896 0.07036029445701253
0.0 0.6132286372950947 0.6139903230735893 0.018133847806013126 0.01784634524270079
0.0 0.5165596132770819 0.68761140978821 0.07409360189232467 0.04313915924237344
0.0 0.5836159585918443 0.7139793870955785 0.08484208158068529 0.046220903909074185
0.0 0.5090940487326079 0.9626002670256314 0.08641349001404353 0.05210485079211602
0.0 0.5378295855549763 0.9908208019299354 0.09746492926838385 0.01835839614012924
