0.0 0.5998478207606243 0.5189344481407714 0.05157815999343418 0.02854137040413407
0.0 0.4938770114392411 0.5538948212802973 0.07952017100959169 0.037953789794115345
0.0 0.5271013858547415 0.4535193395625495 0.08677254727673678 0.03288649162872204
0.0 0.585470534163915 0.4183935494773405 0.05925647007190049 0.024400805823742155
0.0 0.6122093306559346 0.26712136470708403 0.05083135972374142 0.032201608142829186
0.0 0.6336575261627877 0.28846905490791963 0.042977937390359267 0.027152664542057503
0.0 0.6125948366302103 0.3195132354900444 0.03317579533045134 0.02696587813681406
0.0 0.5988950824416105 0.30813002310111365 0.019989531080630396 0.020590490809046957
0.0 0.5637317630178649 0.17810846980971576 0.07056972389668525 0.018186067569711584
0.0 0.5163196342728402 0.16644838487069324 0.05224907828599662 0.020899012453601262
0.0 0.5910894621528944 0.08075584913583772 0.061701341187354264 0.04557558847484422
0.0 0.5453520559529752 0.09265882022781302 0.05031203270979845 0.026373803527873774
0.0 0.5770245454152719 0.008094418142004706 0.030141724974729334 0.01618883628400941
0.0 0.5999022199725281 0.02864834150701981 0.03097024429671591 0.018350089999968955
