0.0 0.017003676470588234 0.39542483660130723 0.03400735294117647 0.04575163398692811
0.0 0.10677083333333333 0.38174019607843135 0.02113970588235295 0.03880718954248369
0.0 0.1331188725490196 0.39808006535947715 0.024816176470588244 0.04779411764705882
0.0 0.14767156862745098 0.4387254901960784 0.028186274509803932 0.04575163398692811
0.0 0.22962622549019607 0.44648692810457524 0.06832107843137256 0.07107843137254904
0.0 0.2731311274509804 0.5081699346405228 0.05177696078431371 0.09885620915032683
0.0 0.3126531862745098 0.46405228758169936 0.03339460784313725 0.07924836601307184
0.0 0.4837622549019608 0.5061274509803921 0.026348039215686292 0.06862745098039214
0.0 0.5102634803921569 0.4605800653594771 0.022977941176470562 0.024918300653594794
0.0 0.5389093137254902 0.42933006535947715 0.023897058823529438 0.04575163398692811
0.0 0.5767463235294119 0.483047385620915 0.008884803921568651 0.019199346405228745
0.0 0.5873161764705881 0.48325163398692816 0.006740196078431349 0.010620915032679756
0.0 0.5969669117647058 0.46691176470588236 0.008272058823529438 0.022875816993464027
0.0 0.6083026960784315 0.4446486928104575 0.012561274509803932 0.03145424836601307
0.0 0.5860906862745098 0.5038807189542484 0.01593137254901955 0.015114379084967267
0.0 0.6695772058823529 0.5185866013071896 0.03462009803921573 0.06985294117647056
0.0 0.7224264705882353 0.5361519607843137 0.019607843137254943 0.044526143790849626
0.0 0.7772671568627452 0.4987745098039216 0.02450980392156865 0.05882352941176472
0.0 0.8270526960784313 0.45751633986928103 0.026654411764705843 0.037581699346405206
0.0 0.8543198529411765 0.47406045751633985 0.03155637254901955 0.050245098039215674
0.0 0.9168198529411766 0.5606617647058824 0.04381127450980393 0.07475490196078427
0.0 0.9669117647058824 0.49407679738562094 0.014705882352941124 0.020833333333333315
0.0 0.6121323529411765 0.40318627450980393 0.016544117647058876 0.02369281045751631
0.0 0.35830269607843135 0.4832516339869281 0.016850490196078427 0.02777777777777779
