0.0 0.9627573049690418 0.46531734365315713 0.02482061786182821 0.03957761691213446
0.0 0.8945463771210267 0.5372588985945687 0.026557088663327733 0.06547184171450571
0.0 0.8077472723398119 0.4671857150411112 0.012369179527998098 0.05489119901369566
0.0 0.7798674036172726 0.4874915473864666 0.02663576621325714 0.08784998449600923
0.0 0.7845083597119524 0.43112302312705164 0.022118473814066397 0.019822940628463126
0.0 0.7012472101851945 0.4780004895583009 0.027108823236408397 0.03519784493805789
0.0 0.6403583081384523 0.4330295762671774 0.031457961656338296 0.0553970934490573
0.0 0.6244061596545892 0.4772915376227536 0.0313808268034661 0.03345773778091654
0.0 0.5772138452862292 0.4211795693867911 0.04615545668241039 0.11731698543610969
0.0 0.5544042707462773 0.49701048393723174 0.03309261445204659 0.05233136876948297
0.0 0.5181223230189071 0.47340752235368566 0.024903923502930025 0.06327212103372637
0.0 0.48147117483302165 0.4612118686947797 0.02512348234687356 0.032119393007759456
0.0 0.457277883700089 0.5093939885007942 0.02188194530249077 0.046149010407438906
0.0 0.3621450744463578 0.4695681901995439 0.04083447422798869 0.10150213699035904
0.0 0.32461489198032034 0.47338537362139776 0.0341878742511339 0.0830499377732592
0.0 0.28773955685931873 0.4313510392310276 0.03785569154515778 0.09666506553823018
0.0 0.28563052471844674 0.5632007816825875 0.03506098567394955 0.050583162452790154
0.0 0.22953373552216524 0.5592738188327832 0.039322190361605114 0.04577154550210927
0.0 0.20977856337670703 0.46837430797630286 0.034220270889340154 0.09226446715387815
0.0 0.17910192266826672 0.5821331177969893 0.04135072676874829 0.0611360366065663
0.0 0.15426615332260604 0.5322428466980359 0.007686322681874191 0.033374432139814614
0.0 0.04213375939470544 0.5537882361051321 0.03982406276706073 0.09491685922153759
0.0 0.005557981130762574 0.6043142636670573 0.011115962261525149 0.054061062721486364
