0.0 0.030280323847715077 0.5137205481552672 0.034609222250794644 0.05516537487783624
0.0 0.057338100472313316 0.5451900230350679 0.04201762326156308 0.08507341930947565
0.0 0.06515993257261883 0.5056347060211372 0.03351147809027485 0.06139309601713483
0.0 0.2293477587446444 0.5440404081984712 0.01906040340239923 0.02735761409913251
0.0 0.2180860216009828 0.4901375043031904 0.02373718819556625 0.026652424386310325
0.0 0.2511667793446653 0.41393154426831946 0.04249741943677132 0.05273812092733393
0.0 0.2509469146595966 0.48894366297680647 0.04232483688792646 0.09577083371823475
0.0 0.30806922286594446 0.4757816922387468 0.030156211168833158 0.060280318473188654
0.0 0.29034213106588036 0.4111541005717903 0.02964282749418712 0.06873689230852442
0.0 0.44245466425840413 0.40296143390493055 0.012991123926279102 0.01919534453734978
0.0 0.4878988123324047 0.4537086746884269 0.036547068281422956 0.056206225157466594
0.0 0.5565132845652365 0.43364766167745206 0.02054880110444046 0.03811496789482155
0.0 0.5784138108481394 0.46616832591019675 0.032268259574714464 0.04153721566836238
0.0 0.611046880629527 0.4021431345005212 0.030367802855876258 0.027303067373299295
0.0 0.6481118037712685 0.44178911690115896 0.029872303923921373 0.017538612347696547
0.0 0.7048057880445369 0.4668598977788285 0.03150455615459469 0.03113080792501227
0.0 0.714495299277447 0.4291045662055871 0.015809981871391043 0.01902421664580123
0.0 0.7330090125855308 0.39721731945006433 0.04002316442981302 0.05041336521220863
0.0 0.7268316480661603 0.35016176246112996 0.011870354464075361 0.015682586405817656
0.0 0.7363798417238351 0.4613102480181513 0.008751324357769263 0.014581796739257413
0.0 0.7448862679748913 0.4422467701320475 0.011905842869689431 0.021025299671504294
0.0 0.8476835394316145 0.49371524242020853 0.032798965832515736 0.09842915494721571
0.0 0.8236877584925488 0.492248667464659 0.007149138893948859 0.0201555772834226
0.0 0.9520885585308027 0.5045226616156617 0.03686484410554036 0.08104188484220065
0.0 0.6850564598455982 0.4043875827395209 0.011774451444987233 0.013792691884733255
1.0 0.8321211009126855 0.3924468103499562 0.04363169979028747 0.05452048071094606
