0.0 0.981875 0.48083333333333333 0.036250000000000004 0.07099999999999995
0.0 0.909125 0.48583333333333334 0.02375000000000005 0.05099999999999999
0.0 0.880625 0.45899999999999996 0.029749999999999943 0.043999999999999984
0.0 0.838125 0.48833333333333334 0.014250000000000096 0.01733333333333331
0.0 0.7873749999999999 0.424 0.02474999999999994 0.03933333333333333
0.0 0.81625 0.4635 0.006000000000000005 0.020333333333333314
0.0 0.70875 0.5346666666666666 0.024500000000000077 0.03933333333333333
0.0 0.71675 0.49 0.01650000000000007 0.02066666666666661
0.0 0.55925 0.5301666666666667 0.019499999999999962 0.03633333333333333
0.0 0.46112499999999995 0.4796666666666667 0.015750000000000042 0.04800000000000004
0.0 0.48512500000000003 0.4425 0.040750000000000064 0.08833333333333332
0.0 0.48212499999999997 0.35783333333333334 0.03674999999999995 0.07233333333333336
0.0 0.512 0.3586666666666667 0.016999999999999904 0.03666666666666668
0.0 0.37787499999999996 0.4245 0.03275000000000006 0.022333333333333316
0.0 0.3881250000000001 0.48983333333333334 0.012249999999999983 0.01633333333333331
0.0 0.32125 0.4033333333333333 0.039000000000000035 0.06466666666666665
0.0 0.32662500000000005 0.44916666666666666 0.03325 0.027000000000000024
0.0 0.27225000000000005 0.44666666666666666 0.03949999999999998 0.03466666666666668
0.0 0.256625 0.5131666666666667 0.04774999999999996 0.08966666666666673
0.0 0.3041249999999999 0.5688333333333333 0.015750000000000042 0.021666666666666612
0.0 0.04799999999999999 0.5125 0.03300000000000003 0.07166666666666671
0.0 0.08725 0.4225 0.013000000000000012 0.02633333333333332
0.0 0.030124999999999902 0.4089999999999999 0.015750000000000042 0.043999999999999984
0.0 0.010499999999999954 0.434 0.020499999999999963 0.04933333333333334
0.0 0.0037499999999999756 0.5115 0.007000000000000006 0.0576666666666667
