0.0 0.9260729796590428 0.3915609890611087 0.046700351966467046 0.07707053598583569
0.0 0.6925679397209092 0.38704928507979025 0.021236280741108615 0.025209441016043832
0.0 0.6686381631951916 0.349610656450889 0.034700918861840346 0.04123214123159691
0.0 0.6783029319345895 0.3095539959369131 0.03891726930382233 0.04321699069724538
0.0 0.6362197483611551 0.37921983548839383 0.04318707593156834 0.06653619590344839
0.0 0.6505304024936787 0.38042176617852563 0.014753842536240902 0.014100720299265124
0.0 0.5938482902380219 0.3721479031194143 0.04400032671591614 0.05711719830851092
0.0 0.48352951248826137 0.3922014859134035 0.06319997648049869 0.07664340919158119
0.0 0.46963659726727053 0.32194079242557666 0.05931649118074778 0.09153718820488066
0.0 0.4596626435376082 0.3739925457529264 0.039230758377173935 0.03999273432031214
0.0 0.44212744404726934 0.3391674669636163 0.06173477146439382 0.09645910373026689
0.0 0.43279812362375963 0.38663970508587964 0.0324768472424507 0.028775821232921883
0.0 0.41961046506911565 0.40431689931402287 0.031222890949044513 0.04167284674065519
0.0 0.44172925057946677 0.4304615622298491 0.028329825039455803 0.038997488243391665
0.0 0.41925791794751743 0.4193176361275102 0.04813941289229934 0.05145945093025894
0.0 0.4037442618563392 0.40242320647245394 0.02130444097487716 0.02767238278538986
0.0 0.3910919120614779 0.38535451274605453 0.047782739670233165 0.04827258134796486
0.0 0.36238906999567017 0.37916611317856863 0.06755381539523675 0.09329771690269428
0.0 0.35233358246524754 0.42743332831869624 0.06204592452730806 0.07374769793978875
0.0 0.30748008810203764 0.4437858350041041 0.04140370982123698 0.050601847991977755
0.0 0.31504803791439123 0.36034908374690566 0.031520507969172606 0.04757642962815778
0.0 0.267929317967775 0.385097809486133 0.023476224413721547 0.028537921750282913
0.0 0.24365478001332108 0.34796617838954524 0.06124177777479048 0.08834635060928075
0.0 0.2301771708960596 0.3314839965406928 0.032572319571710556 0.04677772822593118
0.0 0.06773559061403317 0.34098403549586803 0.028168528486864852 0.03801978889458113
0.0 0.07230542985417383 0.2695631423572298 0.04907544810139833 0.07558132555199418
0.0 0.05292057022741268 0.265705642215709 0.04085722315740671 0.09862076289598923
