0.0 0.24947762126885972 0.2481063660951004 0.0895236456986826 0.08627585047660333
0.0 0.272882445287573 0.3065260711993032 0.03564502874175113 0.03549740168620219
0.0 0.35200588440368663 0.3982912497171282 0.07039295978076066 0.05970476095900901
0.0 0.4071492582884021 0.38990839871883365 0.08079458701603781 0.06895489716100361
0.0 0.3811697979825016 0.4595185934390761 0.11856073316179283 0.10202650294029875
0.0 0.4581972287693011 0.49619616228101004 0.054568378039955845 0.048869973695762514
0.0 0.4499023632540785 0.6427637369246205 0.041436424768304336 0.03762764673513863
0.0 0.48534290319749684 0.6384762024401462 0.07489952267962607 0.060225393358049994
0.0 0.5673349088660072 0.7071564654954431 0.04196552607032955 0.03694620618166167
0.0 0.5929692260869917 0.8570675644803776 0.1206818505657965 0.09960070703339141
0.0 0.7014651731292506 0.8873127463057633 0.035550784823698 0.029498075546186664
0.0 0.34505122732776633 0.37013776535138254 0.06568332733777138 0.05771146633812241
