0.0 0.5612421661873428 0.09921989092736126 0.09204183503787366 0.06161468275003598
0.0 0.560072565578142 0.15647834484360132 0.07169519253160261 0.0534389011589001
0.0 0.5279085352538642 0.19054022391331737 0.024799314330593902 0.02291677109551915
0.0 0.5935277917605977 0.18092148309208994 0.023305744589012245 0.021729661880577456
0.0 0.6081531134315311 0.20385765052867016 0.021253808757877746 0.022173190337798077
0.0 0.4920124080148767 0.24018972396906155 0.05411618800835771 0.04474725190821777
0.0 0.4863495848713736 0.278494173806185 0.10501195452509249 0.06762377027500133
0.0 0.3613944691940532 0.47497478151818684 0.04301535297456105 0.03075693190895734
0.0 0.4032145061555357 0.48215410446569884 0.014981360260244547 0.013755518153684143
0.0 0.40210637000599136 0.49641277229833913 0.0244186318324342 0.022010727694547816
0.0 0.4547826951486949 0.4738350673589484 0.03249050947432319 0.028200062101361834
0.0 0.46230096930729875 0.4883620221918977 0.016983788311267012 0.014969904850489213
0.0 0.3654925487393289 0.6256081763109405 0.07170785018928955 0.05642860393251936
0.0 0.3751892011151102 0.6881924975087402 0.031178468259818348 0.020933930654992494
0.0 0.33150299600790945 0.7069139248466976 0.050992059991910255 0.03671975546552875
0.0 0.35846940757411677 0.7784966687562476 0.10044104246212682 0.07391031687014171
0.0 0.3709260422582318 0.829845655950623 0.02131597419567649 0.023504977957391482
0.0 0.3252856431345178 0.8221887620853257 0.0687042081127558 0.054607023887311645
0.0 0.281776344685789 0.816133048168908 0.011800034592317599 0.014470619181609856
0.0 0.3273689191205058 0.8601083375266012 0.06265510605094354 0.04553709663433281
