0.0 0.5015652682107984 0.16907260530377927 0.04790209637263515 0.029126365145443756
0.0 0.48230944645826956 0.21077723128981152 0.04704428194055993 0.022179124369414494
0.0 0.505886053705324 0.24152315774350466 0.014066195313299334 0.011021482141322314
0.0 0.48057013009158306 0.5118331550365816 0.014770828596789687 0.01672814420734625
0.0 0.530523345106998 0.5588087240847742 0.021987617902719747 0.01713057546170882
0.0 0.45888452842704264 0.5908965984426504 0.03210224249861532 0.02253314395811612
0.0 0.4720711621978131 0.6065051959067269 0.015505846651954147 0.009488913478761574
0.0 0.4521175133444533 0.6171401334917253 0.012185533141545801 0.016897589241034017
0.0 0.5155143041273927 0.6994041143303898 0.09370882550745518 0.04919801865998186
0.0 0.45288758496058623 0.7169870512694213 0.008619878335358877 0.00912733053068826
0.0 0.4725593302089415 0.7113552768307332 0.008705609486957755 0.007183252900969217
0.0 0.5439274667978029 0.7399415348803285 0.010316974586853433 0.014956537515580237
0.0 0.47741606953773225 0.9549111338448275 0.07726586226742171 0.05058837542724237
