0.0 0.07889093137254902 0.6086601307189541 0.049325980392156854 0.10620915032679734
0.0 0.10416666666666666 0.5324754901960784 0.029411764705882346 0.029820261437908502
0.0 0.12101715686274508 0.6076388888888888 0.047794117647058806 0.1058006535947712
0.0 0.2746629901960784 0.6239787581699348 0.016237745098039214 0.024918300653594794
0.0 0.21660539215686275 0.4844771241830065 0.022671568627450983 0.0514705882352941
0.0 0.32215073529411764 0.6313316993464051 0.03400735294117646 0.0951797385620915
0.0 0.3615196078431373 0.5945669934640523 0.043504901960784326 0.08700980392156865
0.0 0.3978247549019608 0.5273692810457516 0.027267156862745112 0.09313725490196073
0.0 0.39200367647058826 0.6493055555555556 0.010723039215686292 0.015931372549019662
0.0 0.42922794117647056 0.6029411764705883 0.014093137254901966 0.02450980392156865
0.0 0.520373774509804 0.5477941176470589 0.012561274509803932 0.03349673202614378
0.0 0.5136335784313726 0.5745506535947712 0.014399509803921573 0.05024509803921573
0.0 0.45986519607843135 0.5886437908496732 0.006127450980392135 0.0106209150326797
0.0 0.5016850490196079 0.4595588235294117 0.03584558823529416 0.021241830065359457
0.0 0.546875 0.41666666666666663 0.01899509803921573 0.017156862745098034
0.0 0.37162990196078427 0.3895016339869281 0.01654411764705882 0.023284313725490224
0.0 0.7634803921568627 0.6062091503267973 0.022058823529411797 0.058006535947712434
0.0 0.7746629901960784 0.5500408496732027 0.03584558823529416 0.0518790849673203
0.0 0.8158700980392157 0.5506535947712419 0.017769607843137303 0.01715686274509809
0.0 0.7951899509803921 0.5034722222222222 0.021752450980392135 0.02900326797385616
0.0 0.926623774509804 0.5118464052287581 0.03523284313725494 0.043300653594771255
