0.0 0.775325422522645 0.49463014675823447 0.050049192033200685 0.09800434939658237
0.0 0.7898783756278128 0.37278402584780584 0.048893081159588236 0.03485914540177515
0.0 0.9193393937498382 0.4058951497024826 0.032029394563343416 0.030477904178057513
0.0 0.9399983990749388 0.3732621055842591 0.025602269432498326 0.0379436702245452
0.0 0.9733714881875395 0.3691001357949827 0.03450951046286921 0.06765498687579485
0.0 0.2689600078085124 0.5834934885674166 0.027831992532235117 0.05667560924050463
0.0 0.19905967778134326 0.4759051232015796 0.03959281370415402 0.0709752328610731
0.0 0.16996870181781762 0.4939296487228617 0.03876041006032643 0.050185021079249825
0.0 0.059888652767771944 0.5701694646804745 0.0422750138198944 0.06942609556239732
0.0 0.13979382317543593 0.5062169769527352 0.0231476687406047 0.024346547674689245
