0.0 0.9163602941176471 0.559640522875817 0.049632352941176405 0.06290849673202614
0.0 0.9739583333333333 0.5357434640522876 0.015318627450980338 0.013480392156862808
0.0 0.9727328431372548 0.2867647058823529 0.028186274509803932 0.05882352941176472
0.0 0.9413296568627452 0.28370098039215685 0.03952205882352933 0.06740196078431371
0.0 0.8628982843137254 0.4718137254901961 0.030330882352941235 0.04003267973856206
0.0 0.8244485294117647 0.4569035947712418 0.014705882352941124 0.024918300653594794
0.0 0.8042279411764706 0.459967320261438 0.014093137254902022 0.044117647058823484
0.0 0.7840073529411765 0.45833333333333337 0.025122549019607865 0.05147058823529416
0.0 0.7559742647058825 0.46772875816993464 0.027267156862745057 0.05065359477124187
0.0 0.7136948529411764 0.4152369281045751 0.012561274509803932 0.020016339869281086
0.0 0.6731004901960784 0.43382352941176466 0.020220588235294046 0.020424836601307228
0.0 0.6530330882352942 0.42177287581699335 0.01378676470588236 0.021650326797385655
0.0 0.657781862745098 0.4987745098039216 0.060049019607843146 0.06699346405228757
0.0 0.6035539215686275 0.4689542483660131 0.037377450980392135 0.037581699346405206
0.0 0.5248161764705883 0.44689542483660133 0.030637254901960786 0.040849673202614345
0.0 0.545343137254902 0.49080882352941174 0.020220588235294046 0.037173202614379064
0.0 0.5318627450980391 0.5214460784313726 0.01409313725490191 0.029820261437908502
0.0 0.5243566176470589 0.5586192810457515 0.019914215686274495 0.04207516339869277
0.0 0.49463848039215685 0.5308415032679739 0.019914215686274606 0.0788398692810457
0.0 0.44378063725490186 0.5196078431372548 0.034007352941176516 0.0980392156862745
0.0 0.4215686274509804 0.5688316993464052 0.012867647058823484 0.024101307189542398
0.0 0.38097426470588236 0.5465686274509804 0.03155637254901955 0.0539215686274509
0.0 0.37791053921568624 0.49550653594771243 0.015012254901960786 0.019607843137254832
0.0 0.35600490196078427 0.5038807189542484 0.025122549019607865 0.05841503267973858
0.0 0.28477328431372556 0.3980800653594771 0.02113970588235292 0.023284313725490224
0.0 0.2715992647058823 0.4599673202614379 0.015012254901960786 0.02614379084967322
0.0 0.16069240196078427 0.4395424836601307 0.04197303921568629 0.1576797385620914
0.0 0.11764705882352938 0.43770424836601307 0.02941176470588236 0.06413398692810457
0.0 0.07705269607843135 0.4242238562091503 0.018075980392156854 0.026552287581699363
0.0 0.06786151960784315 0.47875816993464054 0.020526960784313708 0.03594771241830064
0.0 0.03844975490196073 0.520016339869281 0.042585784313725505 0.03431372549019607
0.0 0.025275735294117696 0.4624183006535948 0.04993872549019607 0.04983660130718959
