0.0 0.30092774830373215 0.12384612266473354 0.04869241632570859 0.05229963805951984
0.0 0.2316336867885675 0.1205850269066141 0.019297132887420854 0.016444911051384237
0.0 0.2790127384331565 0.09813600214254006 0.032097643905272366 0.029273385028412535
0.0 0.27632763141259187 0.14288212548579332 0.03676342750053557 0.031534354134468257
0.0 0.3071086250458718 0.1681066959959073 0.032749558797649736 0.03277752175682652
0.0 0.32744195442011204 0.18804489889481485 0.08802050047182564 0.07087920649642865
0.0 0.31923124141827885 0.22982177897945713 0.07749465299707686 0.0718461352433572
0.0 0.26620129006103016 0.3049394001687292 0.09215927557753689 0.07879298109101196
0.0 0.3156718122491077 0.302525563758405 0.04087788751094912 0.04473677587735175
0.0 0.3499386643775414 0.35132340033992715 0.0636823564814285 0.06113772719633709
0.0 0.30044710463834057 0.3835402494779785 0.09132486589873412 0.07865764539163
0.0 0.3555368689542028 0.3865514918951935 0.0939901138518432 0.08014844905931218
0.0 0.37161409160020875 0.4091397442923699 0.0515567957093942 0.04680309264933308
0.0 0.46726615722609344 0.4912513756246293 0.02760155767785688 0.02642711339243009
0.0 0.5806824352597642 0.43664112594533955 0.038409211504701 0.03681532283162159
0.0 0.5700882169501919 0.5462517543001928 0.03142781262688632 0.029666146198745857
0.0 0.5009810429469373 0.5987811230922886 0.06421576368026899 0.05409317245825662
0.0 0.5910247497500832 0.6123652070530159 0.06772693898890103 0.05321416317612604
0.0 0.5309813100748509 0.6597748530714842 0.11094859610327273 0.09671544988226621
0.0 0.6092449229772954 0.7277618337572418 0.060183978591374476 0.05923323797936231
0.0 0.6299007093507424 0.7650851299454448 0.09130311028715199 0.08338959284010916
0.0 0.5802220190799753 0.7736454893200337 0.08532069948855647 0.07690384877633061
0.0 0.6614413514349894 0.7896992161786629 0.1027921130691023 0.09087989245977246
0.0 0.65769491324408 0.8226795238007718 0.07220382908844969 0.0602356825607665
0.0 0.6914104267657023 0.8471965030693198 0.04656057557144044 0.0437642796537574
0.0 0.6983516202628631 0.802478161460027 0.032097643905272255 0.02927338502841237
