0.0 0.010723039215686292 0.33619281045751637 0.021446078431372584 0.07843137254901955
0.0 0.26485906862745096 0.3825571895424836 0.015012254901960786 0.02246732026143794
0.0 0.29901960784313725 0.34722222222222227 0.02450980392156865 0.03676470588235292
0.0 0.2973345588235295 0.3016748366013073 0.029105392156862808 0.037173202614379064
0.0 0.32766544117647056 0.386437908496732 0.02236519607843146 0.06617647058823528
0.0 0.31188725490196084 0.38459967320261434 0.012254901960784381 0.011029411764705843
0.0 0.37515318627450983 0.38807189542483655 0.028492647058823484 0.053104575163398726
0.0 0.49034926470588236 0.4340277777777778 0.04381127450980382 0.06903594771241828
0.0 0.5208333333333335 0.36090686274509803 0.030637254901960786 0.09109477124183007
0.0 0.5202205882352942 0.4195261437908497 0.03125 0.0326797385620915
0.0 0.546875 0.38562091503267976 0.03125 0.09640522875816993
0.0 0.5465686274509804 0.4391339869281045 0.028186274509803932 0.021241830065359513
0.0 0.5569852941176472 0.4611928104575164 0.019607843137254943 0.039215686274509776
0.0 0.5272671568627452 0.4846813725490196 0.01715686274509809 0.037173202614379064
0.0 0.5540747549019608 0.4775326797385621 0.037071078431372584 0.0433006535947712
0.0 0.5746017156862746 0.4626225490196078 0.01378676470588236 0.02573529411764708
0.0 0.5920649509803921 0.44689542483660133 0.03829656862745101 0.039215686274509776
0.0 0.6245404411764706 0.4464869281045751 0.040747549019607865 0.08905228758169936
0.0 0.6248468137254903 0.5010212418300654 0.04381127450980393 0.06576797385620914
0.0 0.6698835784313726 0.5285947712418301 0.028492647058823484 0.045751633986928164
0.0 0.6799938725490197 0.4364787581699347 0.016850490196078427 0.04697712418300648
0.0 0.7256433823529411 0.47365196078431365 0.016237745098039214 0.02573529411764708
0.0 0.7601102941176471 0.43872549019607837 0.03492647058823528 0.08578431372549022
0.0 0.7783394607843137 0.4238153594771243 0.018688725490196068 0.04534313725490191
0.0 0.952359068627451 0.4697712418300654 0.01746323529411764 0.03594771241830064
0.0 0.9630821078431373 0.3913398692810458 0.025428921568627416 0.07516339869281041
0.0 0.9917279411764706 0.39072712418300665 0.015931372549019662 0.10906862745098034
