0.0 0.10689074326604142 0.30554076997865687 0.05048666971692817 0.0978210019395424
0.0 0.16059849258804473 0.3430934256807352 0.0461887627278777 0.07458936206144628
0.0 0.21378049476496716 0.33634958381956714 0.021563235017511062 0.02449183398955762
0.0 0.16061596433396294 0.39050529075096446 0.020507927638763357 0.02295977794094206
0.0 0.1719456584307842 0.41949766152774753 0.021672766766445695 0.02024252075684152
0.0 0.28388679834736297 0.3366738460393846 0.040423537646883834 0.05499842555427881
0.0 0.3231088295031038 0.35728513330894957 0.05423143349915027 0.1123947712230533
0.0 0.5890074536200134 0.37437092082302353 0.026067147363159404 0.045137094157881696
0.0 0.5674256759990759 0.41786529543495704 0.012914770630931827 0.014821765310403912
0.0 0.5813513040444821 0.4264618036312929 0.02053362607791409 0.024279508484020162
0.0 0.5249429204729981 0.459911865151451 0.025951713308677404 0.032626194686830146
0.0 0.5332960617310405 0.4766619708667208 0.01385422611180509 0.01698714594236661
0.0 0.725458634694422 0.47979423585258874 0.049953322643703 0.07372264918426802
0.0 0.776756868212531 0.530983031323937 0.01718065903189192 0.03311768599605269
0.0 0.8235354152616703 0.5032397705147831 0.031227832359023378 0.05343069898430736
0.0 0.8714977356362832 0.5764608214013305 0.06350465194785482 0.10477746536786103
0.0 0.9105499847064669 0.6226196678825932 0.023333032073715287 0.01992768443180082
0.0 0.9342680755240506 0.5752722643941935 0.04854413942239311 0.07047457823632386
0.0 0.9580280829965261 0.5309747896756131 0.014755342855648612 0.01060081873251284
0.0 0.9679079307473222 0.6027828573767783 0.03889808468430722 0.06552790324408009
