0.0 0.01060497551611847 0.5612775865506135 0.02120995103223694 0.07718237293988528
0.0 0.0006385694879637374 0.5424577273956728 0.0012771389759274748 0.09672400197656539
0.0 0.005072587824298043 0.5035784451718655 0.010145175648596086 0.03934896425016998
0.0 0.08840826533410837 0.4117429327734833 0.048109455569752324 0.05028521711937756
0.0 0.06592425589929164 0.4598266852131932 0.06618453306378122 0.08841809639901388
0.0 0.029572305725388902 0.4171496386838476 0.059144611450777804 0.08957240436879532
0.0 0.15648764863732312 0.4405253010077652 0.025812379576488326 0.035807284195079114
0.0 0.30288230977083985 0.43644062879931783 0.0878841139991226 0.06524259537333543
0.0 0.27805510801292 0.46488809613992665 0.030861370568699253 0.03235720663406649
0.0 0.31862579884664916 0.47801593600557796 0.05348845131657687 0.047981054894088104
0.0 0.25717365532311937 0.3859253126082582 0.023825230349822646 0.04259117371534005
0.0 0.27907629519744315 0.36626844441356154 0.035156179511333596 0.03814785164206819
0.0 0.29132134891604466 0.406579259422409 0.017025708264982786 0.021717194106362137
0.0 0.30938556756419533 0.40294568914646023 0.024072930395726 0.03250400640052359
0.0 0.38465673642232523 0.39694574654303055 0.0777101620852016 0.09103670157665589
0.0 0.37899119854487096 0.4942018459916704 0.07083625771741786 0.12828996113720836
0.0 0.35637267535759753 0.4570349589551192 0.02930710698253519 0.054328364803225004
0.0 0.4406294126232755 0.3921637184437125 0.03416853881382004 0.030156978456698513
0.0 0.5186471964407625 0.419496266689205 0.03804391759414677 0.03722800701303741
0.0 0.6191705366380779 0.4535846637731286 0.058974289162172955 0.09439840689200818
0.0 0.5937483723644097 0.4221402191438556 0.029710708100320615 0.041133456235852905
0.0 0.6564909002182556 0.4675860037536435 0.054870198866564523 0.06098952822488546
0.0 0.671032075375059 0.43459349877368664 0.018015722528823996 0.0251549401135317
0.0 0.6560807531698729 0.4406127115626932 0.014403872838922638 0.019911269261411402
0.0 0.7423137737312917 0.5398482898483565 0.07355701281648275 0.10945707838529861
0.0 0.7636509520246351 0.4816599160251651 0.023543498648547323 0.03340241817028655
0.0 0.8005067457156456 0.4759949576477997 0.018785733622922796 0.0278287425635525
0.0 0.8518234540109078 0.4633063269948352 0.03992106523594152 0.03006214571420207
0.0 0.8670701248455313 0.4338382455923214 0.05560143117263605 0.053493662171436585
0.0 0.8788110083670635 0.5033522709133702 0.07443306428256957 0.07783269170385887
0.0 0.8689271748245735 0.5592597204017267 0.06051035013748707 0.06506585088201489
0.0 0.8949528350747751 0.556352661599034 0.020740579212885857 0.04339061829511137
