0.0 0.017591252413888675 0.7186863339474634 0.014319326865326387 0.032913997922975
0.0 0.04594153244148655 0.6819386610836327 0.04590902939108227 0.08589238943732136
0.0 0.11837905982810595 0.7630400543022957 0.036002932699622126 0.06664078449408972
0.0 0.16171456013584404 0.7782420818972013 0.06092557593184417 0.10379929935491983
0.0 0.1728864119985287 0.6636867048948596 0.04248558353514803 0.09017657925295142
0.0 0.20860783505460584 0.6521023463278712 0.026843493552796582 0.02221891214985816
0.0 0.22730207340692304 0.6795049954852643 0.01782372940119714 0.024567910613815913
0.0 0.21667194263570708 0.7148662546985174 0.025246598318712177 0.048562196225193754
0.0 0.20769056135435515 0.7495229063093949 0.02247982961487327 0.026044611112971627
0.0 0.2868569661719165 0.5937832615256555 0.01579485126287794 0.026489195757173234
0.0 0.2773559737969989 0.6245819540838603 0.02319980112193132 0.06674794266626893
0.0 0.29985568957331066 0.5707694549248435 0.0063161614359794616 0.014987251566489057
0.0 0.3790926379055764 0.5915601312937111 0.01588483165541721 0.028120703284025272
0.0 0.39202197309296116 0.6423958647107157 0.019978682782466617 0.0470517530788358
0.0 0.3735956446319129 0.6671409242223434 0.024225423556786474 0.05216560286620664
0.0 0.3920111106441254 0.725651879993334 0.04690326138194373 0.09286003907364515
0.0 0.41900062978468255 0.7059576326476023 0.010891304969718907 0.020525849559174136
0.0 0.43973244907106196 0.667379984362577 0.03872471120719145 0.08834261584288583
0.0 0.5122257007360429 0.6382211314875564 0.02795935311367881 0.06457062255360868
0.0 0.4946649200862097 0.5673895126471696 0.011606572070359866 0.016905571594560298
0.0 0.51543969828251 0.5768808042140346 0.012173397196659774 0.016123560478336296
0.0 0.5418444732383055 0.5744017425182557 0.03513007154529357 0.039754652948232105
0.0 0.5336009825224732 0.6335647496791171 0.03245353996748157 0.07417111803982279
0.0 0.5706858395856595 0.6967737023780232 0.021220232486067303 0.03085477707552242
0.0 0.604884395844707 0.6687040727488595 0.03136932758408095 0.06557196087664696
0.0 0.5929042382685421 0.6100427576231021 0.027644421739791314 0.05886034620962621
0.0 0.627084811285756 0.584428824946017 0.03204405216138162 0.050156995989557474
0.0 0.610554614210683 0.5990459302668666 0.012488328570547158 0.021833836822318764
0.0 0.6294779303004181 0.5499309683517071 0.025520987169259435 0.04247778564670057
0.0 0.6210208645190489 0.6330391297107862 0.037901287922062044 0.05129330490140471
0.0 0.6448277123737605 0.6390902573261354 0.007517296982983646 0.014646859979180471
0.0 0.6489462824354095 0.6525685483039096 0.01395482925549596 0.009715629636135592
0.0 0.6533749510977849 0.5993435803556457 0.019978554415722716 0.01940048174035547
0.0 0.7245343204634173 0.5626896191397375 0.012195892294794453 0.01653143736004936
0.0 0.7248044541911509 0.6093141185820312 0.030793478745178238 0.06066056697248945
0.0 0.8212082622224027 0.6381585992123245 0.02234943506573761 0.04026968800212427
0.0 0.8248428667572933 0.5733175757970399 0.035602596972868716 0.07597133880268603
0.0 0.8492186993913979 0.5590860054877881 0.04241809824074361 0.08895294860781222
0.0 0.8855790089078526 0.5646493472763481 0.015007651194903104 0.03986477623569751
0.0 0.8992391780511313 0.5731011102000433 0.009964558273261814 0.014781830567989429
0.0 0.9081372504493379 0.5202433233821326 0.01700043448281152 0.015169871010815017
0.0 0.9001609636076833 0.47854412405231134 0.013725430601218225 0.016615793978054905
0.0 0.9520956210785974 0.4938855699089556 0.022115460371786688 0.030497514164612716
0.0 0.9911654887466093 0.5033758386022359 0.017669022506781484 0.03150181760293741
0.0 0.9940110544772921 0.5708457198785397 0.0119778910454158 0.015493391274522428
0.0 0.9571162830854758 0.5320657192157696 0.027405871006167204 0.03241583419268379
0.0 0.9610033590231262 0.585854853631086 0.047524100417115966 0.09858718674122868
0.0 0.22659957167472283 0.524897315445911 0.012128407000390085 0.015307806714910166
