0.0 0.7524251977987799 0.38919628451357263 0.04472850863043165 0.058876172041663066
0.0 0.7571179728636238 0.5198709493567166 0.027404903299412586 0.03482591692923043
0.0 0.6761565944326402 0.4452342383606389 0.02801898275003445 0.044640317371204996
0.0 0.6959446618879994 0.46847702130733015 0.028026717261305234 0.03284386645960813
0.0 0.581720345816881 0.3949137749749745 0.048461399893964474 0.06681864413614524
0.0 0.5986571986040617 0.4855563075766556 0.014290267085341535 0.017675290846311253
0.0 0.6273720798183211 0.4861128402932691 0.011161713268981632 0.011508895193183655
0.0 0.4319055603294837 0.4581291386699272 0.08921988359443139 0.09781263621843078
0.0 0.516835373235335 0.493380596826708 0.025490849882304878 0.030958965188486454
0.0 0.49275510515305043 0.48743385487540425 0.0462130882333775 0.05376429508477093
0.0 0.5169797761600811 0.44559690513365957 0.05683072659642968 0.07080479904556014
0.0 0.5444590970127181 0.4641209021918692 0.034207994844426715 0.031083357526608846
0.0 0.3667485941114442 0.4523610569310047 0.07235096310356565 0.0671866319810609
0.0 0.36442720905806336 0.42309616772004527 0.015292943329966058 0.014858965924713585
0.0 0.3841146652414845 0.3873280782940435 0.018394278628157623 0.016745164488198294
0.0 0.34473653991106934 0.40053203585440667 0.021052580096009688 0.022701694235969128
0.0 0.2596029594360545 0.4475571962523546 0.031182489595833918 0.04329045920237862
0.0 0.18207750123766286 0.48968099600413073 0.035414760732407985 0.045179252350589116
0.0 0.05236833605240848 0.41928890400271723 0.030708320748783602 0.03378956032607616
0.0 0.022780295648306526 0.408681724944585 0.036283450364181014 0.07117523374648188
0.0 0.4709611888019003 0.5961876533876534 0.018466192179214358 0.021547431756507196
0.0 0.5967276661678775 0.5240749137760766 0.013647060110187237 0.014124435255965073
0.0 0.479875891664475 0.39571085610016943 0.014402959170744412 0.013708595322340478
