0.0 0.9584865196078431 0.6284722222222222 0.02420343137254899 0.07557189542483655
0.0 0.9857536764705883 0.610702614379085 0.027267156862745057 0.09558823529411764
0.0 0.9658394607843137 0.5674019607843137 0.015625 0.037581699346405206
0.0 0.8780637254901961 0.4616013071895425 0.03921568627450989 0.04248366013071897
0.0 0.8975183823529411 0.5147058823529411 0.047487745098039214 0.08088235294117646
0.0 0.959405637254902 0.47406045751633985 0.08118872549019607 0.0731209150326797
0.0 0.803155637254902 0.48590686274509803 0.018075980392156854 0.03308823529411764
0.0 0.6481311274509804 0.4681372549019608 0.08057598039215685 0.04656862745098039
0.0 0.671875 0.5006127450980392 0.025122549019607865 0.027369281045751592
0.0 0.6276041666666667 0.5108251633986928 0.046262254901960786 0.037990196078431404
0.0 0.7012867647058824 0.41870915032679745 0.013480392156862697 0.041666666666666685
0.0 0.6798406862745099 0.3958333333333333 0.028186274509803932 0.0326797385620915
0.0 0.6631433823529411 0.4375 0.012561274509803932 0.019607843137254888
0.0 0.6443014705882353 0.4319852941176471 0.017156862745097978 0.029820261437908502
0.0 0.5649509803921569 0.41870915032679734 0.060049019607843146 0.08006535947712418
0.0 0.5620404411764706 0.5224673202614379 0.03952205882352944 0.12581699346405228
0.0 0.5894607843137255 0.4850898692810457 0.01593137254901955 0.05351307189542481
0.0 0.5059742647058822 0.4084967320261438 0.02971813725490191 0.02369281045751631
0.0 0.4206495098039215 0.4303513071895425 0.031862745098039214 0.030637254901960786
0.0 0.31081495098039214 0.45731209150326796 0.037071078431372584 0.09027777777777779
0.0 0.3406862745098039 0.42626633986928103 0.02083333333333337 0.03799019607843135
0.0 0.2699142156862745 0.46875 0.04350490196078427 0.05269607843137253
0.0 0.2575061274509803 0.4323937908496732 0.012561274509803932 0.02328431372549017
0.0 0.27282475490196073 0.4401552287581699 0.010110294117647078 0.01838235294117646
0.0 0.17218137254901966 0.5375816993464052 0.0490196078431373 0.10294117647058826
0.0 0.15487132352941185 0.4738562091503268 0.016237745098039214 0.03104575163398693
0.0 0.11626838235294107 0.4644607843137255 0.012561274509803932 0.02614379084967322
0.0 0.06295955882352938 0.44628267973856206 0.03645833333333337 0.0216503267973856
0.0 0.04947916666666663 0.41360294117647056 0.046875 0.0437091503267974
0.0 0.03063725490196073 0.48631535947712423 0.06066176470588236 0.0657679738562092
0.0 0.03599877450980399 0.5465686274509803 0.04871323529411764 0.05555555555555558
0.0 0.007046568627451066 0.5412581699346404 0.012867647058823484 0.0433006535947712
