0.0 0.5526499717432433 0.9482000240774443 0.05345099280591259 0.039279045706414495
0.0 0.5686396284891612 0.8853199417989864 0.03264605058506098 0.040718678679711795
0.0 0.5900707116077191 0.8497992688015641 0.019521990445742876 0.017967262071958312
0.0 0.5235916698316244 0.8645377531330287 0.10434391245111857 0.06386117748757358
0.0 0.5297017387012244 0.830660401113481 0.03627588903329215 0.034481971678925194
0.0 0.47298027481300253 0.8426050406386558 0.08772402754215586 0.06434330469024119
0.0 0.5434586883729545 0.7950371772831151 0.06197328953807468 0.055335795326917236
0.0 0.5441563351997577 0.7639820474870063 0.03255404064597189 0.021072969578024292
0.0 0.474709932732735 0.774958784792126 0.07441378401504944 0.05121245289857157
0.0 0.48373002356391726 0.7440890885355047 0.1022502160050775 0.04956884303183795
0.0 0.5227223326059581 0.7522807057165752 0.04156454940249854 0.033910502023866695
0.0 0.44416424119312925 0.6781917899282874 0.05006184303486483 0.0388199609474994
0.0 0.4949073143101439 0.6839761608048646 0.06273969488931602 0.062141722437860425
0.0 0.46444980355016313 0.6966428663615898 0.02803178562800701 0.02845036634402598
0.0 0.4890140988080284 0.7137520880673679 0.02776609385102785 0.023998867406857416
0.0 0.5411949671779038 0.6132848889901443 0.06166559402159799 0.05353316868180158
0.0 0.5175685955995601 0.6472510210758573 0.06775582881154613 0.04694638750089075
0.0 0.5618789811651153 0.5897925894995247 0.031499275998148946 0.028210427515143133
0.0 0.38640142389120413 0.5756171082467525 0.09053979001974743 0.05854826386687206
0.0 0.36846674943733954 0.5880837736136197 0.08344812808127489 0.06042618870023375
0.0 0.44874974157422237 0.4688064411348535 0.05062272877842289 0.0395004411813486
0.0 0.37498601980186974 0.49104762662015733 0.07291847796226014 0.05432153472199053
0.0 0.38037726790433474 0.38960633907439846 0.05161732125695018 0.03403693118415513
0.0 0.36532927796211045 0.36901352065150667 0.07214640573111802 0.05211432860735499
0.0 0.3965554436182345 0.35205237227995184 0.02090945370983821 0.023779721476825277
0.0 0.419217978733039 0.38438080725004475 0.019154122759970194 0.017838583366767857
0.0 0.33982630305909234 0.19105500461674893 0.09091332458542051 0.05407822157575476
0.0 0.35988534393869426 0.20354696197227076 0.033271607587718854 0.020355402636277498
0.0 0.36695092102256577 0.21253284255315175 0.08543164615842869 0.05409788970215443
0.0 0.3797922887452029 0.2433421361607564 0.01733295276090574 0.018170114192943593
0.0 0.3914219525159538 0.13553827484014797 0.04277716303860679 0.04014608425220216
0.0 0.3494554481129877 0.11058161277380202 0.047523106094053635 0.039869058715421846
0.0 0.3876767666786916 0.08529006095541974 0.0526244152853752 0.03414706653539669
0.0 0.28141234175966534 0.09134019425277559 0.05064089720822146 0.040475365533476027
0.0 0.2947243369719168 0.1258556048248789 0.02573373736437945 0.022803672352246895
0.0 0.31263459222103407 0.10859776279014387 0.0337553205222792 0.036505993798975095
0.0 0.3329728221470267 0.05224770685829977 0.0811444129377466 0.059378215704762205
0.0 0.34202366899319714 0.07989285096686466 0.0670984340390951 0.045990006502711886
