0.0 0.055300245098039214 0.45894607843137253 0.03155637254901961 0.03799019607843135
0.0 0.08379289215686274 0.5026552287581699 0.025428921568627444 0.06413398692810457
0.0 0.2415747549019608 0.5034722222222222 0.021752450980392135 0.031454248366013016
0.0 0.335171568627451 0.49611928104575165 0.039828431372549045 0.029820261437908446
0.0 0.3492647058823529 0.47406045751633985 0.010416666666666685 0.020833333333333315
0.0 0.3567708333333333 0.5285947712418302 0.01930147058823528 0.026960784313725505
0.0 0.3723958333333333 0.4846813725490196 0.018688725490196068 0.027369281045751648
0.0 0.3929227941176471 0.4438316993464052 0.016850490196078427 0.029003267973856217
0.0 0.5392156862745098 0.6131535947712419 0.03860294117647056 0.08251633986928109
0.0 0.5739889705882353 0.5857843137254902 0.03462009803921573 0.04656862745098045
0.0 0.5798100490196079 0.5263480392156863 0.02420343137254899 0.0625
0.0 0.551623774509804 0.522875816993464 0.03645833333333337 0.04575163398692805
0.0 0.602328431372549 0.5484068627450981 0.015931372549019662 0.05678104575163401
0.0 0.6344975490196079 0.5281862745098039 0.04289215686274506 0.06617647058823528
0.0 0.623468137254902 0.5780228758169934 0.018382352941176516 0.028594771241830075
0.0 0.6441482843137255 0.5870098039215688 0.014399509803921573 0.02614379084967322
0.0 0.6294424019607843 0.4791666666666667 0.029105392156862697 0.03104575163398693
0.0 0.671109068627451 0.5855800653594772 0.01930147058823528 0.0404411764705882
0.0 0.7493872549019607 0.5484068627450982 0.04534313725490191 0.09027777777777779
0.0 0.7398897058823529 0.477328431372549 0.033700980392156854 0.051879084967320244
0.0 0.8382352941176471 0.5667892156862746 0.01593137254901955 0.029820261437908502
0.0 0.8910845588235294 0.5388071895424836 0.04564950980392157 0.08741830065359474
0.0 0.9194240196078431 0.4693627450980392 0.02267156862745101 0.03431372549019607
