0.0 0.24096200980392157 0.3999183006535948 0.012561274509803932 0.015522875816993464
0.0 0.25536151960784315 0.426266339869281 0.016237745098039214 0.022467320261437884
0.0 0.2495404411764706 0.465890522875817 0.02359068627450983 0.05759803921568629
0.0 0.2783394607843137 0.35661764705882354 0.04503676470588236 0.065359477124183
0.0 0.2522977941176471 0.3566176470588236 0.011335784313725505 0.01470588235294118
0.0 0.5202205882352942 0.5102124183006536 0.03308823529411764 0.08578431372549017
0.0 0.5499387254901961 0.4993872549019608 0.02757352941176472 0.0927287581699347
0.0 0.5692401960784313 0.4509803921568627 0.011029411764705843 0.017156862745098034
0.0 0.5914522058823529 0.48754084967320266 0.040747549019607865 0.07230392156862747
0.0 0.6286764705882353 0.48080065359477125 0.030024509803921573 0.04575163398692805
0.0 0.6714154411764706 0.4709967320261438 0.024816176470588203 0.02941176470588236
0.0 0.6919424019607843 0.5036764705882353 0.02113970588235292 0.05065359477124187
0.0 0.6234681372549019 0.35825163398692805 0.02757352941176472 0.022875816993464027
0.0 0.9716605392156863 0.5580065359477124 0.02604166666666663 0.07107843137254899
0.0 0.9200367647058825 0.4893790849673202 0.026960784313725505 0.07761437908496727
0.0 0.9042585784313726 0.4217728758169935 0.027267156862745057 0.04779411764705882
0.0 0.8382352941176471 0.45098039215686275 0.05147058823529416 0.065359477124183
0.0 0.6188725490196079 0.19648692810457516 0.03676470588235292 0.0514705882352941
0.0 0.13158700980392157 0.29187091503267976 0.010723039215686264 0.026552287581699363
0.0 0.7480085784313726 0.24591503267973855 0.011948529411764719 0.015522875816993464
0.0 0.8903186274509803 0.25 0.013480392156862697 0.022875816993464054
