0.0 0.8502395678050378 0.7784841871739975 0.030716947358906732 0.03511438178190551
0.0 0.8299172293893846 0.7516985126025156 0.06370552110480532 0.06734418252932595
0.0 0.6426434535144336 0.6187806039041912 0.08160121686728161 0.08941312978343241
0.0 0.5933781755159794 0.6646218993822535 0.05931571068506636 0.06597221926262531
0.0 0.5461376480140219 0.6306372088462913 0.10006892377343307 0.10453533755993005
0.0 0.5872298821861281 0.5130197577180792 0.10354229747346444 0.12227019466317718
0.0 0.5339667807990971 0.5200916511387441 0.12746453794586055 0.1416225523038292
0.0 0.26538980041239757 0.2821342812155615 0.07551929937773472 0.08495222733608909
0.0 0.2390020723029332 0.18909158933286457 0.1106007170707888 0.11815395737382206
0.0 0.21387516489919858 0.25927431270942625 0.052405102311854745 0.0622174167694482
