0.0 0.012143470930763775 0.41650435785022444 0.02428694186152755 0.058230751770429245
0.0 0.03891669035097178 0.37035848353746786 0.07783338070194357 0.0892903505288366
0.0 0.09883140716887397 0.429072140189307 0.0911786404693071 0.11716401659181563
0.0 0.1659854562268871 0.45428431323770274 0.037733627851517126 0.05264831118810476
0.0 0.20195736835470213 0.4638784944297513 0.06880649913266168 0.09202420205869
0.0 0.26049620217445957 0.4915143607703016 0.033092935871165186 0.029710224186578205
0.0 0.2609454892373706 0.522010575302964 0.028022865612007786 0.04324506819264895
0.0 0.27541310738166425 0.5647078893836133 0.03082831896558319 0.041668372318463986
0.0 0.3747256978845319 0.5291941318774671 0.0725305905051834 0.11273873166515958
0.0 0.3868659942087616 0.591948199111985 0.04851211132723787 0.06903902086779912
0.0 0.3312540263038207 0.5069200210782542 0.039346105248935836 0.046803446917229596
0.0 0.3253001971751567 0.47327469346758244 0.0517867605278301 0.052248039393909984
0.0 0.3149672361581518 0.4151672365604919 0.04194478644404526 0.04871020981321905
0.0 0.34883756625742574 0.4112895018977073 0.08174629098924047 0.1298730526835905
0.0 0.4892624508246476 0.534288340851981 0.08014165301824927 0.0892903505288366
0.0 0.5777646572645199 0.5535032482815523 0.040948705808810826 0.06731848098638604
0.0 0.6331511180414657 0.5609312408398528 0.07620295006083411 0.1184868461181704
0.0 0.715903288948975 0.548858587848877 0.07457652100363954 0.11055627255788192
0.0 0.737281076843465 0.635361996756912 0.016936183755195122 0.02047265506180873
