0.0 0.9065516939084296 0.34554744460409215 0.06074162818174211 0.11100240553606294
0.0 0.8898347197710117 0.4240554379674879 0.03252193999443109 0.03288287914957877
0.0 0.8647952502035144 0.35120970722998435 0.059174051012606865 0.11042741104358406
0.0 0.7102846363163235 0.3519193726578546 0.018887557782620856 0.026557514829510076
0.0 0.7833773269031269 0.484164785273521 0.028211290210828244 0.053657500648742806
0.0 0.6622755797331973 0.34985003352683597 0.04429976370415223 0.09835040218752428
0.0 0.6272027838609959 0.39073341296278463 0.05283805797635299 0.09127807799958587
0.0 0.5985323027389623 0.46152606632064774 0.037375385591031485 0.09557682435860221
0.0 0.5908661636711023 0.3396918744563492 0.012415097193335556 0.01701707142146902
0.0 0.5589838964577998 0.3898797471764369 0.016710975458449018 0.02591492391471606
0.0 0.47447805765445017 0.4547451789491145 0.016179876764812362 0.03467800846613328
0.0 0.47822540391876045 0.4274083932003787 0.019854527773202346 0.051526938637415365
0.0 0.5301108885599839 0.4074696885763827 0.007261722870495757 0.01123205357712076
0.0 0.5027865996964469 0.5403802303937894 0.037970144209904855 0.025066569413373596
0.0 0.46260421907454796 0.5879958273920988 0.020771859630961342 0.019147633432796463
0.0 0.6397764681376833 0.5956624791499356 0.019011803233965674 0.024967299293903067
0.0 0.22641107013292855 0.42350556805580497 0.028323313560486008 0.06008595921348597
0.0 0.22149306476572783 0.48056467530808733 0.04134996532566082 0.05551682716520906
0.0 0.18046987166719408 0.4845015295537423 0.019553849320887884 0.019012440588166313
0.0 0.20622872016794716 0.5291135472384336 0.02481924699338539 0.031225916997257408
0.0 0.0746732966409333 0.5352899093728583 0.039794610258212404 0.04692315857237994
