0.0 0.9800132666758121 0.6211655845719407 0.036243516226939665 0.11131937828842742
0.0 0.9880857291828972 0.5522208331266749 0.016192052043777272 0.022481973892108154
0.0 0.9420214705703742 0.45920828516416284 0.03735902933800217 0.06009951602042907
0.0 0.9500015514424487 0.522827695884369 0.08713089983857614 0.07100289509926616
0.0 0.8385473858524521 0.5196136511197859 0.036708149591771266 0.086704964283632
0.0 0.7744839884339272 0.4852248276353954 0.02563885562514523 0.029106376644096876
0.0 0.7563482516593465 0.4381240242808545 0.024569765057962933 0.03473040804372807
0.0 0.7426330947984331 0.5153934754461866 0.033020374826871146 0.06495382421070495
0.0 0.7244450399479703 0.5406609722922864 0.02148974750427879 0.05560047752791919
0.0 0.706418685375436 0.5294151311230784 0.020176753153691496 0.05356172296406325
0.0 0.7086386807024514 0.4714564195626233 0.035110168240022 0.060027935562255885
0.0 0.6328895927710968 0.4977265371936065 0.03601752145931392 0.08069209458720245
0.0 0.6029720945269859 0.5693109902809468 0.033237099913705936 0.07960511353922184
0.0 0.5933187810582797 0.4914644799925922 0.02570444787641102 0.07037902100429971
0.0 0.5657157361634146 0.5217683353354883 0.03662928316512193 0.07638481484752091
0.0 0.49590332116490166 0.5894149300873297 0.0224912065029374 0.09490594778243899
0.0 0.5122219970107389 0.6189490344183991 0.02784529867383756 0.02784529867383756
0.0 0.44616821421459085 0.5606514542991202 0.028805674454738972 0.050175280734324534
0.0 0.4806554229606414 0.6166102728834217 0.012103270987977588 0.027344235466625566
0.0 0.3674166403246709 0.5398022014115087 0.03789985946642127 0.0770909109829444
0.0 0.3077876902710378 0.5429067650686633 0.016446560339503924 0.030477924462703587
0.0 0.29993725510694813 0.5970177381133752 0.03210108226372682 0.059599330344250134
0.0 0.02898189961316794 0.46949980970583605 0.015139535660843029 0.020784337319601554
0.0 0.05039580259672252 0.49219254828034276 0.011966747159323055 0.007370265808619714
0.0 0.09724609288263841 0.5133604031056009 0.016304066838923048 0.01815878738394361
0.0 0.5197843861977796 0.45994246836667435 0.012076092291407381 0.03433273883165511
0.0 0.5134683053115076 0.48942312063810783 0.0062561060640689 0.01617482897874456
