0.0 0.12830578948322086 0.8368472683467338 0.03257680694206194 0.03897984796099829
0.0 0.09191458854541651 0.7831867036974631 0.027960954593310328 0.030793443730516734
0.0 0.28563925144801067 0.7948092817151469 0.08830146915691142 0.08947903991901474
0.0 0.2410659847780401 0.737161735833766 0.08287271817860772 0.09653744556384747
0.0 0.25167852634185855 0.7104844543638329 0.07624417929302693 0.09027689754142376
0.0 0.2911979708492278 0.7178749292389193 0.08182517034036096 0.09225157812981655
0.0 0.3170282012129454 0.6973926906009679 0.08904215423197614 0.10162744175195448
0.0 0.3291888562940126 0.6550133135007397 0.12913169925624857 0.13487235672150177
0.0 0.4395401846893825 0.7958770990249959 0.04013568118970734 0.04371745892443801
0.0 0.568077240701194 0.6853155109309529 0.04307926771994797 0.04447763299994567
0.0 0.4498220402856177 0.5613595826905439 0.0794818181387762 0.09444677990717154
0.0 0.5111258242440542 0.5902541575070293 0.06395416635186368 0.06093664127397436
0.0 0.5403693534821283 0.5701708852951419 0.07761003884206041 0.09024439181045973
0.0 0.5031586339355824 0.5470497123853922 0.07285430037824736 0.07707392894245046
0.0 0.46107157559299117 0.5344825734683973 0.09177319258000849 0.1089706322515579
0.0 0.4485032307417596 0.45111103587978546 0.08415673321932382 0.09021631609931335
0.0 0.48250494100426733 0.42706969524663846 0.09392859636968032 0.10192626446229813
0.0 0.5471307566955484 0.4473143112391239 0.046022854250188816 0.045237807075453274
0.0 0.5384076812543667 0.403874629898995 0.0937635458529762 0.10416542091822156
0.0 0.6422421605851928 0.9156028058891257 0.042796323977026374 0.04831618692438544
0.0 0.6211383254922702 0.7641761829615921 0.027420571884127387 0.027543235505179786
0.0 0.867482556204344 0.6752869446514569 0.029398455084438613 0.030306165880226388
0.0 0.6865589664129157 0.4288881400968022 0.04105388685413258 0.04605856259307123
0.0 0.6998532868902465 0.40808632526234234 0.024017882521674028 0.02561250959535538
0.0 0.6622523999882438 0.3360267853822353 0.042537639629383284 0.04442665939359047
0.0 0.7361654295479305 0.2479969685085496 0.052132662940413854 0.058535703959350205
0.0 0.8080032840325173 0.3182417229463801 0.029515667560621295 0.03611497037324146
0.0 0.8048204317610352 0.2484033890397243 0.10019200662900529 0.10944084365635776
0.0 0.8591525695690474 0.29874088739713633 0.09964969778840593 0.11679807201153419
0.0 0.8643346513361951 0.25697548383409397 0.06247041357661276 0.062568544473455
0.0 0.8987875619834572 0.22896226265586594 0.07205330719000469 0.08054162976683199
0.0 0.7507678799115697 0.18953034147578385 0.04400926270699501 0.046658796921727363
0.0 0.8223849806142765 0.1943076089781036 0.031870809084827756 0.033759828849035
0.0 0.841312258637906 0.1702179259115812 0.10281728144845947 0.11451939089686025
0.0 0.8933952372793055 0.16931401570381716 0.09887228324540676 0.1199458933422124
