0.0 0.7263231282845277 0.6515780288134152 0.06789818158616123 0.06671306447775105
0.0 0.6673814754376906 0.6630828274589327 0.04262440808285339 0.04187370689199543
0.0 0.6865988003348191 0.6184158437273741 0.020446725362936458 0.020229517404160346
0.0 0.7138136799784913 0.5787269392738648 0.01588996650719776 0.015783267860781436
0.0 0.6195419196065208 0.6507046933469158 0.07500288364772101 0.07240782014023761
0.0 0.6670195929820205 0.61542017343499 0.02406562904905063 0.023227282541493643
0.0 0.5884407688011781 0.644127582196264 0.060048732978499775 0.058292015978573475
0.0 0.639542444191911 0.5922453839010668 0.08332941716678444 0.08067719367014947
0.0 0.5953522250508203 0.5934623327032207 0.054188295022566724 0.05276310595971978
0.0 0.5486729091625439 0.5395568341422425 0.13627752674701976 0.1328364954000925
0.0 0.44665903947119723 0.541321718037916 0.06077571385805958 0.06049372457824498
0.0 0.4777645630989779 0.5238160783045629 0.021164097902544365 0.021030724594524042
0.0 0.4832412742694041 0.4707111399126416 0.09630008686093428 0.09373931934694196
0.0 0.4126231794594084 0.3879720033225734 0.06844836849537828 0.06844074716349136
0.0 0.33866172554779794 0.2350116235547685 0.08184486543295222 0.07955846586688764
0.0 0.2602422238298995 0.24295414250862027 0.060642608547390675 0.06019294996606467
0.0 0.31053303136673405 0.1956048194076772 0.03252118921548802 0.03223538926973002
0.0 0.31808903253495907 0.22397151686001993 0.020965459602364844 0.020470073029717595
0.0 0.28297768224969094 0.15456194871795523 0.03234031658185044 0.03219932194194303
