0.0 0.5843009705518389 0.3832354679771838 0.055920914024715884 0.05910808017628405
0.0 0.5241469561573497 0.4220842247273059 0.11183554332720924 0.08787277559504786
0.0 0.536522351471544 0.44664547896728746 0.1012932325210173 0.08417696985518769
0.0 0.5846255724761839 0.440382577905316 0.04531671195152276 0.04748083711616785
0.0 0.535975759671299 0.5662605898852836 0.03200238322672999 0.03156955819380092
0.0 0.5069715291196131 0.5879450293822688 0.03184830951404971 0.028975925204611563
0.0 0.5377451194608343 0.6193665483632382 0.0705126147641455 0.05862960022373054
0.0 0.5407355902654051 0.6511650676807502 0.0188010128043552 0.01679427856077509
0.0 0.4879924361461221 0.6573391035054272 0.07482903671248153 0.058184946809847204
0.0 0.5867433641693081 0.7022135745742552 0.027541839190867834 0.02116750688773128
0.0 0.6054133488724027 0.6979701632811502 0.01762036274475931 0.012229723698279793
0.0 0.6106594070610055 0.7196675443842631 0.07481908508732715 0.0664380185406106
0.0 0.6251573100548976 0.751109948297775 0.06700182837046631 0.054646641066856017
0.0 0.6144100766522163 0.7773791731349755 0.04093839873618543 0.03999405320979488
0.0 0.5994259460638274 0.8091438659138173 0.06204877201788528 0.049732932444541245
0.0 0.5960210905569154 0.839888616762513 0.06161273885237528 0.05578927477296647
0.0 0.5615733429390031 0.8467123922112686 0.05072614102313744 0.0413220334894977
0.0 0.6004131522133407 0.8888096834680772 0.08817409291916734 0.07231695762185864
0.0 0.6873862555193885 0.8914288724421108 0.060447452533725965 0.05033508585529334
0.0 0.7090595868617119 0.9210130946331269 0.05116304679507744 0.05824563824300699
