0.0 0.03199135276214182 0.24478081511184094 0.06398270552428365 0.07617046850508707
0.0 0.18310051954375922 0.2924555642794943 0.05895286342986589 0.05746736543721087
0.0 0.19248863736889363 0.30796453616540787 0.03392282259956242 0.03538179384234852
0.0 0.19426196711297472 0.34226236169474983 0.04313392536724711 0.04835969509140825
0.0 0.2234302408240441 0.34346286007375637 0.07498041074659423 0.08697050168730913
0.0 0.21589009531540065 0.3949669427397152 0.052103612808519634 0.05884140727520448
0.0 0.27396393285981285 0.35315813692653447 0.11549906397249499 0.1362164556200578
0.0 0.29368619202942003 0.43294143902398696 0.08178425541000628 0.0991858033239642
0.0 0.17001843346768325 0.4611220839144046 0.032152206492141455 0.03398255223309121
0.0 0.1913772173197285 0.5451095300998086 0.0396279960170044 0.04307647349995358
0.0 0.38299175108169725 0.4343198940293343 0.0641026988900254 0.07176892960211978
0.0 0.2996749612425291 0.5190870576176616 0.033279880659894345 0.033863469157008996
0.0 0.34502088821261195 0.5174418441805493 0.09909079144621846 0.10752629790450902
0.0 0.3956214822504682 0.5825932223284367 0.06618973442061232 0.07947963610490039
0.0 0.44918620816683563 0.5356903099700451 0.061626736631814616 0.0693460208436465
0.0 0.5443412040530613 0.6405466441295343 0.06457483123247842 0.06582158847631381
0.0 0.5608960980203767 0.7134418748497957 0.01802258049737393 0.020303880986094036
0.0 0.5807285429387696 0.673517612022718 0.05681222042326872 0.06782082161883674
0.0 0.67341449466501 0.7639522651612602 0.04787153590377935 0.05269940437990783
0.0 0.7194986309355644 0.7535893530230481 0.06483894953785807 0.06152310580425335
0.0 0.7433269326875448 0.8186059010824285 0.09321100528104176 0.1056255242196582
