0.0 0.8070976658175585 0.6340106842368167 0.04858662010158077 0.06655973457335129
0.0 0.7619126312249679 0.5815076700105314 0.01644932940153021 0.020385394048382244
0.0 0.717982190552398 0.6674172996418962 0.01823331657512084 0.014060139600145183
0.0 0.6966566754760718 0.6843685749374828 0.025298514764475755 0.026673766267592658
0.0 0.7052577587610585 0.6814356086768095 0.016004310853013015 0.020224910293613396
0.0 0.6232609406560361 0.5992296070399611 0.02494804147171603 0.034290267199786895
0.0 0.6302218111408296 0.5760923307399646 0.020484707096931398 0.02674447255939505
0.0 0.5707433933862869 0.5011688192607011 0.01884574581097498 0.02434675182344298
0.0 0.5518398875231055 0.5169819553812944 0.039501776574764724 0.05425016338405392
0.0 0.5000640206360878 0.5430678498600497 0.04823544183329742 0.06075497275822461
0.0 0.4913639325771091 0.5075776427223985 0.010873448655452034 0.012438390021068058
0.0 0.47789644606612985 0.5372529224026898 0.017609148400702268 0.02467509577878646
0.0 0.4501732606232245 0.5649722611858814 0.059148337157585607 0.09101623405740034
0.0 0.4291948167847094 0.5175108119130956 0.012512409941408231 0.01483611075701985
0.0 0.4131222584551626 0.5251251537055129 0.03237686184344274 0.045228350027742836
0.0 0.4006125099790389 0.521116748059192 0.03810700438724568 0.057360525430883935
0.0 0.3237675645343723 0.5483876490407874 0.008383191965773307 0.014121310306365098
0.0 0.12764000406508547 0.3869713118171094 0.0884420779731023 0.09280494481057694
0.0 0.11011972550180976 0.4289307946396168 0.060730789905572305 0.07661731588985499
0.0 0.091633142354972 0.3989634231763581 0.02335173485859353 0.029326965527308846
0.0 0.1116125678227061 0.33693690516199193 0.026453715808602563 0.024509394717988797
0.0 0.07479244742665855 0.35467044849037044 0.03738829095706944 0.060198496922561906
0.0 0.012605564789601467 0.3806897744134637 0.012213122256049286 0.01937391456538262
0.0 0.09591357256114544 0.3128360962767309 0.027669338370220356 0.032174472604569126
