0.0 0.5918139062229669 0.9149898760802246 0.09069063038362235 0.03719690012198551
0.0 0.5629976958369036 0.8597120960648281 0.0681223507951848 0.03602611263820277
0.0 0.5758992074194941 0.8103778939441462 0.02151176841968283 0.018202084389106754
0.0 0.5182789152914639 0.853864811569162 0.020126817870304903 0.01735591961214822
0.0 0.492325400689446 0.8396126135194828 0.017263855484696555 0.01888021280195451
0.0 0.58421516027373 0.7442107067269368 0.049377491996055234 0.032906041239234685
0.0 0.5695973019063613 0.7046799677019369 0.1047078456256163 0.038975981390453995
0.0 0.5861819810369946 0.4517715991915643 0.041475862338777425 0.0199244314420029
0.0 0.542502029392657 0.46677944498832846 0.013036349694002358 0.010881206604324845
0.0 0.5361060308098451 0.45258697263242387 0.021438117117721478 0.017204800334426562
0.0 0.4976172668162414 0.5016800543369235 0.02902772590106467 0.021484725087193568
0.0 0.48284512572914406 0.4917410479628996 0.015067743454343419 0.011527151235587563
0.0 0.5035231684734718 0.310099755374282 0.06675481591189636 0.03989249668698808
0.0 0.46154843212921703 0.2554177359808708 0.030691860311000074 0.012681021632981349
0.0 0.4934699977338911 0.21470610053770053 0.04904705829663031 0.023955035181099926
0.0 0.430303224517532 0.1604610891409551 0.09587759741861518 0.04923414340631033
0.0 0.3915669191626353 0.11794860688630185 0.01672788922667534 0.020576359029670754
0.0 0.4391439428982421 0.1013995508133422 0.06370772527138485 0.03892357974009403
0.0 0.4838492964151956 0.08443587089509783 0.008584898519221673 0.013280031678876092
0.0 0.4173318529158718 0.06628567226493767 0.06007142421518269 0.02997639035575833
