0.0 0.9817708333333333 0.4640522875816994 0.023590686274509776 0.04493464052287577
0.0 0.8016237745098039 0.48059640522875813 0.05484068627450989 0.0837418300653594
0.0 0.7185968137254902 0.5224673202614378 0.03645833333333326 0.06781045751633996
0.0 0.6783088235294117 0.4991830065359477 0.054534313725490224 0.07107843137254899
0.0 0.6266850490196079 0.4274918300653595 0.032169117647058876 0.1115196078431373
0.0 0.5847120098039216 0.4483251633986928 0.049938725490195957 0.09191176470588236
0.0 0.5265012254901961 0.445874183006536 0.034007352941176405 0.04125816993464049
0.0 0.5240502450980392 0.3995098039215687 0.019914215686274384 0.03513071895424835
0.0 0.489123774509804 0.5251225490196079 0.019914215686274495 0.03472222222222232
0.0 0.5165441176470589 0.5010212418300654 0.018382352941176516 0.020016339869280975
0.0 0.5032169117647058 0.4861111111111111 0.019301470588235392 0.03349673202614378
0.0 0.42524509803921573 0.4912173202614379 0.026348039215686292 0.032271241830065356
0.0 0.47457107843137264 0.4250408496732026 0.01409313725490191 0.0191993464052288
0.0 0.2991727941176471 0.5238970588235294 0.016850490196078427 0.026552287581699474
0.0 0.26393995098039214 0.4554738562091504 0.01930147058823528 0.05147058823529416
0.0 0.22273284313725494 0.4129901960784314 0.052696078431372584 0.10375816993464049
0.0 0.1813725490196078 0.4352532679738563 0.019607843137254943 0.04207516339869277
0.0 0.038296568627450955 0.4293300653594772 0.031862745098039214 0.03594771241830064
0.0 0.013480392156862697 0.38664215686274506 0.026348039215686292 0.06985294117647056
