0.0 0.8309162600040649 0.503133606535944 0.028525933304365036 0.04764147029145338
0.0 0.7889424317159206 0.5217953384715757 0.021567213056535195 0.04688238366105779
0.0 0.7585343602437242 0.4977845577237623 0.010853709792789434 0.013953526601506283
0.0 0.487892160201161 0.5192598966296144 0.01656980142493497 0.014577062047902656
0.0 0.44163059397463844 0.4686447282702495 0.01686798359145686 0.02181292945298169
0.0 0.40852878091847034 0.5398207193663037 0.022141183374375928 0.03188346477320092
0.0 0.3931089890763888 0.5264137941204887 0.009294764642830744 0.01542059309815258
0.0 0.3821918089964649 0.5462144299462017 0.016777677012010273 0.011980341474710055
0.0 0.30083626866399427 0.4816559937646171 0.04799649962860664 0.09331286916556536
0.0 0.2823658903207107 0.544026746115827 0.0090327294587087 0.008516093323922558
0.0 0.28827640895549933 0.5244369473952617 0.007080670656014254 0.0086305790603729
0.0 0.26070636261410934 0.4526701193047152 0.014857262038053931 0.010133731662866019
0.0 0.04481406282050249 0.5161225371804103 0.04963236365013224 0.07679266330746248
