0.0 0.9866163258023806 0.5369705754891263 0.025525292108503184 0.025525292108503295
0.0 0.9879993548817131 0.4681357248032313 0.017075585446208796 0.028019097278813465
0.0 0.789520348587075 0.6545502390383661 0.021615182200358074 0.026989228189583603
0.0 0.7059439393388681 0.7164275376576811 0.018450457056921055 0.024410762608607417
0.0 0.6477911197358892 0.547352085886543 0.06114105216616739 0.10892120650673554
0.0 0.681985273917806 0.45680654631975515 0.034716632559969485 0.062173122068557574
0.0 0.6519815970019538 0.45206006980640057 0.02986579936431044 0.055856639966746335
0.0 0.20580902354075886 0.5316934904111725 0.04926913214694606 0.08112256837399145
0.0 0.17469497719066923 0.5097277186750109 0.03865243484419634 0.09737610101736899
0.0 0.11979361952454956 0.5063796029019081 0.052482467043186654 0.05600002441795232
0.0 0.0850851444332007 0.49325653890052534 0.02992794905499485 0.07174779784387658
0.0 0.06373772739676531 0.4759976047070155 0.03826689627380131 0.08106384433345137
0.0 0.014232804442830704 0.46470085155296037 0.027164665895689777 0.03537229977014317
