0.0 0.273277697515034 0.3237841512982066 0.028212188924012227 0.05331976333062416
0.0 0.22987834136491847 0.4524552883521529 0.01790138471176772 0.031071308710327927
0.0 0.33258049312030613 0.40216339070195695 0.013840930822037079 0.0433384798948358
0.0 0.30599664987176084 0.4194325218106111 0.01967667700083353 0.028225575034986683
0.0 0.44148762800609975 0.3800673283611792 0.029070837218881318 0.06164907026795152
0.0 0.3977660911993277 0.4652652095282902 0.00957401941187036 0.015581353165599554
0.0 0.36902090720989256 0.45730878601069735 0.008612276488000503 0.0092284132832548
0.0 0.571864562128765 0.4873875066771613 0.06596815246515608 0.0812175381476995
0.0 0.4768853516139999 0.49730268096221764 0.01735958150258532 0.027063736027840235
0.0 0.5026151717184408 0.49852058975911173 0.03263823329722748 0.04603920859400806
0.0 0.4909034738443746 0.44970024143298476 0.037821788701590975 0.06262129471057587
0.0 0.45806296601970553 0.4599932240066751 0.028463208849251798 0.022917977691963298
0.0 0.638425528592734 0.5009573069517972 0.0594872401857417 0.05032220535633425
0.0 0.6494093839414029 0.47251763411394687 0.012249144194918626 0.01147897320085084
0.0 0.6404149737321383 0.4310824031773967 0.015289859461451671 0.012363209683993848
0.0 0.6756951509697556 0.4558951056741708 0.01575294074053235 0.01867959051799023
0.0 0.7464925157867179 0.5279311605662761 0.0185594475820402 0.04004721831653324
0.0 0.811170067788203 0.5928339861372415 0.0230474023851428 0.040376249751669535
0.0 0.9611334412882379 0.5612143860687862 0.02264427417066961 0.02811248822855139
0.0 0.9937264415245748 0.5594260707427732 0.011321560796347274 0.07324330871940243
0.0 0.49207509225848856 0.6132236126534061 0.013010301694191817 0.01847851575207371
0.0 0.38827065958634155 0.5041750720760185 0.010503828438156504 0.011351016531631175
0.0 0.5426183169714909 0.4110447293881433 0.011677364453432593 0.010445090862924056
