0.0 0.952625 0.5053333333333333 0.03025 0.02200000000000002
0.0 0.994625 0.5188333333333334 0.010750000000000037 0.03433333333333333
0.0 0.982375 0.5196666666666667 0.011749999999999927 0.009333333333333305
0.0 0.858375 0.495 0.01574999999999993 0.052000000000000046
0.0 0.8732500000000001 0.5128333333333334 0.013000000000000012 0.010333333333333306
0.0 0.81275 0.4545 0.04249999999999998 0.04766666666666669
0.0 0.8126249999999999 0.5005 0.027750000000000052 0.05499999999999999
0.0 0.77025 0.5111666666666667 0.019500000000000073 0.042333333333333334
0.0 0.749875 0.5268333333333335 0.022750000000000048 0.06500000000000006
0.0 0.906875 0.486 0.013249999999999984 0.01533333333333331
0.0 0.67075 0.424 0.01200000000000001 0.020000000000000018
0.0 0.5662499999999999 0.4458333333333334 0.024500000000000077 0.04366666666666669
0.0 0.495 0.41233333333333333 0.03049999999999997 0.03400000000000003
0.0 0.498625 0.4683333333333334 0.02124999999999999 0.03266666666666668
0.0 0.43025 0.48783333333333334 0.02849999999999997 0.04766666666666669
0.0 0.44475 0.4541666666666666 0.00649999999999995 0.007666666666666655
0.0 0.38487499999999997 0.4601666666666666 0.03475000000000006 0.0743333333333333
0.0 0.371375 0.5223333333333333 0.03325 0.09533333333333333
0.0 0.3485 0.43516666666666665 0.041000000000000036 0.03300000000000003
0.0 0.283375 0.4915 0.036250000000000004 0.04300000000000004
0.0 0.09187500000000004 0.4796666666666667 0.02675000000000005 0.08400000000000002
0.0 0.08062499999999995 0.5268333333333335 0.02675000000000005 0.03500000000000003
0.0 0.43174999999999997 0.37049999999999994 0.014499999999999957 0.017666666666666664
0.0 0.643 0.4881666666666667 0.010499999999999954 0.01100000000000001
