0.0 0.028338082422647903 0.3938217000426534 0.05667616484529581 0.10595755209966717
0.0 0.0326119606200236 0.5069774406252505 0.0652239212400472 0.08473803345913866
0.0 0.061290784489140854 0.5456746584145952 0.11096787379382694 0.13427826858474035
0.0 0.1375437726626171 0.44931488761615307 0.08579045310083333 0.11171999337387184
0.0 0.17630232652407296 0.4595683940167889 0.0377798028048448 0.03526542314200476
0.0 0.1772394193969099 0.4949707956450258 0.029723417266743463 0.03339022094171873
0.0 0.14725567436274606 0.5205636366925793 0.04860577429240068 0.0612824384258861
0.0 0.11915909416576584 0.5464772232454413 0.03515306189752282 0.037091229554295446
0.0 0.2802491954877561 0.4524612409699366 0.02856947416956912 0.034383977139886945
0.0 0.25391657238521576 0.4746117512947818 0.05511958620540666 0.07879666136381747
0.0 0.30522065003982424 0.4393200767758035 0.01350127206770596 0.01821573393553122
0.0 0.3643198693815519 0.5037883834000679 0.029431906084478987 0.03608453560907687
0.0 0.3465357812764436 0.5568902230567668 0.042538420235675056 0.057258017845218
0.0 0.3156919621363442 0.5684475001542785 0.04927082724905568 0.06446187104538126
0.0 0.2983947770533277 0.6316097748379864 0.09154806695482198 0.11653471485429545
0.0 0.3340044934743333 0.6295362959721915 0.020768141772787296 0.02600643273703762
0.0 0.37491436693651753 0.6068965099600807 0.08110176463024577 0.1080789630961343
0.0 0.4568372245165991 0.622634371422444 0.05892761374061173 0.07883311940476245
0.0 0.48202424247879744 0.5489078785201089 0.019784234103159215 0.022665294133496938
0.0 0.4951834694609944 0.5694368551874611 0.019990727571650324 0.022138426866992966
0.0 0.5203160572580884 0.5824766937958361 0.05448785102275466 0.057002230685594735
0.0 0.4787143609305158 0.6308123646583179 0.06803170851999463 0.09071350839519798
0.0 0.4754577863535976 0.7089842808495623 0.036146084077387286 0.0413843750416375
0.0 0.5223798259465742 0.7035611652946518 0.06286623154077098 0.08146216446385934
0.0 0.5455398998131261 0.6439842620782164 0.055909102038426806 0.07288116476259743
0.0 0.5910261321820021 0.6407548431590542 0.05626740191399204 0.06611538892678248
0.0 0.5677392581484975 0.6443180238155322 0.023009239273835358 0.028090381509158102
0.0 0.6131176642437111 0.6111750321468972 0.0460093640374345 0.055228756134514945
0.0 0.5574813076432232 0.6808790319599193 0.06275685741793657 0.07003808185824423
0.0 0.5753507448416895 0.7000731886227226 0.014561082940870884 0.01843741825441625
0.0 0.5712553832925037 0.7145515232022799 0.018772982902822477 0.016468134878552365
0.0 0.6060002654210277 0.6693401040199816 0.02947135124707112 0.02915705378921596
0.0 0.6910589144971537 0.6775796528445804 0.020206335550377985 0.022563566484290476
0.0 0.6643472146461837 0.7195833008918894 0.05996008108306816 0.0761987830722437
0.0 0.7341984277950975 0.8012045989484675 0.04174277701406581 0.05148599820757105
0.0 0.7749459779656193 0.7451082160422337 0.07208268756463587 0.09403112670484415
0.0 0.8050517629801892 0.7464267211881763 0.08514362916465079 0.11044457452197931
0.0 0.8344704630316189 0.7724403689991641 0.03409026390271075 0.04760505459047615
0.0 0.84184498775952 0.7879232874172675 0.017111920644656164 0.019731066126781216
0.0 0.8803890791202877 0.7456252424105734 0.0244455790430379 0.023450303759830482
0.0 0.8973368049149989 0.7035872464289921 0.021800609115243397 0.02337209640451854
0.0 0.9350813139896118 0.7473808691785571 0.03688704023757916 0.041444353376476784
0.0 0.964902802585009 0.7786407868922407 0.033388752905110786 0.04061759443577606
0.0 0.9297883195125515 0.841703859426352 0.023066913456899707 0.023066913456899707
0.0 0.9175151916722056 0.7845516868620712 0.04317000227303236 0.04589391357444239
0.0 0.8899078945905905 0.8350768966251726 0.09488543336998012 0.12264837548050611
0.0 0.26598936229442316 0.35579767168860854 0.01955951161419539 0.021288147632398058
