0.0 0.7504217426482149 0.5609648786928276 0.04778265234894208 0.04588877947971437
0.0 0.7336115692504073 0.5871012999241303 0.030744432028682378 0.042354696140035064
0.0 0.9897507177363056 0.5451265785085097 0.02018434377082945 0.05822648575270839
0.0 0.9535536274230095 0.5298642374158442 0.015107585812856206 0.030505595662664198
0.0 0.9428739372217787 0.5555731065725544 0.028336955577397904 0.028995693966694436
0.0 0.9238887252708496 0.5013448634498208 0.01190681251033654 0.013471316184916038
0.0 0.5942946439595582 0.4967812427370263 0.02662083601526144 0.05297037158712553
0.0 0.5999688441496362 0.5455183989594337 0.017408659516332747 0.034865226832692664
0.0 0.5795531063670636 0.6122816993256772 0.03933841819652917 0.05045462851590943
0.0 0.5187777239658595 0.5400581330956202 0.03009300550785854 0.05067858017337734
0.0 0.5327733266272663 0.4982206725352084 0.017778576769195475 0.023871906870189197
0.0 0.47295020590421477 0.6203552811837522 0.028791861915861194 0.046330771530883164
0.0 0.43140470047126267 0.6345317657420504 0.01936911131417679 0.031555771516163844
0.0 0.3995794792496069 0.6089870592394542 0.024520223336656932 0.023285088856725866
0.0 0.07809845769974913 0.4891779677302539 0.039447052337198085 0.08078288626555996
0.0 0.05457652683493089 0.5649051715172069 0.03076413624123958 0.04402124632583371
