0.0 0.13112745098039216 0.502859477124183 0.03308823529411764 0.05228758169934644
0.0 0.1564031862745098 0.47406045751633985 0.03155637254901961 0.04779411764705882
0.0 0.16651348039215685 0.5390114379084967 0.03155637254901961 0.07393790849673199
0.0 0.24310661764705882 0.5083741830065359 0.015625 0.028186274509803877
0.0 0.26409313725490197 0.5488153594771242 0.031862745098039214 0.05596405228758172
0.0 0.28921568627450983 0.47181372549019607 0.031862745098039214 0.08741830065359474
0.0 0.36473651960784315 0.38643790849673204 0.03155637254901961 0.026960784313725505
0.0 0.37683823529411764 0.5610702614379086 0.03799019607843135 0.08864379084967322
0.0 0.4060968137254901 0.5206290849673203 0.032781862745098034 0.10089869281045755
0.0 0.4362745098039216 0.4959150326797386 0.03982843137254899 0.11111111111111116
0.0 0.4814644607843137 0.4781454248366014 0.034620098039215674 0.07148692810457519
0.0 0.5263480392156863 0.46017156862745096 0.016544117647058876 0.033905228758169925
0.0 0.3792892156862745 0.43504901960784315 0.015931372549019607 0.02941176470588236
0.0 0.6818321078431373 0.45935457516339867 0.04319852941176472 0.1000816993464052
0.0 0.6521139705882353 0.4211601307189542 0.025428921568627416 0.05310457516339867
0.0 0.7345281862745098 0.43566176470588236 0.025428921568627416 0.03145424836601307
0.0 0.8206188725490197 0.4311683006535948 0.02787990196078427 0.04044117647058826
