0.0 0.4319089088607402 0.8645913606380566 0.03125042934096761 0.04106465146340943
0.0 0.4649614146253579 0.7915432011897103 0.03919019846957528 0.024085497234254682
0.0 0.4464337188410298 0.7630329293559571 0.017419937132328533 0.015963138536028598
0.0 0.3965836444388736 0.7526661515489674 0.0469110837266844 0.025672493664837592
0.0 0.5068018235657017 0.719424038809088 0.06550316279249124 0.02685966318537647
0.0 0.5372068561177588 0.6395268437814393 0.04663645241548331 0.026394619287947174
0.0 0.5134140538226831 0.6055953391965865 0.037687677785193385 0.021739566836225355
0.0 0.5273022596655476 0.5815928864372073 0.04080814642240793 0.027926979886703118
0.0 0.479851233472789 0.5747963052354619 0.014582735648091372 0.017726353671686068
0.0 0.4072483105733181 0.6751319120220424 0.04403010546814751 0.031148938932442638
0.0 0.4423439638029439 0.6102652352967324 0.07524069042386106 0.041734322708961935
0.0 0.38812265990598116 0.5980566234299716 0.03834706665789689 0.026002615394512985
0.0 0.3923340877926184 0.5499881683356411 0.039393179286625446 0.01815458922477864
0.0 0.31575568052798486 0.6130322802003658 0.02932134051530655 0.020350528106511945
0.0 0.43689028561604737 0.4924963625236869 0.03411413591595219 0.018242698577315808
0.0 0.430654051794349 0.46067211078335196 0.06084503253837131 0.030712303678061548
0.0 0.49030907315027084 0.3938144108667707 0.04379394991309654 0.03236958197369166
0.0 0.43192315418188787 0.3965797257163692 0.035009680343706606 0.021285104094354357
0.0 0.5011040865103531 0.318923038289179 0.02046345425724272 0.021153516750226864
0.0 0.43515362378496025 0.2356009869217029 0.055387547246872615 0.03276883219905746
0.0 0.49918773941377986 0.23979093283377326 0.0815061665945146 0.05014665996889972
0.0 0.5589249265510186 0.2390104855706494 0.02413848653500894 0.0216849310043985
0.0 0.49541788637474193 0.21066447221693818 0.017073655326976522 0.011476481772771385
0.0 0.5238580048540622 0.15406014123527006 0.02642642539684381 0.02136596711495975
0.0 0.5614680468124031 0.15407934779223442 0.04573560696957957 0.02756396132099581
0.0 0.596154316835169 0.15299529433055267 0.028950519813729647 0.01982636018427214
0.0 0.46261966566154544 0.12664145753746928 0.019224962847762928 0.02650895582926266
0.0 0.49194532409773994 0.10621253620696094 0.03874046006117532 0.03966054338515429
0.0 0.4893811732620236 0.048469001889327734 0.028233417306800956 0.014815535498775123
0.0 0.39506617494050705 0.05109410399339273 0.02817903849620229 0.026952260730897126
