0.0 0.018229166666666668 0.5359477124183005 0.023590686274509803 0.04493464052287577
0.0 0.19837622549019607 0.5194035947712419 0.0548406862745098 0.08374183006535946
0.0 0.2814031862745098 0.47753267973856217 0.036458333333333315 0.0678104575163399
0.0 0.32169117647058826 0.5008169934640523 0.054534313725490224 0.07107843137254899
0.0 0.37331495098039214 0.5725081699346405 0.03216911764705882 0.1115196078431373
0.0 0.4152879901960784 0.5516748366013071 0.04993872549019607 0.09191176470588236
0.0 0.47349877450980393 0.554125816993464 0.03400735294117646 0.04125816993464049
0.0 0.4759497549019608 0.6004901960784312 0.019914215686274495 0.03513071895424835
0.0 0.510876225490196 0.47487745098039214 0.019914215686274495 0.03472222222222221
0.0 0.4834558823529411 0.49897875816993464 0.01838235294117646 0.02001633986928103
0.0 0.49678308823529416 0.5138888888888888 0.019301470588235337 0.03349673202614384
0.0 0.5747549019607843 0.5087826797385621 0.026348039215686292 0.03227124183006541
0.0 0.5254289215686274 0.5749591503267975 0.01409313725490191 0.0191993464052288
0.0 0.7008272058823529 0.47610294117647056 0.016850490196078427 0.026552287581699363
0.0 0.7360600490196079 0.5445261437908496 0.01930147058823528 0.05147058823529416
0.0 0.7772671568627451 0.5870098039215685 0.052696078431372584 0.10375816993464049
0.0 0.8186274509803921 0.5647467320261437 0.019607843137254943 0.04207516339869277
0.0 0.961703431372549 0.5706699346405228 0.031862745098039214 0.03594771241830064
0.0 0.9865196078431373 0.6133578431372549 0.026348039215686292 0.06985294117647056
