0.0 0.865576976190504 0.45071908575265296 0.040143203762984525 0.05643764556007952
0.0 0.8364862168234513 0.42577967829218055 0.03799189963694527 0.05177283711427566
0.0 0.8356531385811127 0.4915075558000525 0.041685310065828096 0.07765442360728791
0.0 0.7554999628060186 0.4719981099944217 0.01945025004610368 0.030110975264415862
0.0 0.7404371679057202 0.514998516613048 0.03944939023768623 0.05990411504680554
0.0 0.7046883329812719 0.44231829297935243 0.04389302465993594 0.0910428987962108
0.0 0.6178636285667067 0.3684677879168551 0.03504871320142933 0.031148447877656527
0.0 0.6305541122931437 0.5430583427562052 0.05013215010808958 0.0931217412323403
0.0 0.5958757331521842 0.5071562093055884 0.0467073389374737 0.1045179382920608
0.0 0.5625092716972044 0.4869533141900647 0.05512597374570083 0.11562342254555352
0.0 0.5152621801433624 0.47574604100645757 0.044372051255270384 0.07566084640820275
0.0 0.46828953366225967 0.4642932857749102 0.02116808310256696 0.035902418770152766
0.0 0.6103243211014491 0.4186472650918147 0.019926678501672623 0.031367456784739345
0.0 0.31424944491600093 0.4854501790797156 0.05690411447988075 0.10518073193191213
0.0 0.3382736877639086 0.4434404299266237 0.032676126796012395 0.05616439130139933
0.0 0.258734718939848 0.4694395217161404 0.029617521284593773 0.03473120248687356
0.0 0.17287265850047215 0.4771534091608896 0.03331352985324215 0.04397425507155428
