0.0 0.171375 0.5389999999999999 0.023749999999999993 0.04533333333333334
0.0 0.215125 0.5529999999999999 0.016750000000000015 0.04533333333333334
0.0 0.24275 0.5258333333333334 0.009500000000000008 0.013000000000000012
0.0 0.514125 0.5178333333333334 0.015249999999999986 0.013000000000000012
0.0 0.554625 0.4625 0.01475000000000004 0.020333333333333314
0.0 0.5952500000000001 0.5296666666666666 0.019000000000000017 0.030000000000000027
0.0 0.6091250000000001 0.5146666666666668 0.007750000000000035 0.014666666666666717
0.0 0.622125 0.5331666666666667 0.015750000000000042 0.010333333333333306
0.0 0.696 0.46016666666666667 0.03849999999999998 0.08966666666666667
0.0 0.721125 0.5201666666666667 0.00824999999999998 0.0076666666666667105
0.0 0.713125 0.5013333333333333 0.006249999999999978 0.008000000000000007
0.0 0.73275 0.42699999999999994 0.014000000000000012 0.008666666666666656
0.0 0.95425 0.4666666666666667 0.04200000000000004 0.07266666666666666
