0.0 0.9940983650507478 0.50264073808168 0.011803269898504443 0.03844957817127609
0.0 0.9902643157835518 0.5652113108214404 0.015835109359396582 0.026761883866857517
0.0 0.850074996744308 0.4400884350039009 0.06155403815921101 0.06623694151955128
0.0 0.8492890538986781 0.5105871945233997 0.0373106029576008 0.09165179403488327
0.0 0.8252219398844758 0.5244581147284073 0.03194647629419245 0.08775107467158144
0.0 0.7996726031082599 0.4951264803779373 0.041832730382887484 0.08329593721923412
0.0 0.7677778158541715 0.49516145972897996 0.04350364802091766 0.09355217768455487
0.0 0.733109888039924 0.5200172124179956 0.08347022547065142 0.10629937935231049
0.0 0.733941540982445 0.3468895911677985 0.023015457180390553 0.03725928823475899
0.0 0.5700407761938489 0.3536173629974765 0.028688054875693036 0.03424900261609731
0.0 0.5853562910085468 0.5186607032701522 0.03275513912403205 0.09226703599502367
0.0 0.5561869584426239 0.45993512633354405 0.050886551542601355 0.03888661168172919
0.0 0.5219417875119736 0.4576183390607509 0.03520616633818985 0.08544981697517473
0.0 0.53629601557171 0.4974999039665746 0.045494994577268355 0.06227539828515449
0.0 0.560685950081518 0.5323007745162449 0.03795370669781595 0.10634360785611968
0.0 0.5201733979000924 0.6031050234340153 0.05062210617991725 0.07471954638833522
0.0 0.4799418136117811 0.6009350812062386 0.054489171978562345 0.08629389063420723
0.0 0.44305916649453064 0.5467785246759743 0.03436065257099574 0.031238716997435523
0.0 0.4236005468163547 0.5849755582101047 0.050454155513007914 0.0918198018626808
0.0 0.652011403548741 0.13436155270426406 0.021770883791885076 0.04372199329348042
0.0 0.577120969116285 0.2619275065606283 0.01951045439199084 0.019998256825359717
0.0 0.3368425454680824 0.18148998521244136 0.019653366334260958 0.023263104341189944
0.0 0.32620461060221057 0.47705917035448964 0.02135762038057354 0.041259959662019896
0.0 0.3036297742982009 0.4848620934456667 0.014666775096596807 0.021008206730390944
0.0 0.2889017438523592 0.5621105491166258 0.027499465042824245 0.03501162251670353
0.0 0.17997382030984033 0.5845334999970533 0.02704329891408941 0.05250658593594004
0.0 0.16763463606874046 0.48810916548153627 0.01046619954141792 0.036709970456658525
0.0 0.12812485906049054 0.543010680754222 0.056953280030933695 0.09373358350694011
0.0 0.11711781090727849 0.47220015141283145 0.0436953687869685 0.11189014897192456
0.0 0.08811354879194189 0.5007793664845853 0.04474470688035048 0.04513494882704561
0.0 0.045155241189967 0.5013522828791634 0.03796566458424211 0.071721592973362
0.0 0.1337957723281123 0.6201298382165739 0.02731843353770158 0.03785496609846728
0.0 0.08232315071586413 0.5735123937275518 0.019832006262098523 0.027344163735977922
0.0 0.0535004815815438 0.5804284990204603 0.05484406025695232 0.10138041240033435
0.0 0.015905200779684103 0.5498483010178508 0.03181040155936821 0.1205469277703502
