0.0 0.6713950789817485 0.40834382731343666 0.05699437356723647 0.05004999543689648
0.0 0.6523846701487184 0.48500040548281753 0.06681716279874284 0.11902859837129903
0.0 0.6223327269288125 0.4808760870426887 0.06765104350754925 0.10494492605937511
0.0 0.6116577114200892 0.4284497118054772 0.04553570819404629 0.04082038971048213
0.0 0.4977345370353091 0.5242389863078135 0.02910804677439266 0.030051110471105424
0.0 0.4854876354055496 0.5622565971315054 0.025171833147470513 0.03143034677111012
0.0 0.44169641257432074 0.5413918301728842 0.04714327461859169 0.07303465974652601
0.0 0.40745135690378587 0.5496478997159295 0.01437604638878981 0.01874843261900394
0.0 0.4198790341446591 0.6068832978190248 0.04375793103972664 0.08002301683150204
0.0 0.33773334204158056 0.5199110098250745 0.01571973908551877 0.029608495346198693
0.0 0.3354812281524971 0.4989146333346899 0.008016321096225965 0.0197617507734677
0.0 0.3109676872274335 0.5012037512742997 0.05659536868054338 0.07485651117143732
0.0 0.2729773483217293 0.49732678388355 0.043142088974588266 0.07006227086257283
0.0 0.24941567516116125 0.5179371979228437 0.036628505690914914 0.03868609921101568
0.0 0.22163637486040597 0.5449339607820995 0.038594018942018915 0.06542846776666611
0.0 0.1907786555984818 0.5594852476330053 0.048282087115348926 0.06097058048930348
0.0 0.1959832300740624 0.5978656029994087 0.03258426915703144 0.05307447129470133
0.0 0.1381683248736271 0.5724046853859965 0.05740014830768886 0.09195057283271368
0.0 0.10432086757421224 0.48260318560976867 0.040529639746939516 0.06256303702468474
0.0 0.06570212889228474 0.4705753666965279 0.05862306975446058 0.04319111835370498
