0.0 0.9434825240325672 0.4746955333369952 0.03901664885859346 0.10502600688316216
0.0 0.977872274867079 0.44934187886791976 0.0442554502658421 0.09459024134520949
0.0 0.9016086088152564 0.5100682840154458 0.02485822317334474 0.05097767305116874
0.0 0.8759351872844712 0.5367395613884326 0.035320297116285926 0.07023507195296896
0.0 0.8517395848149418 0.518934895777281 0.033514670300973104 0.058034970186277235
0.0 0.839881038404549 0.5674800323989269 0.05942142267944028 0.054446289369378564
0.0 0.8021577430516296 0.5167238143704826 0.05490054156484625 0.09301361638656908
0.0 0.8014983760256386 0.4495519240525079 0.02415374237313128 0.0476967839296733
0.0 0.711609239955983 0.4800258183027474 0.039597234009161486 0.09032582543854079
0.0 0.741386244038151 0.48637740802160734 0.035850830175258475 0.05512947175174765
0.0 0.6304523181107918 0.43851911372216684 0.053793174873183025 0.12042442456150959
0.0 0.5386386934532461 0.46957861107342647 0.017347940275343143 0.024099906910426905
0.0 0.4304894249058977 0.520436044433132 0.028426927748129605 0.07018251088614746
0.0 0.4030410776622607 0.5127255531687488 0.028907408715506733 0.054671491928326266
0.0 0.4013043560876248 0.4367770954813013 0.04455110871791862 0.09892220846359301
0.0 0.3292204909738304 0.46430421265539934 0.05788362711199524 0.09777353525874011
0.0 0.3078178334392044 0.3838698521853269 0.08133407548440885 0.07671430883935154
0.0 0.2870000104130764 0.45497578593753196 0.02923526424941103 0.07187926404994
0.0 0.26578122503428475 0.445564793973133 0.033007928708454926 0.09031080344041564
0.0 0.22206732594101766 0.4370809883376308 0.04246264458322874 0.04077465292445781
0.0 0.23235238958428386 0.3700254786885848 0.01705513076152504 0.016877447429022807
0.0 0.17670738288176482 0.3956719187815546 0.06232947786904347 0.10710567765959877
0.0 0.1370301324178372 0.40950116675716874 0.02810657524997967 0.04818479182272878
0.0 0.14256138637918536 0.49847183022310143 0.022924949190509136 0.023191474189262373
0.0 0.15896707452931297 0.5081118041359032 0.014468710429262455 0.017755852080553136
0.0 0.13231512027388279 0.5577117662906607 0.026677573700975843 0.022057807055918532
0.0 0.23859859438033923 0.6294860117299605 0.01719778400055677 0.022883650640627362
0.0 0.38354953950371673 0.6731062104726826 0.018256380959815466 0.026607497587418982
0.0 0.7637704012961611 0.712638661052863 0.016743563658320637 0.02162985530213124
