0.0 0.018125 0.5191666666666667 0.03625 0.07099999999999995
0.0 0.09087500000000001 0.5141666666666667 0.023750000000000007 0.051000000000000045
0.0 0.11937499999999998 0.5409999999999999 0.029749999999999985 0.04399999999999993
0.0 0.161875 0.5116666666666667 0.014250000000000013 0.01733333333333331
0.0 0.212625 0.5760000000000001 0.024749999999999994 0.03933333333333333
0.0 0.18375 0.5365 0.006000000000000005 0.020333333333333314
0.0 0.29125 0.46533333333333343 0.024500000000000022 0.03933333333333333
0.0 0.28325 0.51 0.016500000000000015 0.02066666666666661
0.0 0.44075 0.4698333333333333 0.019500000000000017 0.03633333333333333
0.0 0.538875 0.5203333333333333 0.015750000000000042 0.04800000000000004
0.0 0.514875 0.5575000000000001 0.04075000000000001 0.08833333333333326
0.0 0.517875 0.6421666666666667 0.036750000000000005 0.07233333333333336
0.0 0.488 0.6413333333333333 0.017000000000000015 0.036666666666666625
0.0 0.622125 0.5755 0.03275000000000006 0.022333333333333316
0.0 0.611875 0.5101666666666667 0.012249999999999983 0.01633333333333331
0.0 0.67875 0.5966666666666667 0.039000000000000035 0.06466666666666665
0.0 0.673375 0.5508333333333333 0.03325 0.027000000000000024
0.0 0.7277499999999999 0.5533333333333333 0.03949999999999998 0.03466666666666662
0.0 0.743375 0.48683333333333334 0.04774999999999996 0.08966666666666678
0.0 0.695875 0.43116666666666675 0.015750000000000042 0.021666666666666612
0.0 0.952 0.48750000000000004 0.03300000000000003 0.07166666666666677
0.0 0.91275 0.5775 0.013000000000000012 0.02633333333333332
0.0 0.969875 0.591 0.015750000000000042 0.04399999999999993
0.0 0.9895 0.5660000000000001 0.020499999999999963 0.04933333333333334
0.0 0.9962500000000001 0.48850000000000005 0.007000000000000006 0.057666666666666755
