0.0 0.02382662663999795 0.5292836015289031 0.02795517669715717 0.0364036405673005
0.0 0.07223466431474669 0.5295449613333758 0.027726477948788374 0.043383264203549765
0.0 0.1124552796832525 0.518288698331816 0.05045838754587334 0.07006812478574759
0.0 0.19853459429770062 0.5391535030283214 0.049797298278753066 0.0913420380438622
0.0 0.2740407441725625 0.5097657830998676 0.010750253882471472 0.013463063382058826
0.0 0.2774647208398001 0.4913171467977203 0.013563155238560998 0.01767112390936476
0.0 0.2992922986354204 0.5840224458447382 0.015366081617889438 0.03513083654345417
0.0 0.33963657556808097 0.508407367060937 0.02724770942055854 0.04701246434612333
0.0 0.3430153862080049 0.47581193115139586 0.0112278104285366 0.013165531499670369
0.0 0.44184694724971274 0.4965672024300966 0.039822260713850643 0.08826528749219598
0.0 0.5162824226760954 0.4748398443800941 0.03696904125910622 0.05673379618467106
0.0 0.5077902910290963 0.4372345304803971 0.008663766870143363 0.015639562726225242
0.0 0.5529716002288203 0.43150391438995633 0.01775628831254461 0.026979840611141448
0.0 0.5561615855715594 0.5047119436534796 0.05523880093518363 0.05376613292112181
0.0 0.5425921480984395 0.5412686240718295 0.016679776276977587 0.015904687848524057
0.0 0.6559115775532363 0.48699105860194053 0.03601150420264643 0.06399219646981857
0.0 0.9802645003991084 0.4671617355589113 0.016774956260263485 0.030571530286736204
0.0 0.9839076413010089 0.5379775802931381 0.008285026253858074 0.020608932266269142
