0.0 0.01225277672333891 0.5085004465615162 0.02450555344667782 0.024900474388791838
0.0 0.014693000709273846 0.4397022484812678 0.016369097940668487 0.02762174014619706
0.0 0.20195125181916623 0.6373854153126721 0.020944401116126166 0.026470252199198296
0.0 0.2817729361419127 0.7040361090759589 0.017841687688310515 0.023970358889535914
0.0 0.34969665885976925 0.538643767319943 0.05838478549291504 0.10751462512241033
0.0 0.32084657302489566 0.44625649837568926 0.03314298758363765 0.06137506311715124
0.0 0.3510761662477927 0.4432696335744567 0.02844953395878108 0.055174559196911444
0.0 0.7918391070208122 0.5488133545024289 0.047223348458207415 0.07997657487787091
0.0 0.8241823825924495 0.5287013796233223 0.0361581481309563 0.09654062996598006
0.0 0.8791855648841442 0.5285639365445572 0.05110504772172264 0.05472196843064259
0.0 0.9146009307928777 0.5174894203247989 0.02809286061020877 0.07109402903847872
0.0 0.9369194629488133 0.5015061119680206 0.03620192457120475 0.08020779319639693
0.0 0.9869288794796465 0.4931185606028064 0.02614224104070706 0.0347228219533432
