0.0 0.079375 0.561 0.03075 0.08866666666666667
0.0 0.136625 0.5363333333333333 0.03125 0.06599999999999995
0.0 0.184875 0.5528333333333333 0.016750000000000015 0.020333333333333314
0.0 0.14575 0.49216666666666664 0.016000000000000014 0.01899999999999996
0.0 0.161875 0.4673333333333333 0.017749999999999988 0.016000000000000014
0.0 0.25025 0.5660000000000001 0.029500000000000026 0.04733333333333334
0.0 0.29075 0.5543333333333333 0.03149999999999997 0.10266666666666668
0.0 0.54175 0.5895 0.017000000000000015 0.04033333333333333
0.0 0.53 0.5448333333333333 0.010000000000000009 0.012333333333333307
0.0 0.5446250000000001 0.5395 0.015750000000000042 0.020333333333333314
0.0 0.4985 0.4975 0.019499999999999962 0.027666666666666617
0.0 0.5095 0.4835 0.010499999999999954 0.014333333333333309
0.0 0.689125 0.5175 0.035250000000000004 0.06433333333333335
0.0 0.74675 0.4796666666666667 0.010499999999999954 0.030000000000000027
0.0 0.785 0.5145 0.020499999999999963 0.04766666666666669
0.0 0.84375 0.4555 0.04249999999999998 0.09299999999999997
0.0 0.889 0.42 0.019499999999999962 0.01533333333333331
0.0 0.902 0.4686666666666667 0.034499999999999975 0.06133333333333335
0.0 0.915625 0.5145 0.012750000000000039 0.0076666666666667105
0.0 0.938625 0.4495 0.02575000000000005 0.05833333333333335
