0.0 0.13125 0.46016666666666667 0.03899999999999999 0.02833333333333332
0.0 0.206625 0.4875 0.02124999999999999 0.037666666666666626
0.0 0.233625 0.4668333333333333 0.014749999999999985 0.01633333333333331
0.0 0.24012500000000003 0.41633333333333333 0.02225000000000002 0.04533333333333334
0.0 0.28175 0.5236666666666665 0.02200000000000002 0.06399999999999995
0.0 0.36375 0.5478333333333334 0.02300000000000002 0.04500000000000004
0.0 0.39575 0.5215 0.019000000000000017 0.03633333333333333
0.0 0.42075 0.5335000000000001 0.025000000000000022 0.039000000000000035
0.0 0.423875 0.4856666666666667 0.016749999999999987 0.013333333333333308
0.0 0.31825 0.42099999999999993 0.028000000000000025 0.04199999999999998
0.0 0.385625 0.451 0.036250000000000004 0.07266666666666666
0.0 0.393625 0.396 0.023249999999999993 0.03666666666666668
0.0 0.441875 0.3965 0.015249999999999986 0.03833333333333333
0.0 0.373125 0.325 0.01824999999999999 0.028000000000000025
0.0 0.502625 0.4365 0.015749999999999986 0.032999999999999974
0.0 0.5338749999999999 0.4278333333333333 0.026249999999999996 0.059
0.0 0.605125 0.4821666666666667 0.029249999999999998 0.04166666666666663
0.0 0.597875 0.4241666666666667 0.018750000000000044 0.03366666666666668
0.0 0.680625 0.4871666666666667 0.019750000000000045 0.019000000000000017
0.0 0.758625 0.415 0.028750000000000053 0.053333333333333344
0.0 0.7593750000000001 0.47916666666666663 0.04425000000000001 0.07833333333333331
0.0 0.76475 0.5386666666666666 0.020000000000000018 0.022666666666666724
0.0 0.788125 0.4731666666666667 0.010249999999999981 0.01633333333333331
0.0 0.8467499999999999 0.49716666666666665 0.019499999999999962 0.024999999999999967
0.0 0.8496249999999999 0.5346666666666666 0.024249999999999994 0.04400000000000004
0.0 0.853375 0.5691666666666666 0.017750000000000044 0.027666666666666617
0.0 0.869375 0.434 0.025249999999999995 0.01733333333333331
0.0 0.8920000000000001 0.46166666666666667 0.03700000000000003 0.035999999999999976
0.0 0.949375 0.45466666666666666 0.012750000000000039 0.02733333333333332
0.0 0.9395 0.36083333333333334 0.025000000000000022 0.02633333333333332
