0.0 0.06893382352941177 0.2894199346405229 0.025735294117647065 0.023284313725490224
0.0 0.03354779411764706 0.440359477124183 0.03155637254901961 0.06944444444444442
0.0 0.1881127450980392 0.4832516339869281 0.04411764705882354 0.03839869281045749
0.0 0.20450367647058826 0.4752859477124183 0.021752450980392163 0.027369281045751648
0.0 0.22472426470588236 0.4473039215686275 0.022365196078431376 0.04248366013071897
0.0 0.25 0.4622140522875817 0.03431372549019607 0.08047385620915032
0.0 0.27175245098039214 0.4146241830065359 0.026348039215686292 0.052287581699346386
0.0 0.29794730392156865 0.4816176470588236 0.049325980392156854 0.12908496732026148
0.0 0.3581495098039216 0.4250408496732026 0.030637254901960786 0.09763071895424835
0.0 0.2691482843137255 0.33374183006535946 0.019914215686274495 0.026960784313725505
0.0 0.3330269607843137 0.27450980392156865 0.022671568627450955 0.03594771241830064
0.0 0.43428308823529405 0.47263071895424835 0.03339460784313725 0.06290849673202614
0.0 0.41023284313725483 0.3555964052287582 0.022671568627450955 0.024918300653594794
0.0 0.4476102941176471 0.38174019607843135 0.05698529411764708 0.0894607843137255
0.0 0.5258884803921569 0.3543709150326797 0.02604166666666663 0.07720588235294118
0.0 0.5454963235294118 0.42320261437908496 0.03155637254901955 0.06127450980392157
0.0 0.6830575980392157 0.38664215686274506 0.04381127450980393 0.048611111111111105
0.0 0.7368259803921569 0.33415032679738554 0.009191176470588203 0.01797385620915032
0.0 0.7317708333333334 0.3786764705882353 0.022977941176470562 0.065359477124183
0.0 0.859375 0.3529411764705883 0.026348039215686292 0.044934640522875824
0.0 0.8926164215686274 0.3868464052287582 0.051164215686274495 0.03839869281045749
0.0 0.9482230392156863 0.3449754901960784 0.04656862745098034 0.09436274509803921
