0.0 0.225875 0.4806666666666667 0.03874999999999995 0.06466666666666665
0.0 0.260375 0.536 0.024249999999999883 0.04066666666666674
0.0 0.281625 0.4876666666666667 0.013249999999999984 0.018000000000000016
0.0 0.293 0.4366666666666667 0.01100000000000001 0.013333333333333308
0.0 0.305625 0.5648333333333333 0.028249999999999997 0.08499999999999996
0.0 0.2985 0.5009999999999999 0.008999999999999897 0.02733333333333332
0.0 0.333875 0.5846666666666667 0.026249999999999996 0.06466666666666665
0.0 0.33724999999999994 0.5056666666666667 0.03400000000000003 0.09199999999999997
0.0 0.369 0.5416666666666667 0.025500000000000078 0.05666666666666664
0.0 0.446375 0.5388333333333333 0.06575000000000009 0.1409999999999999
0.0 0.5205 0.6211666666666666 0.04349999999999998 0.04966666666666664
0.0 0.511375 0.5835 0.01475000000000004 0.01766666666666672
0.0 0.5495000000000001 0.5398333333333334 0.04500000000000004 0.10100000000000009
0.0 0.6675 0.5346666666666666 0.05249999999999999 0.05266666666666664
0.0 0.84375 0.48016666666666663 0.03700000000000003 0.08699999999999997
0.0 0.8955 0.5483333333333333 0.04149999999999998 0.05133333333333345
0.0 0.895875 0.4733333333333334 0.021750000000000047 0.028000000000000025
0.0 0.86775 0.48833333333333334 0.010499999999999954 0.021333333333333315
0.0 0.948875 0.4648333333333333 0.023249999999999993 0.02633333333333332
