0.0 0.0029105392156862746 0.4534313725490196 0.005821078431372549 0.10457516339869277
0.0 0.08226102941176472 0.47794117647058826 0.03278186274509805 0.04656862745098034
0.0 0.10401348039215687 0.5281862745098039 0.05729166666666666 0.06944444444444442
0.0 0.17279411764705882 0.4912173202614379 0.06066176470588236 0.0951797385620915
0.0 0.23866421568627452 0.4854983660130719 0.023897058823529382 0.04370915032679734
0.0 0.27297794117647056 0.4859068627450981 0.04473039215686275 0.07557189542483661
0.0 0.3318014705882353 0.4758986928104575 0.02573529411764708 0.021241830065359457
0.0 0.33976715686274506 0.44893790849673204 0.01654411764705882 0.03676470588235292
0.0 0.3632046568627451 0.414624183006536 0.019914215686274495 0.03431372549019607
0.0 0.44255514705882354 0.4707924836601307 0.042585784313725505 0.09599673202614384
0.0 0.4689031862745099 0.4180964052287582 0.03033088235294118 0.05759803921568629
0.0 0.3984375 0.4797794117647059 0.027267156862745112 0.037173202614379064
0.0 0.3848039215686275 0.5081699346405228 0.03860294117647062 0.03921568627450983
0.0 0.36121323529411764 0.5571895424836601 0.02941176470588236 0.03839869281045749
0.0 0.39031862745098034 0.5690359477124183 0.04718137254901961 0.11111111111111116
0.0 0.5454963235294117 0.49468954248366015 0.05729166666666663 0.06944444444444442
0.0 0.6288296568627451 0.49959150326797386 0.022977941176470562 0.058006535947712434
0.0 0.6798406862745098 0.5067401960784313 0.0447303921568627 0.10089869281045755
0.0 0.7503063725490196 0.5379901960784313 0.04534313725490191 0.09313725490196073
0.0 0.7907475490196079 0.4665032679738562 0.011642156862745057 0.01633986928104575
