0.0 0.6959999323366131 0.6527089226687137 0.06867397169516465 0.0685304078093556
0.0 0.7016820431402063 0.620602103257994 0.05309558770836609 0.0539756967474565
0.0 0.8690093228198339 0.8354703271452657 0.05598389463401221 0.058867656166351257
0.0 0.8302583207346336 0.8214262577670057 0.032822128359697667 0.033989365170406405
0.0 0.8403565472117862 0.7940177515331631 0.04196377136996876 0.042013706634598025
0.0 0.7870894541228362 0.8222462244834416 0.01852689369632221 0.018645489949816962
0.0 0.5300307130003092 0.5908653210955032 0.057291544145879225 0.059288954731049115
0.0 0.5691341753391512 0.557378806277465 0.037622208010450464 0.038945492523125624
0.0 0.6009937643840908 0.4914173465636458 0.06534044625973767 0.06618310385035636
0.0 0.5027209348551808 0.5037202258940761 0.05837448496691455 0.059934961986578494
0.0 0.4836816244530483 0.5459118571395274 0.03027263332333685 0.030734534521157375
0.0 0.5246573005096271 0.40922645660118756 0.05435283451173267 0.05568236093248635
0.0 0.5027681782560736 0.36870109446044563 0.03683397873950184 0.03775778113514294
0.0 0.4600557284995693 0.3656907802055856 0.035058012861023335 0.03496438423984349
0.0 0.12711135133881152 0.22883751322257545 0.08648613668586946 0.08961957454135472
0.0 0.16296738948468253 0.1537596118527353 0.05426813153941146 0.05527307874007503
