0.0 0.13945889528784153 0.4129748958209136 0.04232631394745229 0.03312330771296018
0.0 0.21068261642726024 0.4497945004245135 0.02592720858504388 0.04009121036781693
0.0 0.24012093686708297 0.4327799066652307 0.01673200700438393 0.01809807824231635
0.0 0.25307509617163737 0.3835387678003321 0.027906937857484826 0.04782281853681536
0.0 0.2805199952740452 0.49534155212479813 0.03006475570452294 0.06630159275283559
0.0 0.3587215818742254 0.529874719239795 0.028607723629403115 0.04758892398804315
0.0 0.39384851602549054 0.5078851093847492 0.023524134651377315 0.03847901978242696
0.0 0.4170934830445172 0.5230069977682932 0.029817773096236344 0.04189671877900725
0.0 0.4263571124148826 0.47597532148872307 0.018328692122817625 0.015380854188331905
0.0 0.3299471305152797 0.3982351530241769 0.03317938990288838 0.045258335585659226
0.0 0.3928938924398051 0.43666815691688765 0.045312863628974576 0.0767325021014203
0.0 0.4079154957992861 0.3831578641452122 0.0277816508045447 0.039357307083866866
0.0 0.4556986701010972 0.38987208440096316 0.02006316530862995 0.03997904598796065
0.0 0.3967368349943144 0.3101079665230567 0.02170640144150171 0.030118524327717222
0.0 0.5107868964695486 0.4373678717465609 0.01987164323162649 0.034754629876469156
0.0 0.542893230939292 0.4328009364472514 0.033634919588178214 0.06189102466751728
0.0 0.6065466321261099 0.4958637474253639 0.03437600586731526 0.04508888031215369
0.0 0.6068320502656799 0.4374130756030007 0.02293254342036699 0.035802372451414544
0.0 0.6807725984422378 0.5105523799157305 0.022033985064225936 0.021386898688363132
0.0 0.7674228438704118 0.4490400824052736 0.035383758764364504 0.056593812195420534
0.0 0.7598968821666072 0.5127682826901081 0.053976458495468504 0.083382939354119
0.0 0.7575587829793299 0.5724647978077467 0.022754454845769656 0.025055206404392738
0.0 0.7891803895390515 0.5105235787078439 0.012269535271806742 0.017518124764915433
0.0 0.8442233943978779 0.5418789329732834 0.02255934127117254 0.02730464136083266
0.0 0.8422414723597951 0.5794367232442107 0.029718420560140957 0.04675836179119286
0.0 0.8415138888102032 0.6141323010918034 0.02116761173214876 0.029723531590778007
0.0 0.8748005390509254 0.4821549291921872 0.0272733195975976 0.0204429634079355
0.0 0.8936712153638444 0.5125067437168161 0.04133106206484172 0.04046828023035798
0.0 0.9514698798079384 0.5129595278585569 0.0161663502902184 0.02874858537643804
0.0 0.953770337497623 0.4186360527112617 0.028185311456145 0.029335687235456487
