0.0 0.04090073529411764 0.4834558823529412 0.06341911764705882 0.047794117647058765
0.0 0.06832107843137254 0.5306372549019608 0.036151960784313736 0.05555555555555558
0.0 0.15196078431372548 0.5065359477124183 0.013480392156862753 0.018790849673202603
0.0 0.17264093137254902 0.5020424836601307 0.013174019607843146 0.02859477124183002
0.0 0.35784313725490197 0.5153186274509803 0.02573529411764708 0.05514705882352944
0.0 0.4810049019607843 0.49080882352941174 0.028186274509803932 0.037173202614379064
0.0 0.8595281862745099 0.41237745098039214 0.0376838235294118 0.046977124183006536
0.0 0.8697916666666665 0.46834150326797386 0.06801470588235292 0.08537581699346403
0.0 0.9572610294117647 0.4213643790849673 0.02604166666666663 0.024918300653594794
0.0 0.9908088235294118 0.4097222222222222 0.017769607843137303 0.021241830065359457
