0.0 0.8647877200671016 0.5548183666109514 0.04012717578577507 0.05642900829284414
0.0 0.8438230886812269 0.522744536844526 0.03797731205238564 0.05176450018336437
0.0 0.8246597753956979 0.585622317697291 0.04166191401176311 0.07764734215236768
0.0 0.7531490297357785 0.5444961299620014 0.01944150375799114 0.03010706438761601
0.0 0.7266723641086547 0.581575894481819 0.03943206471901539 0.05989606722788943
0.0 0.7126528748625445 0.5018021642996491 0.04386510145139144 0.09103636147184663
0.0 0.6499183654952065 0.4066349024439985 0.035041144866006846 0.031139110489314725
0.0 0.613325450948869 0.577818630704974 0.050104108254722335 0.09311319827337294
0.0 0.5900585296668144 0.5336575217944778 0.046674917999668275 0.10451173864974844
0.0 0.5636651463555987 0.5049370232183259 0.055090450389507994 0.115615339165754
0.0 0.5214306274870348 0.4809758870088292 0.04434962812131421 0.07565261500988835
0.0 0.4795282091256028 0.4568557200256611 0.021157454099577755 0.03589847285596992
0.0 0.6286598673965867 0.45270981259257026 0.019917534029161077 0.03136350153412454
0.0 0.32571121661727165 0.43413357463931634 0.05687246903546256 0.10517098343140657
0.0 0.36051570156175294 0.40050871633373647 0.032659455738899 0.05615837387408906
0.0 0.2768802837991849 0.40325047328053676 0.029608144741289588 0.0347241453685081
0.0 0.1922821849958359 0.3866685807086955 0.033301243099419675 0.04396680372904466
