0.0 0.018229166666666668 0.4640522875816994 0.023590686274509803 0.04493464052287577
0.0 0.19837622549019607 0.48059640522875813 0.0548406862745098 0.0837418300653594
0.0 0.2814031862745098 0.5224673202614378 0.036458333333333315 0.06781045751633996
0.0 0.32169117647058826 0.4991830065359477 0.054534313725490224 0.07107843137254899
0.0 0.37331495098039214 0.4274918300653595 0.03216911764705882 0.1115196078431373
0.0 0.4152879901960784 0.4483251633986928 0.04993872549019607 0.09191176470588236
0.0 0.47349877450980393 0.445874183006536 0.03400735294117646 0.04125816993464049
0.0 0.4759497549019608 0.3995098039215687 0.019914215686274495 0.03513071895424835
0.0 0.510876225490196 0.5251225490196079 0.019914215686274495 0.03472222222222232
0.0 0.4834558823529411 0.5010212418300654 0.01838235294117646 0.020016339869280975
0.0 0.49678308823529416 0.4861111111111111 0.019301470588235337 0.03349673202614378
0.0 0.5747549019607843 0.4912173202614379 0.026348039215686292 0.032271241830065356
0.0 0.5254289215686274 0.4250408496732026 0.01409313725490191 0.0191993464052288
0.0 0.7008272058823529 0.5238970588235294 0.016850490196078427 0.026552287581699474
0.0 0.7360600490196079 0.4554738562091504 0.01930147058823528 0.05147058823529416
0.0 0.7772671568627451 0.4129901960784314 0.052696078431372584 0.10375816993464049
0.0 0.8186274509803921 0.4352532679738563 0.019607843137254943 0.04207516339869277
0.0 0.961703431372549 0.4293300653594772 0.031862745098039214 0.03594771241830064
0.0 0.9865196078431373 0.38664215686274506 0.026348039215686292 0.06985294117647056
