0.0 0.21854969783839384 0.9413631347016402 0.03774393888978955 0.0372700473186911
0.0 0.17229515804444318 0.9034786626256678 0.02910773029859004 0.028840188686934054
0.0 0.34516929656634593 0.8599409244629328 0.09322865227180255 0.09314149979895703
0.0 0.28965953717110693 0.821782647859024 0.09454493847586048 0.093533606655547
0.0 0.2914691844194521 0.7953045593049801 0.08780263803717792 0.0867640710691
0.0 0.3283415251573885 0.7906523856354615 0.09162955154463648 0.09085788902464875
0.0 0.3452951170996182 0.7653309291353614 0.10040671507471388 0.09947527302117543
0.0 0.3440343147154705 0.724594466267553 0.13859227206510022 0.1381674037599776
0.0 0.4809374597397016 0.8174304042530327 0.04408483858247375 0.04381974981090142
0.0 0.5628638010411935 0.6838223566429921 0.045945396728176546 0.04584190316667258
0.0 0.42377705892571055 0.6081005326864218 0.09171984739248673 0.09061228471673943
0.0 0.48589560671690873 0.6162263855624754 0.06535085180902056 0.06557418002068749
0.0 0.5059662919228859 0.5902924398714109 0.08844977932669118 0.08751470592011756
0.0 0.46668493176596093 0.5804463214443359 0.07874222897035205 0.07842993260932185
0.0 0.42609101225098345 0.5812667990360986 0.10585787630937477 0.10458508707052405
0.0 0.3914900421277231 0.511429885767684 0.0916232647946274 0.09117479269477563
0.0 0.4146315029789719 0.4806686044548535 0.10295484737134836 0.10236293682660474
0.0 0.47723205026163495 0.4802426897889076 0.047805954873879675 0.047864056522443355
0.0 0.457289616445694 0.4444689730377141 0.10413097474112454 0.10336112789765428
0.0 0.6931616409482217 0.8655870726520625 0.047961615076364095 0.04755308785989998
0.0 0.6318337527989004 0.7382565097443304 0.028814258532232295 0.02880518014964406
0.0 0.8235750287977197 0.5904647180767976 0.031328244717457654 0.03126106468630563
0.0 0.594757346758508 0.4246592147370738 0.04584588626213315 0.04547548825253889
0.0 0.6005863542234482 0.402595690406002 0.026073176546699384 0.02595515757305411
0.0 0.5471449240842677 0.3497831944013912 0.04565293657323477 0.0455131294813782
0.0 0.5873514354214044 0.25142991760004846 0.05824465561757319 0.05777076404647463
0.0 0.6704165678653068 0.29297897254559263 0.03464503239468075 0.03415661541144133
0.0 0.6478976894248443 0.23240447593117577 0.11022299051528961 0.10953848046814735
0.0 0.7099335770352686 0.2613731063343363 0.11408740901598247 0.11281825113016708
0.0 0.7027034358959818 0.22314731703030355 0.06554380149791894 0.06553653879184851
0.0 0.7251206820816514 0.1887625205878157 0.08029796896791552 0.07966974489281947
0.0 0.5836980804518674 0.19584374911733127 0.047622435309995104 0.04742634224609221
0.0 0.648085642384634 0.17982933338715168 0.03447072744898938 0.0343309203571327
0.0 0.6579446371479045 0.15328142379670132 0.1143517943027037 0.11348571660379952
0.0 0.7035339213789134 0.13778133733645226 0.11547513081786376 0.11391546468922939
