0.0 0.9545964415377515 0.6527387464901885 0.031738720043417934 0.034319386871105584
0.0 0.8715713614503999 0.6923106995681 0.05871918145070343 0.056270856511614786
0.0 0.8439545567699245 0.6658093408780081 0.037502856371093074 0.03756902731539269
0.0 0.8422671853166126 0.7534338735985308 0.02572073776114636 0.04007983267417825
0.0 0.7848937642449874 0.7397414625694521 0.05949508472196352 0.1068734808405396
0.0 0.7637164340833038 0.7378870876500305 0.04839305736655486 0.07638336680532254
0.0 0.7616603356824608 0.6322873682683592 0.05060799717609443 0.07429719523538236
0.0 0.7368038613486209 0.6182845403107639 0.037831235388146034 0.05410928768586909
0.0 0.7606278804315021 0.23671245891071027 0.02497216279759673 0.030398180230171212
0.0 0.6099349044628344 0.19520442580558076 0.06760626899657252 0.08884714211677208
0.0 0.6405013473281294 0.5299449962596476 0.016286531291482387 0.01886719811917026
0.0 0.6171643290087367 0.4981516904122793 0.022841262177356603 0.03111263021481736
0.0 0.5362354755904452 0.5648466771985998 0.07779942074997748 0.0903719001669182
0.0 0.49525925205369714 0.5613655199191308 0.059664027293911515 0.10168257692421279
0.0 0.47990130987151935 0.5338547098884956 0.0381682563386922 0.04617494059895433
0.0 0.425670284368448 0.5540724675142968 0.020169291986767146 0.026058506029439377
0.0 0.4324873402026782 0.5117482416452304 0.03223777001911726 0.04077382183377676
0.0 0.4163455540693621 0.44549358403571176 0.05061750330293713 0.04737512703225255
0.0 0.40092458249520985 0.41667229498725733 0.04986201479259311 0.05727316055415815
0.0 0.4616904624371202 0.31683778684575004 0.028354145130483344 0.036029974669246956
0.0 0.26553559334691346 0.4329783751310325 0.05667491259981036 0.04827120267375007
0.0 0.2662471709361752 0.365469295911073 0.015535363747885222 0.016527927912380502
0.0 0.23782481125362148 0.3701050924443219 0.018333392722423486 0.01952446971981786
0.0 0.2144429116025903 0.4002288720513121 0.02358897294755652 0.04324174340456355
0.0 0.2002687007743374 0.34944378090425243 0.021926337221907483 0.019279499449919912
0.0 0.1637819294752458 0.3435335216585198 0.06330244816144232 0.09096190287871148
