0.0 0.006280637254901961 0.6917892156862744 0.012561274509803922 0.032271241830065356
0.0 0.03661151960784314 0.6566584967320261 0.041360294117647065 0.08374183006535951
0.0 0.10447303921568629 0.7416258169934641 0.03247549019607844 0.06495098039215685
0.0 0.14690563725490197 0.7591911764705881 0.055453431372549 0.10089869281045749
0.0 0.1643688725490196 0.6454248366013073 0.03768382352941177 0.08823529411764708
0.0 0.20067401960784315 0.6358251633986929 0.02573529411764705 0.02083333333333337
0.0 0.21783088235294118 0.6642156862745099 0.01654411764705882 0.023692810457516367
0.0 0.20526960784313725 0.698937908496732 0.022671568627450983 0.04738562091503262
0.0 0.19439338235294118 0.733047385620915 0.02113970588235295 0.024918300653594794
0.0 0.28201593137254904 0.5819035947712419 0.014399509803921573 0.02573529411764708
0.0 0.27083333333333326 0.6121323529411765 0.019607843137254888 0.06576797385620914
0.0 0.2962622549019608 0.559640522875817 0.005514705882352922 0.014705882352941124
0.0 0.37423406862745096 0.5847630718954249 0.014399509803921573 0.027369281045751648
0.0 0.38434436274509803 0.6362336601307188 0.01746323529411764 0.046160130718954195
0.0 0.36458333333333326 0.6599264705882353 0.02144607843137253 0.051062091503268014
0.0 0.37974877450980393 0.7193627450980393 0.04197303921568629 0.09068627450980393
0.0 0.4077818627450981 0.7011846405228759 0.009803921568627472 0.020016339869281086
0.0 0.43060661764705876 0.6638071895424837 0.03400735294117646 0.08660130718954251
0.0 0.5045955882352942 0.6386846405228758 0.024509803921568596 0.06331699346405228
0.0 0.4909620098039216 0.5669934640522876 0.010723039215686292 0.016339869281045805
0.0 0.5111825980392157 0.5776143790849673 0.011335784313725505 0.015522875816993409
0.0 0.5376838235294117 0.5765931372549018 0.03308823529411764 0.03799019607843135
0.0 0.5261948529411764 0.6352124183006536 0.028492647058823484 0.07271241830065356
0.0 0.5597426470588236 0.7003676470588236 0.019607843137254943 0.029820261437908502
0.0 0.5954350490196079 0.6742238562091504 0.02787990196078427 0.06413398692810457
0.0 0.586703431372549 0.6149918300653595 0.02450980392156865 0.05759803921568629
0.0 0.6222426470588236 0.5912990196078431 0.02941176470588236 0.04861111111111116
0.0 0.6049325980392157 0.604983660130719 0.011335784313725505 0.021241830065359513
0.0 0.6265318627450982 0.556985294117647 0.023284313725490224 0.04125816993464049
0.0 0.6135110294117647 0.639501633986928 0.03523284313725494 0.049428104575163445
0.0 0.6369485294117647 0.6468545751633987 0.006740196078431349 0.014297385620914982
0.0 0.6403186274509803 0.6605392156862745 0.013480392156862697 0.008986928104575131
0.0 0.647671568627451 0.6076388888888888 0.01899509803921573 0.018382352941176516
0.0 0.7207414215686274 0.5749591503267973 0.011335784313725505 0.01593137254901955
0.0 0.7184436274509803 0.6215277777777778 0.02757352941176472 0.05923202614379086
0.0 0.8131127450980392 0.6556372549019607 0.020220588235294157 0.039215686274509776
0.0 0.8203125 0.5910947712418301 0.03155637254901966 0.07434640522875813
0.0 0.8454350490196079 0.5782271241830066 0.0376838235294118 0.08700980392156865
0.0 0.8814338235294117 0.5857843137254901 0.012867647058823484 0.039215686274509776
0.0 0.8946078431372548 0.5949754901960784 0.009191176470588203 0.014297385620914982
0.0 0.9064031862745097 0.542687908496732 0.016237745098039214 0.014297385620914982
0.0 0.900735294117647 0.5006127450980392 0.012867647058823484 0.01593137254901955
0.0 0.9517463235294118 0.5187908496732028 0.020526960784313708 0.02941176470588236
0.0 0.9905024509803921 0.5304330065359477 0.016544117647058876 0.030637254901960786
0.0 0.9911151960784313 0.5980392156862745 0.014705882352941124 0.014705882352941124
0.0 0.9546568627450982 0.5571895424836601 0.02573529411764708 0.03104575163398693
0.0 0.9555759803921569 0.6111111111111112 0.04227941176470584 0.09640522875816993
0.0 0.22564338235294118 0.5098039215686274 0.011335784313725478 0.014705882352941124
