0.0 0.2549019607843137 0.5392156862745098 0.031862745098039214 0.06781045751633985
0.0 0.28737745098039214 0.49979575163398693 0.03615196078431371 0.04452614379084968
0.0 0.28293504901960786 0.5377859477124183 0.016237745098039214 0.03145424836601307
0.0 0.29503676470588236 0.5704656862745098 0.026348039215686292 0.049428104575163445
0.0 0.3599877450980392 0.5625 0.02328431372549017 0.056372549019607865
0.0 0.42080269607843135 0.511642156862745 0.03155637254901961 0.04697712418300648
0.0 0.37898284313725483 0.5008169934640523 0.018995098039215674 0.031045751633986873
0.0 0.5255821078431373 0.4793709150326797 0.016850490196078427 0.05106209150326796
0.0 0.7276348039215685 0.6580882352941176 0.0404411764705882 0.07679738562091498
0.0 0.6525735294117647 0.5414624183006536 0.04656862745098034 0.10416666666666669
0.0 0.7123161764705882 0.5093954248366013 0.06985294117647056 0.065359477124183
0.0 0.8215379901960784 0.6094771241830066 0.02604166666666663 0.06045751633986929
0.0 0.8494178921568627 0.5678104575163399 0.03278186274509809 0.06699346405228757
0.0 0.882046568627451 0.551266339869281 0.02573529411764708 0.03308823529411764
0.0 0.9499080882352942 0.5651552287581698 0.046262254901960786 0.09272875816993464
