0.0 0.9565724032194881 0.5489221040181143 0.025992823906230145 0.02970700907060342
0.0 0.8940348931252082 0.4817853918236758 0.0502413413227657 0.04671762719246286
0.0 0.8587004705428147 0.49625667725010514 0.031602482266330334 0.03169771778336544
0.0 0.8892392435799313 0.41433464167160156 0.0174082862176268 0.03807439341426788
0.0 0.8309876975642673 0.406018526604011 0.03604621531666541 0.10423484551387785
0.0 0.8106585599519068 0.39998005425768585 0.03246308595850622 0.07274770966440125
0.0 0.770060487405337 0.4972090944895886 0.03561252859838537 0.0697068436969916
0.0 0.7418665711857901 0.5010947680789447 0.02704790347626629 0.050475840666928784
0.0 0.624169284867156 0.8638712407380842 0.019439328382490295 0.02724864077937772
0.0 0.46913845429636203 0.8471732843664619 0.050675028041045844 0.08124562900934906
0.0 0.6201443658195113 0.5477780878136873 0.012963623209894637 0.01667780837426802
0.0 0.5868421136927122 0.5687276449799727 0.016794593067651187 0.028699032697052762
0.0 0.5361871282394547 0.47719242653703015 0.06185319300421277 0.0799479412409031
0.0 0.496891244138456 0.4654093468330658 0.03778600864343723 0.0982605619607973
0.0 0.47256155149858425 0.48530874674470365 0.029797111453117975 0.04132060901437884
0.0 0.4296499476295399 0.4466798770749826 0.015251532200201257 0.023727493216335216
0.0 0.42046824448525355 0.4884487539062713 0.02463879579632089 0.03692417749386334
0.0 0.38121603536811377 0.5440100546800395 0.04364669404199262 0.03898015370726715
0.0 0.35634771836925105 0.5651023101289784 0.03983470679332379 0.050501084701267684
0.0 0.37615230440211717 0.6799991195545443 0.021620508129322924 0.03266782810540736
0.0 0.23669923188226819 0.5003677871201004 0.05029244936304128 0.03819753869956927
0.0 0.2126250794437744 0.5632678641592334 0.012803529344683762 0.014232062100211884
0.0 0.18795143665610586 0.5485529043127948 0.015103651199693702 0.016817890506327537
0.0 0.17729311177617618 0.5120352724905435 0.014033172226096013 0.04231812078555425
0.0 0.14553438549552536 0.5539637844512437 0.019276977935818007 0.015467557254409403
0.0 0.10951412086566592 0.5460794590896043 0.04513320374884755 0.08494164986956643
