0.0 0.9852518373905047 0.4795726675312505 0.029496325218990593 0.045692284075548206
0.0 0.8200644957397568 0.49261606761102333 0.06614924673108513 0.08720906281075835
0.0 0.7433775702165439 0.5300534922808685 0.04627010803160814 0.069115915580936
0.0 0.7066835726910219 0.5082083582433498 0.06347512357122398 0.0755305659913903
0.0 0.6601618537621479 0.4418079790212993 0.05059373674944212 0.1084152105794996
0.0 0.6213978878188585 0.460427521837158 0.06319480690387813 0.093779910821708
0.0 0.5680096969866546 0.4574874081939243 0.0390034214420496 0.04428697953977684
0.0 0.566310895616493 0.4149119167336186 0.024912922485406996 0.036000952859510826
0.0 0.5327694957728242 0.5297662140211149 0.02483572959639435 0.03562609472555578
0.0 0.5582179317024958 0.5079750649237393 0.02065106758960411 0.02184172856937361
0.0 0.5461651690586442 0.494134548452702 0.02404186372842354 0.03438573099017134
0.0 0.47455351178912797 0.4978947459079119 0.03027658787211107 0.0345927339237756
0.0 0.5206031493870116 0.43775322999223565 0.01656067140505002 0.020281486966829798
0.0 0.3584750101118952 0.5263869122482396 0.02048043581147635 0.027549985378858
0.0 0.3269556827994366 0.463179959250006 0.027438350844983805 0.05087948888419641
0.0 0.28964615164764984 0.42370558294544675 0.06796369308944467 0.10517184870724228
0.0 0.25142750183905976 0.4436444025442484 0.025944057998157327 0.042315646469988255
0.0 0.1202037491242473 0.43651064075954193 0.036031908681619707 0.03900856113104351
0.0 0.0979378250354429 0.3970433965401809 0.037378333661282626 0.06907968224764627
