0.0 0.20459629979435234 0.7241215771994524 0.03503269411887755 0.03290121648832911
0.0 0.17881875198271774 0.7557731983627497 0.025998803842504414 0.0321803964380829
0.0 0.18865441047752 0.7503208900723708 0.01401815053835781 0.013393778303146697
0.0 0.2728216472606497 0.6684536293833326 0.03936048520853125 0.0487260687366986
0.0 0.2702395518622075 0.6898654536216688 0.015513137509151287 0.014824175042711385
0.0 0.28791485922299553 0.6138434065587393 0.05794858936262809 0.059283454141355385
0.0 0.31125167987306157 0.6496264796270681 0.050274388405175896 0.05731472360910839
0.0 0.3496619145022108 0.6365306017360016 0.037247318571772214 0.04314655969066372
0.0 0.37345432613060175 0.6384455541007612 0.05158710781315612 0.06250285689081314
0.0 0.2304804177233874 0.6859426617794433 0.018312477974562813 0.018850729901468966
0.0 0.38316185223274424 0.5183367459768435 0.01976928490733182 0.021836172306651358
0.0 0.4756254219957668 0.48255683185250264 0.04183818697091668 0.046790104698453516
0.0 0.5142237506527607 0.4204556008085003 0.04147836822986617 0.0423826314670685
0.0 0.5396903709912052 0.46592584850904856 0.033575620472161116 0.036525241031607036
0.0 0.6028241554308454 0.44657816450772464 0.04703886912266464 0.05199078685020131
0.0 0.574516246848376 0.4276683518458277 0.009058830770853121 0.00936025184992062
0.0 0.624206010226241 0.402094819724295 0.06580007478437033 0.07602686139558745
0.0 0.6661329846937775 0.4437189103499545 0.07557017712396252 0.09161008454576614
0.0 0.6399216857537964 0.3642363584544377 0.049139753603327785 0.04707286620400808
0.0 0.7191312266671499 0.37523354390286845 0.05064728944416441 0.052391225687340504
0.0 0.8623823595874383 0.26926554837719063 0.06460136206256917 0.07939252501395044
0.0 0.8949779168874281 0.30033736342223644 0.039077026543529625 0.041208504174078175
0.0 0.5423779149739925 0.35590212561426204 0.020502004687370845 0.02132014761626827
0.0 0.43720377260934584 0.5543202022571084 0.013912243051593665 0.014041423514051132
