0.0 0.020672588531064753 0.6232637930137086 0.03928522710195545 0.050997816348215985
0.0 0.0643293353963689 0.6234121077283162 0.06917715820800024 0.08384688632336612
0.0 0.14525207335307055 0.5784349169836878 0.07405787460771074 0.10513682429085736
0.0 0.2295065150277189 0.5870320198680485 0.014356269339316663 0.016385678367134116
0.0 0.23809038088449122 0.6046670812171246 0.01829143230936009 0.02136453740862654
0.0 0.23428394418639512 0.5051875448309879 0.02466334736872139 0.03944904171424829
0.0 0.29597559263319945 0.5701461378243853 0.0397486153882437 0.05453430973377049
0.0 0.30845084051571353 0.6020473690430487 0.014760467248200349 0.016210045125212735
0.0 0.4022525796929677 0.5536317374594373 0.06319215680923929 0.09943160373455029
0.0 0.48329647467215464 0.5548086028491171 0.05209110740421674 0.06687680174974342
0.0 0.4852053512463188 0.5950610786016177 0.012818874841343586 0.01803735519858829
0.0 0.5323225196668017 0.588261527473374 0.02494916452279594 0.03184915521737508
0.0 0.5151636486137672 0.5136130794720567 0.06974879251614907 0.06864711332961959
0.0 0.49131847182789196 0.4805566307552993 0.020975017935504936 0.020395186784700037
0.0 0.6205982171483823 0.5037084908745268 0.05301788397679319 0.07394978852085277
0.0 0.9529181071873111 0.43342388659278186 0.024895756463399366 0.03521675094772769
0.0 0.9368815297887783 0.3610595749903298 0.013732656874837934 0.022951972172637003
