0.0 0.004683543688297417 0.656135987817148 0.009367087376594835 0.06782540452411145
0.0 0.28740923460705914 0.46271894256756985 0.05138811372118873 0.07480357509611868
0.0 0.31485333071207344 0.4660656200730101 0.0730150555195681 0.11204082447778463
0.0 0.3776551567224089 0.556814724590758 0.02116191374877724 0.024438886714734487
0.0 0.4175386281836335 0.5176190062148492 0.06745678350339901 0.09385131121101709
0.0 0.4411396084048723 0.4501232374553392 0.038107933941146976 0.05675688918377575
0.0 0.6122713031401398 0.6139688294892316 0.04628977318371863 0.054511996261938256
0.0 0.6274677190830932 0.5996976527904868 0.034435287820186566 0.05802949317507777
0.0 0.6417986868954223 0.6027438054482297 0.02443923635961842 0.0369513149569094
0.0 0.6665486566656866 0.5921121512817793 0.05730855069432261 0.08858874718754939
0.0 0.7045762733516835 0.6475254423709018 0.04680666777464326 0.041742255009073026
0.0 0.7302907319170324 0.6118472908371093 0.049795787391183954 0.062248284661820974
0.0 0.7422434033761602 0.5987200616243213 0.038651181376593846 0.050150377420770664
0.0 0.7587456517925473 0.5983485426732731 0.036444193933929836 0.048062552631414235
0.0 0.7654771374906737 0.6133565459617856 0.03487822044844735 0.04167049168697645
0.0 0.764594690509611 0.6491352220896948 0.04436418302672307 0.0599744906100097
0.0 0.7916932009342382 0.6525676939083573 0.0731978471357797 0.07939430510777123
0.0 0.775225820208735 0.7045766450900457 0.017388952820630466 0.015959000980940274
0.0 0.8217923136810803 0.6572872202833087 0.046828763195984835 0.07089961916410603
0.0 0.8316804054781075 0.6797241464508856 0.044764603107745216 0.06108988661087711
0.0 0.8872427547773298 0.6358740341359319 0.04758879994851983 0.060160459872464433
0.0 0.9129848711722115 0.7250709514079039 0.06034698856673404 0.07607645880332825
0.0 0.9312834783872916 0.6947051366917993 0.05817061139177315 0.057157728838659105
0.0 0.944249537323514 0.7239131827177518 0.043215628472701106 0.06895476158712788
