0.0 0.6086601307189541 0.921109068627451 0.10620915032679734 0.049325980392156854
0.0 0.5324754901960784 0.8958333333333333 0.029820261437908502 0.02941176470588236
0.0 0.6076388888888888 0.8789828431372548 0.1058006535947712 0.047794117647058765
0.0 0.6239787581699348 0.7253370098039216 0.024918300653594794 0.016237745098039102
0.0 0.4844771241830065 0.7833946078431372 0.05147058823529416 0.02267156862745101
0.0 0.6313316993464051 0.6778492647058824 0.0951797385620915 0.034007352941176405
0.0 0.5945669934640523 0.6384803921568627 0.08700980392156865 0.04350490196078427
0.0 0.5273692810457516 0.6021752450980391 0.09313725490196068 0.027267156862745057
0.0 0.6493055555555556 0.6079963235294117 0.015931372549019662 0.010723039215686292
0.0 0.6029411764705883 0.5707720588235294 0.02450980392156865 0.014093137254902022
0.0 0.5477941176470589 0.479626225490196 0.03349673202614378 0.012561274509803932
0.0 0.5745506535947712 0.4863664215686274 0.05024509803921573 0.014399509803921573
0.0 0.5886437908496732 0.5401348039215687 0.0106209150326797 0.006127450980392135
0.0 0.4595588235294117 0.49831495098039214 0.0212418300653594 0.03584558823529416
0.0 0.4166666666666667 0.453125 0.01715686274509809 0.01899509803921573
0.0 0.3895016339869281 0.6283700980392157 0.023284313725490224 0.016544117647058876
0.0 0.6062091503267973 0.23651960784313725 0.058006535947712434 0.022058823529411797
0.0 0.5500408496732027 0.22533700980392157 0.0518790849673203 0.03584558823529416
0.0 0.5506535947712419 0.18412990196078427 0.01715686274509809 0.017769607843137303
0.0 0.5034722222222222 0.20481004901960786 0.029003267973856106 0.021752450980392135
0.0 0.5118464052287581 0.07337622549019601 0.0433006535947712 0.03523284313725494
