0.0 0.29048032945864144 0.2288643990949451 0.04076304092745803 0.05776132463961536
0.0 0.21540037761726882 0.3385521690052413 0.025131509256979823 0.03404778690967597
0.0 0.3255206339443161 0.31846466707695026 0.024563016643359303 0.04453339290641534
0.0 0.2958868848032603 0.3276694076962603 0.02604900023017853 0.03183675940824432
0.0 0.4339937399200724 0.32658934604873163 0.04378558276079819 0.0658416380069411
0.0 0.3701629887458328 0.39523541861943257 0.013165517198227117 0.01723259121524634
0.0 0.3451965663397615 0.38010084556368184 0.010570903170298906 0.010988038966916247
0.0 0.5283020080629476 0.4623422992277675 0.08376858083287292 0.09409269179915242
0.0 0.4361873652041873 0.4464432790546988 0.02355593856247129 0.030125827359194557
0.0 0.46010373359732337 0.4544281961699662 0.043001115624345776 0.052073819200773364
0.0 0.46204384357542677 0.4053223242931727 0.052293564209336396 0.0690832800231852
0.0 0.4283695661803377 0.4062921806178758 0.032921987762368043 0.029167765592811756
0.0 0.5874028971680494 0.4928145157760545 0.06945009191462148 0.06324519693993808
0.0 0.6053084210301065 0.46894043463066554 0.014597406394133983 0.014075986648362404
0.0 0.607845937596625 0.4275141702037506 0.017698877673308022 0.015717482639375446
0.0 0.6344895227466422 0.4602656455207507 0.019813681645446612 0.021795076679378855
0.0 0.6820445000087164 0.5469446149901891 0.028136757006860913 0.0426843679138913
0.0 0.7257296199929084 0.6252770820637121 0.03245504750896844 0.044186991788831786
0.0 0.8754125544704324 0.6353400728015708 0.028816555092699314 0.032518635287678066
0.0 0.9065935970440939 0.6423166754559847 0.030133619085177865 0.0720557666452224
0.0 0.41969238286535127 0.5596887622768236 0.01717472633860284 0.020876806533582037
0.0 0.35087732356578355 0.42936898621244984 0.012918071198869785 0.013491632919218732
0.0 0.5210367521635606 0.3826479056440575 0.013783679921690717 0.012949408328456147
