0.0 0.5161531395152005 0.8685297954215496 0.053923218778359094 0.03573876664504605
0.0 0.5436113803393277 0.8418035660601998 0.04935678477195682 0.03397738110601645
0.0 0.47822569237829676 0.8350537726625926 0.07546583923030947 0.03532462840411332
0.0 0.5048752270030362 0.7569835967516803 0.028954015105914443 0.01705674057188533
0.0 0.46340630166996377 0.7381089844034568 0.05753165234446661 0.03470436136860555
0.0 0.539011005678816 0.7090517505772083 0.0889441084896721 0.036325268274128075
0.0 0.6203816312656925 0.6292316548226744 0.028551132000457002 0.03290379341534577
0.0 0.44535767841956897 0.6261452092227937 0.0904837315028989 0.04250773012990272
0.0 0.4842373628516118 0.5948414825338706 0.10245395385758393 0.03793783910801052
0.0 0.5073634550482282 0.5634303128519071 0.11301592850369324 0.045501313668307564
0.0 0.5227807149948906 0.5173846971187435 0.07317599591758472 0.03825797878925491
0.0 0.5384177399837837 0.47163452149799723 0.03471273493150295 0.01826934736414554
0.0 0.5710851755541508 0.6172033323757165 0.030193665087924315 0.01742585827091736
0.0 0.5312212103912627 0.3163149379385176 0.10217483975109592 0.0482985640156951
0.0 0.5708963484036458 0.3440253455865352 0.054344425373318295 0.028131731074765964
0.0 0.5521669956589187 0.2624679321820004 0.032722864649994854 0.02701604190602963
0.0 0.5522180461427937 0.1762600736292363 0.0418241565542502 0.02992688202022098
