0.0 0.005667892156862745 0.5189950980392157 0.01133578431372549 0.03799019607843135
0.0 0.007352941176470588 0.4562908496732026 0.014705882352941176 0.02614379084967322
0.0 0.15287990196078433 0.5751633986928105 0.05882352941176472 0.06372549019607843
0.0 0.15058210784313725 0.5046977124183007 0.03339460784313725 0.09027777777777779
0.0 0.17401960784313725 0.4897875816993465 0.028186274509803932 0.08660130718954251
0.0 0.20082720588235298 0.5179738562091503 0.03829656862745098 0.0816993464052288
0.0 0.23268995098039216 0.5165441176470589 0.03952205882352938 0.09191176470588236
0.0 0.2662377450980392 0.4901960784313726 0.07904411764705885 0.10294117647058831
0.0 0.27297794117647056 0.6631944444444444 0.02144607843137253 0.03635620915032689
0.0 0.43642769607843135 0.6493055555555556 0.027267156862745112 0.03308823529411775
0.0 0.41390931372549017 0.48508986928104586 0.028799019607843146 0.09109477124183007
0.0 0.4456188725490196 0.542483660130719 0.049325980392156854 0.03676470588235292
0.0 0.4799325980392156 0.5433006535947713 0.03155637254901961 0.08415032679738566
0.0 0.4638480392156863 0.5040849673202614 0.04289215686274511 0.06045751633986929
0.0 0.43795955882352944 0.4703839869281045 0.03339460784313725 0.10498366013071891
0.0 0.4753370098039216 0.3978758169934641 0.047487745098039214 0.07271241830065356
0.0 0.515625 0.39828431372549017 0.05085784313725489 0.08415032679738566
0.0 0.5548406862745097 0.45077614379084957 0.03308823529411764 0.029820261437908502
0.0 0.5726102941176471 0.41176470588235287 0.04656862745098045 0.08986928104575165
0.0 0.36412377450980393 0.871936274509804 0.019914215686274495 0.04289215686274506
0.0 0.4333639705882353 0.7412173202614378 0.018688725490196068 0.0191993464052288
0.0 0.6769301470588234 0.8110702614379085 0.018688725490196068 0.02246732026143783
0.0 0.6746323529411766 0.5153186274509804 0.019607843137254943 0.0404411764705882
0.0 0.6968443627450982 0.5065359477124183 0.01378676470588236 0.020424836601307117
0.0 0.7081801470588234 0.428717320261438 0.02604166666666663 0.033905228758169925
0.0 0.8160232843137254 0.40155228758169936 0.024816176470588203 0.05147058823529416
0.0 0.8325674019607843 0.49734477124183 0.008884803921568651 0.03635620915032678
0.0 0.8696384803921569 0.4407679738562091 0.053002450980392135 0.09150326797385622
0.0 0.8837316176470589 0.5110294117647058 0.038909313725490224 0.11029411764705888
0.0 0.9114583333333333 0.48120915032679734 0.04289215686274506 0.04330065359477131
0.0 0.9543504901960784 0.4787581699346405 0.03492647058823528 0.0702614379084967
0.0 0.8606004901960784 0.3639705882352942 0.02573529411764708 0.03676470588235292
0.0 0.9140625 0.40829248366013066 0.018688725490196068 0.026552287581699363
0.0 0.9425551470588235 0.4001225490196079 0.05055147058823528 0.09926470588235292
0.0 0.9839154411764706 0.428921568627451 0.03155637254901966 0.11928104575163401
