0.0 0.07437322142000427 0.8081178931593187 0.035072151221040626 0.03507215122104057
0.0 0.11756572859059897 0.857568987901586 0.030790922485120997 0.031169878005384066
0.0 0.1379807631985814 0.5986965981698125 0.03329856352734878 0.03348465775604936
0.0 0.15724084751915463 0.5014143058117215 0.029342795920689002 0.029549191337975178
0.0 0.30675639827197704 0.5833846405434391 0.11600683032023162 0.11766137718995173
0.0 0.34073111165632514 0.669206273478858 0.06608863417222233 0.06703940650431106
0.0 0.3649446038391136 0.6533029407415705 0.05844197757835168 0.05934199693897646
0.0 0.6286265519544417 0.310831772829357 0.0890286039538346 0.09013163520031464
0.0 0.6646722730466044 0.30636434843223387 0.09243591841273957 0.09446942080272291
0.0 0.7055540592173721 0.27349872918686136 0.07446741777895483 0.07458922491046788
0.0 0.7384617148528444 0.26048630286830854 0.06912795878902211 0.0705761102414561
0.0 0.7645968152070491 0.2589649677276964 0.08124016009581081 0.08272214686255414
0.0 0.8067716488353303 0.23516984165174282 0.042821276925676166 0.043105493565873565
