0.0 0.31885699046585725 0.05965671273227899 0.07788156290347975 0.032864386157111236
0.0 0.33332024265213034 0.03050073320023966 0.09811874142537752 0.038245001379014654
0.0 0.3786504664950033 0.04522124251509946 0.03914944184445435 0.019907507449883344
0.0 0.49397898110665817 0.12003896584970156 0.046773185773567816 0.04390926995670136
0.0 0.4389656115205377 0.1069199436409731 0.0858752241598944 0.05660958440629099
0.0 0.47210457165269404 0.0426478356868861 0.08210309804382843 0.0852956713737722
0.0 0.47858885698928694 0.1972731926768196 0.03497300059240549 0.02181688730867548
0.0 0.5143433217698524 0.3491612298986507 0.0556609738804828 0.08546359784974855
0.0 0.4793168768085617 0.3293729227332222 0.030116209965396656 0.02814726784130117
0.0 0.47434507792018 0.374533540392736 0.043133497780198427 0.050382784691641536
0.0 0.5572246819679163 0.2905963236711846 0.04295596576920202 0.018254691848729576
0.0 0.5824487796696913 0.30922378131666983 0.035748156883620874 0.031810272635429626
0.0 0.5430174936324855 0.330673367578703 0.020940767711955743 0.014765449231837646
0.0 0.5506951438444496 0.3487422166604942 0.031620042917630875 0.020522369127273732
0.0 0.5731483619754123 0.42599899166357513 0.08653094797785899 0.06898946359955249
0.0 0.4704402827244346 0.4410083062144359 0.12957194841163 0.053946671372502086
0.0 0.5043592852736499 0.4094100416161584 0.055007559632346104 0.02207252773838264
0.0 0.5901792174087966 0.48337927088818633 0.027001655323158014 0.032282000110505416
0.0 0.5784399392783781 0.5706726016966107 0.03414905510116528 0.035223023532490405
0.0 0.5644920842207533 0.6829043776874684 0.09398970363145642 0.04736157423810061
0.0 0.591836454758202 0.6496114345338706 0.040163463082171114 0.02512790504362261
0.0 0.557909563642367 0.7248610973067882 0.0574166774286643 0.049361914193727596
0.0 0.5954661755721062 0.7329379468037223 0.02459207561287402 0.015194851838781442
0.0 0.5859686813634575 0.7186306804978879 0.019437396673687157 0.01218810976224416
0.0 0.500963918354204 0.8299644033695373 0.10796198931829787 0.060707378340002616
0.0 0.5662750259111495 0.8397129995493369 0.03272979489953465 0.019752676354358623
0.0 0.5801148734752944 0.8769543702912352 0.027431981758033075 0.015528831644182062
0.0 0.6043949003416303 0.9277751775202192 0.02576038904648903 0.038737507591664944
0.0 0.6384254467974764 0.9373463944285314 0.048884877171673335 0.051659295619262635
0.0 0.5684113788954546 0.9645519767580695 0.07240298435322268 0.06792811588936887
0.0 0.5079442872730546 0.9662645843496964 0.06086490393365995 0.05486858019209595
0.0 0.5165999442151741 0.9927399463959505 0.044507202179564054 0.014520107208098931
