0.0 0.08363970588235295 0.440359477124183 0.049632352941176475 0.06290849673202614
0.0 0.026041666666666664 0.46425653594771243 0.01531862745098039 0.013480392156862753
0.0 0.0272671568627451 0.7132352941176471 0.02818627450980392 0.05882352941176472
0.0 0.0586703431372549 0.7162990196078431 0.03952205882352941 0.06740196078431371
0.0 0.13710171568627452 0.5281862745098038 0.03033088235294118 0.04003267973856206
0.0 0.17555147058823528 0.5430964052287581 0.01470588235294118 0.024918300653594794
0.0 0.1957720588235294 0.540032679738562 0.014093137254901966 0.044117647058823484
0.0 0.21599264705882354 0.5416666666666666 0.025122549019607837 0.05147058823529416
0.0 0.24402573529411764 0.5322712418300654 0.027267156862745084 0.05065359477124187
0.0 0.28630514705882354 0.5847630718954249 0.012561274509803932 0.020016339869281086
0.0 0.3268995098039216 0.5661764705882353 0.0202205882352941 0.020424836601307228
0.0 0.3469669117647059 0.5782271241830066 0.01378676470588236 0.021650326797385655
0.0 0.34221813725490197 0.5012254901960784 0.060049019607843146 0.06699346405228757
0.0 0.39644607843137253 0.5310457516339868 0.037377450980392135 0.037581699346405206
0.0 0.47518382352941174 0.5531045751633987 0.030637254901960786 0.040849673202614345
0.0 0.454656862745098 0.5091911764705882 0.0202205882352941 0.03717320261437912
0.0 0.4681372549019608 0.47855392156862747 0.014093137254901966 0.029820261437908502
0.0 0.4756433823529412 0.44138071895424835 0.019914215686274495 0.04207516339869283
0.0 0.5053615196078431 0.46915849673202614 0.01991421568627455 0.0788398692810457
0.0 0.5562193627450982 0.4803921568627451 0.034007352941176516 0.0980392156862745
0.0 0.5784313725490196 0.4311683006535948 0.012867647058823484 0.02410130718954251
0.0 0.6190257352941176 0.45343137254901955 0.03155637254901955 0.053921568627450955
0.0 0.6220894607843137 0.5044934640522876 0.015012254901960786 0.019607843137254888
0.0 0.6439950980392157 0.49611928104575165 0.025122549019607865 0.05841503267973858
0.0 0.7152267156862744 0.6019199346405228 0.02113970588235292 0.023284313725490224
0.0 0.7284007352941178 0.5400326797385622 0.015012254901960786 0.02614379084967322
0.0 0.8393075980392157 0.5604575163398693 0.04197303921568629 0.15767973856209144
0.0 0.8823529411764706 0.5622957516339869 0.02941176470588236 0.06413398692810457
0.0 0.9229473039215687 0.5757761437908497 0.018075980392156854 0.026552287581699363
0.0 0.9321384803921569 0.5212418300653594 0.020526960784313708 0.03594771241830064
0.0 0.9615502450980393 0.47998366013071897 0.042585784313725505 0.03431372549019607
0.0 0.9747242647058822 0.5375816993464052 0.04993872549019607 0.04983660130718959
