0.0 0.2521939314865295 0.42914862010590615 0.04952117192246441 0.04770571972326071
0.0 0.2700277310526188 0.40369965082459736 0.03237210980804489 0.0435016211162067
0.0 0.012425035602390139 0.4354800208944497 0.022460068809736333 0.058926978202436864
0.0 0.04798815827823877 0.4521663239098069 0.016292046143266847 0.03105246184983601
0.0 0.059679339161140266 0.4269013674349901 0.02943867346676754 0.030070135101273043
0.0 0.07649831457508893 0.4818400850303709 0.012420838852392313 0.013920560234343238
0.0 0.4056518938642085 0.4994754560388223 0.0286768814924096 0.053935346872635015
0.0 0.40191561452913466 0.45055156452174516 0.018762149013524687 0.03549588232792411
0.0 0.42496385105345796 0.3846507343439783 0.04127269034486114 0.051928605427143726
0.0 0.4828262061123705 0.4592284689035393 0.03205211681980752 0.05178529289810857
0.0 0.4671818849423439 0.500477774535623 0.018695189523214417 0.024536209642391615
0.0 0.5318031205427445 0.3808125568980184 0.030580687898087988 0.047393353916800385
0.0 0.573878317116294 0.36829538591539235 0.020587891921335033 0.03226993215968932
0.0 0.6046651000441281 0.39508252337099836 0.025401917677995378 0.024217927113297344
0.0 0.921140097551992 0.5275507896742817 0.042584627260051855 0.08220884482528046
0.0 0.94764768939295 0.4528163384500091 0.03245791230267825 0.04516607769710412
