0.0 0.34420955882352944 0.38378267973856217 0.051164215686274495 0.04289215686274511
0.0 0.3515625 0.4624183006535948 0.05055147058823528 0.11274509803921573
0.0 0.3818933823529412 0.46282679738562094 0.05361519607843135 0.09803921568627455
0.0 0.40027573529411764 0.4125816993464052 0.040747549019607865 0.03513071895424835
0.0 0.4986213235294118 0.5243055555555556 0.02542892156862747 0.026552287581699363
0.0 0.5050551470588235 0.5637254901960784 0.021139705882352977 0.028594771241830075
0.0 0.5514705882352942 0.5496323529411765 0.037377450980392135 0.06821895424836599
0.0 0.5840992647058824 0.5629084967320261 0.011948529411764719 0.01715686274509809
0.0 0.563265931372549 0.6176470588235294 0.03278186274509809 0.0759803921568627
0.0 0.6574754901960784 0.5439133986928104 0.011642156862745057 0.028186274509803932
0.0 0.6628370098039216 0.5234885620915033 0.00520833333333337 0.0191993464052288
0.0 0.686734068627451 0.5294117647058824 0.046875 0.06862745098039214
0.0 0.7248774509803921 0.53125 0.033700980392156854 0.06576797385620914
0.0 0.7450980392156863 0.5551470588235294 0.031862745098039214 0.03431372549019607
0.0 0.7685355392156863 0.5859885620915033 0.02971813725490191 0.061683006535947715
0.0 0.796875 0.6049836601307189 0.0404411764705882 0.05555555555555558
0.0 0.7859987745098039 0.6421568627450981 0.025428921568627416 0.04983660130718959
0.0 0.8469669117647058 0.6256127450980393 0.04503676470588236 0.08619281045751637
0.0 0.8938419117647058 0.5418709150326797 0.032169117647058876 0.05841503267973858
0.0 0.9338235294117647 0.5357434640522876 0.05392156862745101 0.035539215686274495
