0.0 0.012254901960784314 0.48366013071895425 0.024509803921568627 0.02450980392156865
0.0 0.013786764705882353 0.5524918300653596 0.015931372549019607 0.027369281045751648
0.0 0.20419730392156865 0.35784313725490197 0.020526960784313736 0.02614379084967322
0.0 0.2850796568627451 0.29248366013071897 0.01746323529411764 0.023692810457516367
0.0 0.3503370098039216 0.45894607843137253 0.05667892156862747 0.10661764705882348
0.0 0.32000612745098045 0.5508578431372549 0.03216911764705882 0.06086601307189543
0.0 0.35018382352941174 0.5543300653594772 0.02757352941176472 0.054738562091503296
0.0 0.7925857843137256 0.4558823529411764 0.045955882352941235 0.07924836601307189
0.0 0.8246017156862745 0.4765114379084967 0.03462009803921573 0.09599673202614384
0.0 0.8795955882352942 0.47753267973856206 0.05024509803921573 0.053921568627450955
0.0 0.914828431372549 0.48917483660130723 0.026960784313725505 0.0706699346405229
0.0 0.9368872549019608 0.505514705882353 0.03492647058823528 0.07965686274509809
0.0 0.9868259803921569 0.5147058823529411 0.02573529411764708 0.03431372549019612
