0.0 0.0339572143815569 0.8116526203594681 0.017823127941471353 0.03281957486688969
0.0 0.05565761529973115 0.7734239492931676 0.0545344065549317 0.08678065253445821
0.0 0.1343666609057224 0.8398471591545321 0.04267176781190635 0.06738093942995316
0.0 0.17702520964221435 0.848342098195715 0.07101884207400116 0.10559614197975864
0.0 0.17227341606134997 0.7394331205290459 0.0518877715809295 0.09035016136373819
0.0 0.20423110589961846 0.7238213867040832 0.028166748016397652 0.024437061734428167
0.0 0.22540426563299468 0.747033042139758 0.020006205772275965 0.025445331600147947
0.0 0.22013656821493205 0.7816060217408374 0.030166299042564793 0.04897013404749351
0.0 0.21632131402874033 0.8152990854956564 0.0245760235411297 0.02745099005014784
0.0 0.2698564204147249 0.6587310163474918 0.01835563930673023 0.026980538833784262
0.0 0.2650410539691688 0.6888753668399772 0.03065955269398482 0.06578076518252918
0.0 0.27898663686425396 0.6354219505048221 0.00792398306971459 0.014917144848407116
0.0 0.35605454741008474 0.6443851474560551 0.018656898781679532 0.028525027069390196
0.0 0.37493671408085394 0.6903374335231952 0.025017298185359083 0.0468515032943877
0.0 0.36094692155743524 0.7159914814568302 0.029685766684496573 0.052219287971394635
0.0 0.38599397477351416 0.7684118921886915 0.05639394241181889 0.09345769983888919
0.0 0.40868528519659264 0.7463558962775956 0.012957357981765671 0.02072753773586855
0.0 0.4229982396809045 0.7074239152110413 0.04811141357586668 0.08812783930949608
0.0 0.4871023482893675 0.6704435870895117 0.03484112818837831 0.06436781125396873
0.0 0.46121895404296526 0.6063559053455065 0.013148298795657931 0.017421897660414465
0.0 0.48196212704986113 0.612494680896802 0.013576852146535368 0.016762625845717416
0.0 0.5063935569281113 0.6066598920996011 0.03828016956359298 0.04200985584556227
0.0 0.5065279528534421 0.6632356086662834 0.040338060243627016 0.0739829385788916
0.0 0.5497066746134118 0.7175797757570072 0.02403184424509741 0.03180202399920029
0.0 0.5780448702550984 0.6867114798917398 0.038177264911790076 0.06576140303885492
0.0 0.5590125156069369 0.6332946073148379 0.03378672002605532 0.058962102429348295
0.0 0.587660289957868 0.6047315225762226 0.036763257620651135 0.051371195558364335
0.0 0.5741022512012599 0.6206360617563574 0.014631260308858307 0.022168334670338075
0.0 0.5853185350729626 0.5720631637422204 0.029615759099856587 0.04329127546707756
0.0 0.5884357457876315 0.6511217495627059 0.042416126697471634 0.05321667655567475
0.0 0.6115649204114026 0.6536314631215272 0.009007034377681689 0.014756967395717746
0.0 0.6172187995840582 0.6657231870718333 0.01439895505597022 0.010980075964164948
0.0 0.6142964282351977 0.6152229590031602 0.02134384483209928 0.020877634046853166
0.0 0.6761533487529412 0.5713914378460894 0.01365216701527272 0.017148747904618733
0.0 0.6826045862413038 0.6150774769493756 0.03698389494276588 0.061071452180484376
0.0 0.7768412687459473 0.6293110614941799 0.026343269314409 0.04079580365703994
0.0 0.7716301131348923 0.568023478259624 0.043535235160337304 0.07609228833002768
0.0 0.7925966172911416 0.551437531565179 0.05166182697471733 0.0891917951870338
0.0 0.8274329106100194 0.5518210602478996 0.01939307225418241 0.03944013601976759
0.0 0.841366198430067 0.5579307859219037 0.011323766731090368 0.015208856608141863
0.0 0.8426838039765246 0.5071807506684307 0.017984372247140668 0.016508038093861255
0.0 0.8296608838789268 0.46913779293212865 0.015100124736153187 0.017431178662383917
0.0 0.88040179309659 0.4766203617425462 0.024825304008888494 0.03158536039495785
0.0 0.9183143662740882 0.4803063009845732 0.020809642768834347 0.031977728257824745
0.0 0.9278499880390614 0.5432320616447716 0.009138351575464276 0.016115322598050374
0.0 0.8901852903183164 0.5117562427665119 0.030049619734831445 0.03409011320696492
0.0 0.9009807160107257 0.5616800814311182 0.057737942118318064 0.09891989481506269
0.0 0.2041930809124402 0.6021436580699865 0.013426222409060606 0.015990381727914338
