0.0 0.42351707570734837 0.034102728311231116 0.050061424663087495 0.045285956117543144
0.0 0.38262495299540916 0.07232611717945062 0.07575905870972943 0.04703044634843945
0.0 0.41106481482965657 0.2391925614613353 0.040073375019423096 0.03287227165709444
0.0 0.4362167625489521 0.3367227948273723 0.044029442496189564 0.05145794912259194
0.0 0.46214181569974305 0.34751707232219187 0.02528751372630822 0.017555802747807936
0.0 0.405914062835628 0.3655762256536609 0.03455499564205411 0.02886991404021566
0.0 0.45521548829628317 0.3739302800114063 0.03479399024402596 0.02835089776194233
0.0 0.5021901227334814 0.38803281301558906 0.03594259790229187 0.026922268427374996
0.0 0.35045142390480344 0.574054419452878 0.09932366094863887 0.06672919309809833
0.0 0.385828285959216 0.6057134009480029 0.060088671814339634 0.05121994451547174
0.0 0.4497106420708453 0.6008255879302957 0.0736473047995706 0.04522189679037847
0.0 0.4481447145680897 0.5703986840441194 0.05980331186077448 0.05290541285054373
0.0 0.430585048317927 0.628715598202384 0.06500407598655389 0.0346836407767489
0.0 0.45792484940070965 0.6589506266146496 0.08340711160727132 0.06612446353768231
0.0 0.4032183667083212 0.6565523926044285 0.03599254717588796 0.028412438373436877
0.0 0.39756334077967753 0.6800723945564833 0.03215071393432467 0.02343358881150548
0.0 0.5087808741926793 0.6445054027501008 0.0419533021716158 0.040513081499149894
0.0 0.40408115754334584 0.7082940390164372 0.04879858276961835 0.03310775754854445
0.0 0.45789668439306297 0.7841001850485412 0.10964343589746134 0.07629095716667578
0.0 0.53123535820552 0.760864306378411 0.06541083801932729 0.05191824435096404
0.0 0.4549743911660217 0.8813923274441531 0.03651690173142497 0.02620795376009133
0.0 0.4943557442665286 0.9320368659221387 0.1067183835561975 0.07571573855417213
0.0 0.5729949790347489 0.9490836091990248 0.043383685861444254 0.034742361826649804
