0.0 0.37007782582946497 0.745432792364201 0.016895495088306567 0.014303694437560854
0.0 0.3979397072051112 0.7342399098349333 0.024224937178374262 0.01877321856818459
0.0 0.43660131378152656 0.744691752254819 0.05997752094739334 0.030216499681932296
0.0 0.3314856171675812 0.7032112116959739 0.07021314627325909 0.05242803146296848
0.0 0.32841552400706486 0.7290712760958071 0.01593972397801302 0.012990433582336869
0.0 0.512525038767708 0.4811243786858221 0.08908691874457769 0.04297074164854797
0.0 0.505278883016053 0.4503372860765427 0.09533279854269855 0.03831318422628971
0.0 0.4594850676506278 0.4254636534112358 0.018337493649050074 0.012975147475093096
0.0 0.4984091786998539 0.40771670966418133 0.07660350104363944 0.048987418247761205
0.0 0.49610441284345863 0.36995741702758 0.048972220550263346 0.035208865370440545
0.0 0.4914074238446041 0.32636068802860035 0.03213227915748035 0.0281105195270126
0.0 0.5262792251513118 0.3098295384874189 0.052792553829585254 0.026963919758359267
0.0 0.37379597350625715 0.3606819326815873 0.025966978740792512 0.03007811080749284
0.0 0.6132068307488242 0.03846708033154103 0.07365285716947323 0.03423961279088977
0.0 0.5389719469475338 0.08164025660702623 0.08025158250293979 0.03592285413156249
0.0 0.46997707625737917 0.08933821063648684 0.050675392207764236 0.03271153252500847
0.0 0.49119732406160865 0.15834439996354538 0.07097163987762195 0.05881698854998629
0.0 0.21261755702955418 0.34617477711976213 0.055445905863929 0.042576275046432355
0.0 0.24988952030030134 0.8413071861226136 0.027631280493376098 0.013778552877320549
0.0 0.27692502358246507 0.22376643851623518 0.01682325760217679 0.013695222334035306
0.0 0.2977586604262804 0.08293037571330539 0.024305516559807117 0.016083252426406458
