0.0 0.46016666666666667 0.13124999999999998 0.02833333333333332 0.038999999999999924
0.0 0.4875 0.20662499999999995 0.037666666666666626 0.02124999999999999
0.0 0.4668333333333333 0.23362500000000003 0.01633333333333331 0.01474999999999993
0.0 0.41633333333333333 0.24012499999999998 0.04533333333333334 0.022249999999999992
0.0 0.5236666666666665 0.28175000000000006 0.06399999999999995 0.02200000000000002
0.0 0.5478333333333334 0.36375 0.04500000000000004 0.02300000000000013
0.0 0.5215 0.39575 0.03633333333333333 0.019000000000000017
0.0 0.5335000000000001 0.42075 0.039000000000000035 0.025000000000000022
0.0 0.4856666666666667 0.423875 0.013333333333333308 0.016750000000000043
0.0 0.42099999999999993 0.3182499999999999 0.04199999999999998 0.028000000000000025
0.0 0.451 0.385625 0.07266666666666666 0.036250000000000115
0.0 0.396 0.393625 0.03666666666666668 0.023249999999999993
0.0 0.3965 0.441875 0.03833333333333333 0.015249999999999986
0.0 0.325 0.373125 0.028000000000000025 0.01824999999999999
0.0 0.4365 0.502625 0.032999999999999974 0.01574999999999993
0.0 0.4278333333333333 0.5338749999999999 0.059 0.026249999999999996
0.0 0.4821666666666667 0.605125 0.04166666666666663 0.029249999999999998
0.0 0.4241666666666667 0.597875 0.03366666666666668 0.018750000000000044
0.0 0.4871666666666667 0.680625 0.019000000000000017 0.019750000000000045
0.0 0.415 0.758625 0.053333333333333344 0.028750000000000053
0.0 0.47916666666666663 0.7593750000000001 0.07833333333333331 0.04425000000000001
0.0 0.5386666666666666 0.76475 0.022666666666666724 0.020000000000000018
0.0 0.4731666666666667 0.788125 0.01633333333333331 0.010249999999999981
0.0 0.49716666666666665 0.8467499999999999 0.024999999999999967 0.019499999999999962
0.0 0.5346666666666666 0.8496249999999999 0.04400000000000004 0.024249999999999994
0.0 0.5691666666666666 0.853375 0.027666666666666617 0.017750000000000044
0.0 0.434 0.869375 0.01733333333333331 0.025249999999999995
0.0 0.46166666666666667 0.8920000000000001 0.035999999999999976 0.03700000000000003
0.0 0.45466666666666666 0.949375 0.02733333333333332 0.012750000000000039
0.0 0.36083333333333334 0.9395 0.02633333333333332 0.025000000000000022
