0.0 0.023812170144597244 0.6937347254384287 0.04762434028919449 0.09043946846646211
0.0 0.07946595670877607 0.665998344579478 0.054766286233792816 0.06352030915474294
0.0 0.09460759914947522 0.6277271070090774 0.05606318710804531 0.06064097891074405
0.0 0.1481632092216012 0.636664046837868 0.024493938953092043 0.02548445530806176
0.0 0.16773297176436475 0.5527603389261022 0.048361237063011986 0.05304611171489648
0.0 0.15789226772005424 0.6032557062733749 0.018533038777495403 0.02313760129249043
0.0 0.29200329667662517 0.6229773948773402 0.04812327732334909 0.052888464112123
0.0 0.26443712046034684 0.5840353180261767 0.028737544647039925 0.030076080261864035
0.0 0.43229318538775335 0.5519162699413367 0.04147231129680595 0.04687999518069563
0.0 0.5031353169451882 0.46001845942462194 0.04525980333129387 0.055620068990032856
0.0 0.46368977673606576 0.4353619680339381 0.094489590545063 0.10977566726635501
0.0 0.4287268458884866 0.3534329124631624 0.08059278813294679 0.0920238822835453
0.0 0.40066288581493315 0.36757051465530105 0.03930291070387404 0.04562079880584413
0.0 0.5577343626220852 0.370323018136282 0.0452559117436262 0.041909572706565756
0.0 0.5771607524841413 0.43708824454052064 0.021959670624693617 0.023271435527221274
0.0 0.6021776317248736 0.3248828121189518 0.07789989930485808 0.08614527869217492
0.0 0.6175340822118278 0.3709096402548427 0.048674586474725445 0.04666678305248917
0.0 0.6681736391400035 0.3442421126026941 0.05945810645135663 0.057905405138160615
0.0 0.7127499823998288 0.40056011304974554 0.10199325047041974 0.11545891875555081
0.0 0.6924025167844485 0.4747628576034382 0.02865425583914527 0.03055497641219551
0.0 0.9110296020956715 0.30673806961418354 0.07660299843060558 0.08902460893617403
0.0 0.8334692108215135 0.2386045405774135 0.02897945395462509 0.033262767922062564
0.0 0.8818129045124522 0.2002384292867097 0.04273744168691662 0.05181271315542457
0.0 0.9087787806199765 0.21699908196259618 0.044860169717047205 0.056423157393181544
0.0 0.9527018014366129 0.2860208805165578 0.04302691975033279 0.05930351282659474
