0.0 0.9167350283642564 0.556963168985555 0.0500356669818347 0.06322620520452038
0.0 0.9741782814274682 0.5326963970654424 0.015404955153346833 0.013578572937898326
0.0 0.9713525258123668 0.2837306585565721 0.028563775746687337 0.05900347933750022
0.0 0.9399302963576526 0.28086883777844285 0.03995446307811912 0.06765459334575902
0.0 0.8627096232730725 0.4694818084793133 0.030587562631575027 0.04022680210199908
0.0 0.8241648289385034 0.4548191184197463 0.014865738939479956 0.025012306803084305
0.0 0.8039643502276662 0.45801274681290727 0.014376408736972879 0.04420731825596946
0.0 0.7837336773520585 0.45650875982403966 0.02545285310920209 0.0516309981973011
0.0 0.7557615564997124 0.4660841709843896 0.027592165494080945 0.05082780590173486
0.0 0.7131456310898914 0.413865172676832 0.012689668440967417 0.020096662981398616
0.0 0.6726715707340636 0.4327123070252108 0.02035144953468937 0.020554380891961543
0.0 0.6525271286903354 0.42079088394473324 0.01392563564141669 0.02173849289639207
0.0 0.6577707268534055 0.4977604050183768 0.06047837427656777 0.06737804042381862
0.0 0.6033522385062305 0.4682893052344813 0.03761823222734617 0.03782116358461818
0.0 0.5244743385250495 0.44673701781100017 0.030899180011232596 0.041045747874836835
0.0 0.5452831251041582 0.4905175740534645 0.020459098296044864 0.037302400949628056
0.0 0.5319999298651013 0.5212408402351649 0.014284513452888947 0.029910227962839486
0.0 0.5247328851998263 0.5584615200214469 0.02018423903002098 0.04220229129404218
0.0 0.49483682239574306 0.5308753269352833 0.020420541189093977 0.07896623776209061
0.0 0.4439078263441147 0.5199687835012082 0.034636789573806115 0.09825577007860503
0.0 0.4220126576882054 0.5693343888267575 0.01302229045698694 0.024183515106951714
0.0 0.38127603937785215 0.5473326937661935 0.03190229721838195 0.054123280839675325
0.0 0.3778841797290245 0.49629134885160453 0.015137972625958729 0.01970392816458061
0.0 0.35603281933915665 0.504806155583552 0.025497487961471332 0.05857529919682131
0.0 0.28412264795509173 0.3994655228475942 0.021288927253207413 0.023419706504564375
0.0 0.2713466757718137 0.46143617434247697 0.015179981898682804 0.02623974087001152
0.0 0.1603108249492714 0.44172460448454237 0.042985645922157256 0.1579462598167939
0.0 0.11725455585164432 0.44016307760572126 0.029823373163043898 0.06432170389929848
0.0 0.07657438750151402 0.4269438808680799 0.018246269683898753 0.026667921010690376
0.0 0.06773391575379353 0.4815361436687867 0.02075758777797615 0.03607890525201868
0.0 0.03858794211342548 0.5229825030990773 0.042805453340624244 0.03458673337110485
0.0 0.025086497620818687 0.4654703285728025 0.050172995241637375 0.05015654897831767
