0.0 0.005875 0.4665 0.01175 0.032999999999999974
0.0 0.041125 0.473 0.03574999999999999 0.053333333333333344
0.0 0.284125 0.4431666666666667 0.03925000000000001 0.07700000000000001
0.0 0.29000000000000004 0.37166666666666665 0.026500000000000024 0.058666666666666645
0.0 0.351625 0.36449999999999994 0.05874999999999997 0.08033333333333331
0.0 0.40375 0.4866666666666667 0.03149999999999997 0.12200000000000005
0.0 0.440625 0.44283333333333336 0.05725000000000002 0.1256666666666667
0.0 0.823125 0.43733333333333335 0.031749999999999945 0.07733333333333331
0.0 0.91075 0.49166666666666664 0.0595 0.09599999999999997
0.0 0.880125 0.41833333333333333 0.015249999999999986 0.06266666666666665
