0.0 0.9635572971253719 0.2631309722520948 0.06855261911249955 0.11972994608625415
0.0 0.9487295660762505 0.3474434070050603 0.03566781123737961 0.03603533243647283
0.0 0.9192678292045232 0.27075607761426257 0.0668728294208123 0.11906083969207365
0.0 0.7546134678154013 0.2773963504291822 0.021005748380807154 0.02881557386154182
0.0 0.8375535529679059 0.41556348166072626 0.0319211555830069 0.05783140011909094
0.0 0.7033653784333362 0.27701902051230065 0.05067536465531608 0.10571166421955142
0.0 0.6675407637930939 0.32192917911161867 0.05942658029929704 0.09856758800274318
0.0 0.6396788709875538 0.3984736055846214 0.043246195039881585 0.10250898839369055
0.0 0.6268685550844291 0.2689115234945171 0.013790259682396444 0.018476154970837155
0.0 0.5947988108149538 0.32361715233786414 0.018679439460452696 0.028051230037334063
0.0 0.5072004442531272 0.39597045063453024 0.018459957029186624 0.037295418482722775
0.0 0.5101534546572708 0.36669149925241157 0.023002671135939956 0.0552526563563851
0.0 0.564695056082217 0.3434644725081473 0.008115974407151616 0.012158707597178964
0.0 0.5406334706514433 0.4861644779468205 0.04112293911800424 0.0279840562504155
0.0 0.49961929763913393 0.538444584418075 0.0227087441294635 0.02105489873354316
0.0 0.6887459897692725 0.539869031901147 0.021075041515067783 0.027139141300108638
0.0 0.24161463861665605 0.3721210678649553 0.03229050227463248 0.06463236779485082
0.0 0.23854576044599124 0.43312341359081574 0.04588481061937777 0.06031001768379335
0.0 0.19497210488807062 0.4388816115314954 0.021415705672128305 0.020864423873488247
0.0 0.22412541096771585 0.4854493288754702 0.027459337638998382 0.033982838922906045
0.0 0.08414545820814986 0.4970419948245725 0.04390496737032559 0.05116351105242012
