0.0 0.1100151864952578 0.6954477496489935 0.055923912576754956 0.10328725113592307
0.0 0.08694562003516555 0.7336581136911846 0.06527988473803309 0.09619673426858011
0.0 0.13233447315176297 0.6467756104898326 0.03254024895638026 0.05128159691922729
0.0 0.14394766608925133 0.6125281883221136 0.04580936880285043 0.07086157883481958
0.0 0.1727365733190104 0.6182137933501989 0.04179820898335557 0.05939212747908962
0.0 0.16304695886190335 0.5703696415169097 0.06471420400260197 0.06114442343825022
0.0 0.217488175688697 0.5995645396275537 0.06807164403973576 0.09541871300593108
0.0 0.245984670502567 0.658673778996166 0.03126204115800635 0.04815475275717129
0.0 0.31278750691816 0.5943795273152275 0.05360284068496246 0.09000185322504994
0.0 0.283823744542361 0.6011383791701983 0.043364071819188776 0.057196971506052185
0.0 0.4017825006722354 0.5973483629010709 0.07237706942739591 0.12018663055710799
0.0 0.4700433292846144 0.5317366794709327 0.020483919096996317 0.025328621291474063
0.0 0.5445185458818604 0.4418343000418148 0.03951645652791258 0.06947711483586544
0.0 0.571988359181191 0.437244467590734 0.03694693445238173 0.055433298089203775
0.0 0.6050844303682577 0.5036649230028128 0.05978463434681436 0.09879723622865927
0.0 0.6573710813489453 0.44937482731350753 0.07171337655766197 0.100335367153983
0.0 0.7097169406494137 0.5115887721769864 0.08900328556311476 0.08568848932478806
0.0 0.6985725246782455 0.4400767024367398 0.040582171022230495 0.07118029014524624
0.0 0.7212417507920871 0.4395789184616108 0.04759433547344516 0.08871055804499761
0.0 0.7634124631771075 0.42891351035504893 0.04660691610394119 0.045395740555321806
0.0 0.78218518251515 0.4924678710483599 0.018816681570193228 0.018689189407180617
0.0 0.8207206010390073 0.44667162782139724 0.07757480627641089 0.10970283135557723
0.0 0.850050428159708 0.41795783458227986 0.034959332982475555 0.049365947402895405
0.0 0.8081883680607702 0.34160194625520823 0.025390752934513094 0.025581991179031927
0.0 0.7896790012462112 0.33989719470156987 0.0166296932750144 0.01898829829074683
0.0 0.7926291466585034 0.2849730580451829 0.028591144391505785 0.025276348153178974
0.0 0.6688432364112291 0.2656876854456411 0.020111243821388847 0.02419099303779093
0.0 0.5225729282835259 0.2873603116324521 0.021798083775052546 0.027790215436643118
0.0 0.1700111683198442 0.41041418273461194 0.019454161482360788 0.02296019596520632
