0.0 0.1918739960737244 0.37645219137249286 0.05304781207097656 0.05427145076429152
0.0 0.13528745537326425 0.19715712886178158 0.0764349647093433 0.0828304616620415
0.0 0.21609095996436656 0.2157982783618218 0.03245551237264452 0.0318880277612521
0.0 0.2153651577405913 0.23853733961075005 0.018668875944210572 0.01854473868546852
0.0 0.27217601607012154 0.3122111466097337 0.025204449207182344 0.02497390858380416
0.0 0.26476638932871144 0.3339077386441789 0.02300989742943199 0.022486747553304542
0.0 0.3025160938508998 0.25276388306100894 0.013418998258678871 0.013951015081859308
0.0 0.31502819636686064 0.2794980000026152 0.02187834128133964 0.022898040192435465
0.0 0.38140874351164533 0.4443185703055579 0.05678964023685357 0.056771906342747536
0.0 0.3481579843116811 0.49990936636952354 0.053008585202504344 0.056351424241487924
0.0 0.45261137492080583 0.46883895210860504 0.08099757829940663 0.08346258958014269
0.0 0.4671634531516323 0.4218456173353108 0.018958752388156586 0.019455301423125015
0.0 0.5014965295426379 0.5040051768528157 0.05861620783928123 0.061187622484653204
0.0 0.4990114139486099 0.4758029390647461 0.01870741080154753 0.019106423418932872
0.0 0.4655403709631837 0.5617575682894953 0.07600824340785883 0.08100920154575464
0.0 0.5694311363667774 0.6007453228456827 0.022458440174799255 0.023398336562417743
0.0 0.5709943973602059 0.6319722892054803 0.02668351108244238 0.0269761203351917
0.0 0.5861805668990214 0.6630329306137958 0.0809586974365023 0.0842217339520086
