0.0 0.1547073932756694 0.2114985321601529 0.05670347649091473 0.057256989990961404
0.0 0.17345260455549166 0.13414397422641486 0.020384674781671108 0.019947012944424858
0.0 0.1334606730480585 0.17907937412614608 0.03484253370091084 0.034409162665990534
0.0 0.18359852595565526 0.1905460798077867 0.038935147476710896 0.03813276744175953
0.0 0.20145272901843006 0.23257153279922024 0.03696856834775841 0.03697285915008436
0.0 0.21685352079801923 0.26138850418215087 0.09096715769939803 0.08833689587359494
0.0 0.2655029001211146 0.2658135681351334 0.0846922070208341 0.08382546495099363
0.0 0.36531253196186947 0.2316328036417236 0.09747763868226189 0.09542663517046118
0.0 0.3467082503279941 0.28532935534940607 0.048008165288206506 0.04860029600918664
0.0 0.3893966033741546 0.3387918553231424 0.07061936065546726 0.07022889764380652
0.0 0.4408253499520771 0.2946788108996385 0.09687686835457776 0.09493313490092559
0.0 0.4263836105907832 0.3563117236240164 0.09931184076889332 0.09718789361755137
0.0 0.4460744220541918 0.3812962836006236 0.05585986991384506 0.055130433518434774
0.0 0.5056595204156848 0.5130916444384128 0.030573359199963845 0.030393145502274288
0.0 0.4089667797405737 0.620377332886894 0.04256435460130903 0.042319778868730284
0.0 0.5330798067368898 0.6440432537903973 0.03460468408568651 0.03433436353915209
0.0 0.6131986271142359 0.5848779293203803 0.06752714165139495 0.06597387120940368
0.0 0.5991321880477267 0.6884085277110881 0.06934905115877976 0.06712212475161516
0.0 0.6706918142403064 0.6375734773311827 0.1182571252799719 0.11607310689606687
0.0 0.7203284841127334 0.7456685617494403 0.06744874755406571 0.06730286027498389
0.0 0.7547689870555979 0.7804445010112208 0.09916966446440623 0.09795536740616417
0.0 0.7802086329915947 0.7284999883161937 0.09217368498892764 0.09088215348881867
0.0 0.7717060890750571 0.8231096604661636 0.11018467624636064 0.10835679445550883
0.0 0.8092300844122118 0.829615096812814 0.07564128105075163 0.07380481765524805
0.0 0.8253592109338012 0.8746438216149371 0.05117628507252703 0.05074720483993289
0.0 0.7738800473803513 0.8678726744389695 0.03484253370091084 0.03440916266599059
