0.0 0.9979496878241124 0.4568789803179999 0.004100624351775162 0.03339884761381973
0.0 0.9411678447259343 0.39663555510185433 0.05688626621901949 0.05388574811918284
0.0 0.9074415056368454 0.41496731122405023 0.03611851424936008 0.03619960933313937
0.0 0.9289878980388055 0.3297542109109802 0.02289463208117093 0.0404922652612944
0.0 0.8698636884630807 0.32782345079747677 0.05110090654951427 0.10916498653554435
0.0 0.8488865091325304 0.32401544962615625 0.04294809968755997 0.07725132012623398
0.0 0.8189638801943956 0.42562725982845123 0.045645712314834386 0.07467775230784923
0.0 0.7912139989990065 0.43259828332340566 0.03430930146864042 0.05425869207836581
0.0 0.7133263103550148 0.8080278032194252 0.023344735476259038 0.029994532346167446
0.0 0.5565681839032013 0.8083202898998149 0.062341460453699704 0.08837298234687796
0.0 0.6746844204775033 0.4925824661202306 0.015350762279700447 0.018513470547096122
0.0 0.6436984436279641 0.5171656814206316 0.020918944726111333 0.03105583019853242
0.0 0.5830513783201771 0.4312383123979051 0.07329722724571464 0.08870529316379516
0.0 0.5424907037258007 0.4237667688572623 0.05196638366923645 0.10346176186913725
0.0 0.5203563938776679 0.44631780909865787 0.035718422342614686 0.045530927479918715
0.0 0.4732421242433753 0.41241406153035426 0.018657311967458845 0.02587477442382302
0.0 0.46864110440487844 0.4551611977359126 0.029936070416365257 0.04039733622390429
0.0 0.4354998637842929 0.5149851509244562 0.04918587933499785 0.045212220229808586
0.0 0.41295792792491826 0.5387872575520878 0.04706131580633083 0.05614396518962028
0.0 0.4453334377180075 0.6514397608566379 0.026307687363137544 0.03571471708154461
0.0 0.2862978459306539 0.48719943852031866 0.05569779744240605 0.04539872180242582
0.0 0.2691284906267515 0.5526950093539916 0.01483536557838061 0.016051791835071105
0.0 0.24285937243252204 0.5406920275723045 0.01750473115272211 0.018964442660750924
0.0 0.228208490813057 0.5053656455449433 0.020147007965553326 0.04423224784802654
0.0 0.2010627161375156 0.5507450253728063 0.021469071097885817 0.018225267746710738
0.0 0.1642025209334636 0.5468109260018202 0.05735396801484058 0.09125171303461799
