0.0 0.3647774199016961 0.2301649291774371 0.10862093968027664 0.06656044284339074
0.0 0.4734792636246882 0.16290308452351285 0.04339463054001369 0.05570351123198475
0.0 0.3853432183498977 0.05515918815032019 0.03629986319119943 0.03766064397121634
0.0 0.4070942487443226 0.021312489082249843 0.04300692537804485 0.03218253280972848
0.0 0.3970251097094193 0.005457075978602805 0.07366333513607565 0.01091415195720561
0.0 0.5032368701509453 0.7474974456714534 0.0626450380549225 0.03734688628097227
0.0 0.6355633886915195 0.766270669101069 0.07917615337487427 0.0516512694154414
0.0 0.6313146538055399 0.8016659191651077 0.05763159586672739 0.047611301032057574
0.0 0.6076476297174593 0.9391303680076134 0.07799088014322786 0.05417721649293217
0.0 0.6329612235486126 0.835565199064594 0.02862404556294995 0.027572533142027678
