0.0 0.7474627466431641 0.4279586601400196 0.04972646190030239 0.047920702722449804
0.0 0.7295068635086581 0.40259568110946387 0.03256580692624178 0.04363589579916416
0.0 0.9872592984561834 0.4331378307329237 0.022733322290027336 0.059005528384283745
0.0 0.9517767687591473 0.44999483192165024 0.016433776071063777 0.031115383299691324
0.0 0.9399643176220157 0.4247863465596935 0.029568975602220826 0.03019706575103892
0.0 0.923409532406823 0.47980524977921296 0.012481774159551207 0.013973488262994604
0.0 0.5943444962645411 0.4990220928634237 0.0289228610217791 0.05404646697451071
0.0 0.5978456393801643 0.45008081231899616 0.01892408908626131 0.035568478029946116
0.0 0.5744809969018984 0.3842914962649222 0.04150257322318507 0.05210159448449381
0.0 0.5169776769149113 0.4591464147103669 0.03228599408384858 0.05191381123442024
0.0 0.5328200319995606 0.5003200687305274 0.018804218670914086 0.024614052547483445
0.0 0.4676245173942427 0.38096675592302487 0.030794096103969937 0.047516996316257
0.0 0.42548965806391215 0.36865191263029984 0.020733319783260873 0.03235298753639926
0.0 0.3948319503252606 0.3955866799826 0.02550600028458938 0.024328331255555113
0.0 0.07899715399926943 0.5295741684086457 0.04296012376446445 0.08237278060281239
0.0 0.0521307481062232 0.4549679564729758 0.032659606613061 0.04529992085802914
