0.0 0.043910193608220224 0.6723323741399444 0.05317597371576613 0.05046597552907106
0.0 0.04046199230390314 0.7400811661214167 0.017268538773515724 0.01941132803741419
0.0 0.018686894262118753 0.6936663432572632 0.030429770084359598 0.03255155161037682
0.0 0.06243300403747298 0.6964594562687523 0.03308068801543507 0.03700913499924896
0.0 0.08721466660499835 0.6664538386598988 0.03363371511229302 0.0336127073744118
0.0 0.10678782915372215 0.6466449619369686 0.07509563847916367 0.08797338180043579
0.0 0.14760971419185542 0.6548303228617068 0.07450786270301879 0.078751425755053
0.0 0.220867021410888 0.706968076802396 0.08269805693450982 0.0927397556417987
0.0 0.21869167621250796 0.6585830142373921 0.045380072071090294 0.042481004243462905
0.0 0.2665381094777667 0.6252568557899185 0.06309174481912672 0.06500344896633037
0.0 0.29785702393000935 0.6737739944053782 0.08246305856563035 0.09197956382588535
0.0 0.30100775621873 0.6199143075720702 0.08415444646610609 0.09455327671737823
0.0 0.32315641466481104 0.6042772898577123 0.048684701651713014 0.052256017091543816
0.0 0.40380926949514084 0.5110486494239236 0.027281992652287257 0.028164317643304404
0.0 0.3508315539593505 0.39993728735005235 0.038000441637697224 0.03919788269693458
0.0 0.45797750923270175 0.4107072114613246 0.030686747077706467 0.03201023456423202
0.0 0.5090861580056532 0.47848198311637175 0.0569042007158273 0.06450900182887886
0.0 0.5227065927011529 0.3904812350884845 0.05660570854293073 0.06750872450335543
0.0 0.5688426986817786 0.449373644609679 0.10120996549521011 0.11190290407682119
0.0 0.6356183414750871 0.3730959076051711 0.06091814983396571 0.061632412921932056
0.0 0.6721931742402111 0.35303675192541767 0.08666560673432788 0.09261079655475224
0.0 0.6803782772957173 0.401648373425419 0.08007888590544288 0.08640221500773149
0.0 0.6963807010664211 0.32228600835787835 0.09490220028413932 0.1038514966215977
0.0 0.7286173323500711 0.3260729513390471 0.06346161671208916 0.07245292852531032
0.0 0.7527180376025423 0.29319509008969424 0.045297041711991115 0.04739781550012673
0.0 0.7090150184865417 0.28624015661614266 0.030429770084359875 0.032551551610376706
