0.0 0.863228386859801 0.9391821605505922 0.05428790215285495 0.05481110040772674
0.0 0.8485539536827899 0.8719867096383498 0.0433066497203034 0.04300862539790806
0.0 0.852018128668251 0.8281459972070288 0.022024781129482696 0.022082178406388264
0.0 0.7959893666489133 0.8736577383740594 0.09820129149237411 0.09969582827949752
0.0 0.7857090834869348 0.8386436693205341 0.04159100362919266 0.04165723125639165
0.0 0.7376048740952899 0.8768775659615707 0.08902375674770158 0.08988692348886151
0.0 0.7818496352685755 0.7983466041315089 0.06888588412378471 0.06913092634442086
0.0 0.7677774087909441 0.7685757946371644 0.031334771128553096 0.031758627942626516
0.0 0.7071509330958952 0.8119292675088339 0.07347279266359708 0.074329336642037
0.0 0.7010562413477156 0.7783858023257832 0.0883368482573561 0.09028173290943275
0.0 0.741906772827787 0.7676520918236555 0.044257773000954015 0.044540344210336036
0.0 0.6322845720123338 0.734687419972693 0.05207822025765241 0.05249324672143252
0.0 0.6831325835388377 0.7160967210658258 0.07345187811028953 0.07347395398602252
0.0 0.6602688013868117 0.7425546337479231 0.033233995743296774 0.03321854263028379
0.0 0.6916725883913499 0.7471198151670515 0.03038178901537858 0.030520867032496124
0.0 0.6934743330852311 0.6271219968486716 0.06761686823257917 0.06791710014254759
0.0 0.6871915298935822 0.670530544352396 0.06709076488003551 0.06785900535554368
0.0 0.7019369573154002 0.5950384463532782 0.035064204482055494 0.035185621798586864
0.0 0.5288614020138254 0.664852676788666 0.08711221602378016 0.08829327537549503
0.0 0.5177741853777554 0.685179704433788 0.08421074485915075 0.08506066607487073
0.0 0.5372921923933143 0.5340175648339338 0.052810675519660566 0.05322128680829419
0.0 0.4779171878419662 0.5900978546145869 0.0745071067619344 0.07519366649723058
0.0 0.4349008961036026 0.491375165275422 0.050062574162736684 0.050711604909286556
0.0 0.4108656975175312 0.4789927320278733 0.07272802129241102 0.07346756312946617
0.0 0.43242072720203206 0.4480990730260957 0.026341898381417372 0.026235934177899045
0.0 0.46924217318404154 0.4679941110169497 0.021737097234855174 0.021785664161467766
0.0 0.30225980403219144 0.32239004142422284 0.08461299140142614 0.08597286534657833
0.0 0.3272020901005293 0.3247155641383847 0.0313082800776735 0.03178511899350611
0.0 0.3381633573960354 0.32988190688754904 0.08150145066228415 0.08265822655069288
0.0 0.36495374480988185 0.3529963086535874 0.02090053660185265 0.020869630375826453
0.0 0.32483276618155876 0.24528227786044848 0.048731977725642084 0.04882911157886727
0.0 0.27320884515167887 0.2415340206923263 0.05126815067552942 0.051550721884911666
0.0 0.2974429603171189 0.19942452431401478 0.05070324016292832 0.0513853847230778
0.0 0.19957617676654235 0.25557534004812754 0.05341253435979504 0.05378782424725581
0.0 0.22857101743726446 0.2819798068161388 0.028498598174860723 0.02860676996595246
0.0 0.23736199155464224 0.25712239691629113 0.04138279288720409 0.041281243858832306
0.0 0.2299080056267194 0.19405421072467982 0.08226225580769592 0.08306581768437682
0.0 0.2516038553119765 0.21596739272862908 0.0661359239343367 0.0669152023477112
