0.0 0.7159447664392216 0.48220637818620027 0.043178853152368024 0.05301395223563116
0.0 0.6838893516313067 0.36144244729192393 0.026309963914084022 0.03146886558045825
0.0 0.6306361862349118 0.4521913183057725 0.027953261661515016 0.039507994633569854
0.0 0.6422611516984498 0.42543970661159636 0.026583571764442038 0.029932332495246627
0.0 0.5583014775034258 0.5244588891769077 0.047135710029027944 0.05989720362479606
0.0 0.5485736162585234 0.43688555785153305 0.013662779901406852 0.01601596311764769
0.0 0.5746690719944141 0.42839013440944274 0.010403700894740187 0.010645053019482764
0.0 0.40376297377931103 0.5083383482499398 0.0838393773524796 0.08981284243986026
0.0 0.4715984372543477 0.45249047889216143 0.024305050640859194 0.02810634660555611
0.0 0.45123901445226927 0.4646244079110745 0.04378779802428556 0.04903720673743828
0.0 0.4850208380760508 0.4961326741470688 0.054395030758091656 0.06410945377898358
0.0 0.5049893741785842 0.4715556103271391 0.03139629019782314 0.02922412107513922
0.0 0.3458028241457533 0.5317338836651717 0.06657259659879489 0.06298248374324789
0.0 0.35182032235856736 0.5591325937200073 0.014148266430922485 0.013846576274994193
0.0 0.3797663938560994 0.5863548627189428 0.01688599557978665 0.015739572987259032
0.0 0.340095637702592 0.5852367137539476 0.019738836230961287 0.020885258823488906
0.0 0.24918975968641996 0.5659265425757216 0.03036400062891126 0.03878115597931142
0.0 0.16660223715148398 0.5489809452195429 0.03402014582833779 0.04080817433672501
0.0 0.06760478338878989 0.6494080603502158 0.028870852389436652 0.031012852496527854
0.0 0.043669566851292474 0.6672452659839332 0.03743159900210624 0.06183536627604391
0.0 0.40106728795281876 0.3712667661167366 0.0175045252757563 0.019646525382847335
0.0 0.5360962648877751 0.4022097242717439 0.012726432186701109 0.01305829135822223
0.0 0.46497676000878346 0.5520568897942595 0.013291579551560906 0.01280887530207564
