0.0 0.04381367084157678 0.5542206212723932 0.07001187729778335 0.05697428274208105
0.0 0.0781603976909562 0.5966265110532751 0.044261773357450906 0.06045225025668899
0.0 0.15710151920457535 0.5599553678681601 0.016208532025864864 0.020639609914077428
0.0 0.17684521342601614 0.5523365595588499 0.017412760779720815 0.030279929262799432
0.0 0.3618871536089847 0.5369875064620796 0.033906108240145394 0.05844746269793788
0.0 0.47981786416933825 0.493837787106434 0.033565200518679006 0.04106394771411548
0.0 0.8417870984719813 0.35815569401404773 0.04445684113295989 0.05221122743733175
0.0 0.8605308399011011 0.4118770709085919 0.08032953304291857 0.09481574921592106
0.0 0.9397398657988791 0.35201331031953187 0.02956237870609313 0.02862503530666377
0.0 0.9710994628140592 0.3353528787038048 0.02082351480842448 0.02372075804302487
