0.0 0.04120710784313726 0.4810049019607843 0.024203431372549024 0.028186274509803932
0.0 0.10799632352941177 0.5439133986928104 0.047487745098039214 0.04370915032679734
0.0 0.14231004901960784 0.5271650326797386 0.029718137254901966 0.029820261437908502
0.0 0.1171875 0.610906862745098 0.015012254901960786 0.037173202614379064
0.0 0.17585784313725492 0.6154003267973855 0.02941176470588236 0.10253267973856206
0.0 0.19653799019607843 0.6200980392156863 0.027879901960784326 0.07107843137254899
0.0 0.23069852941176472 0.5204248366013072 0.03125 0.06781045751633985
0.0 0.258578431372549 0.5147058823529411 0.023897058823529382 0.0490196078431373
0.0 0.352328431372549 0.14501633986928103 0.017769607843137247 0.026143790849673193
0.0 0.5081188725490197 0.15155228758169934 0.04564950980392157 0.0784313725490196
0.0 0.37699142156862747 0.4601715686274509 0.011948529411764719 0.015931372549019607
0.0 0.4088541666666667 0.43709150326797386 0.015012254901960786 0.02777777777777779
0.0 0.4653799019607843 0.5251225490196079 0.05698529411764708 0.07638888888888884
0.0 0.5053615196078431 0.5343137254901961 0.03155637254901966 0.09640522875816998
0.0 0.5283394607843137 0.5128676470588235 0.027267156862745057 0.039624183006535973
0.0 0.5736825980392157 0.5486111111111112 0.01378676470588236 0.022875816993464082
0.0 0.5801164215686274 0.5063316993464052 0.02236519607843135 0.03553921568627455
0.0 0.615655637254902 0.4483251633986928 0.04136029411764708 0.03635620915032678
0.0 0.6390931372549018 0.42565359477124176 0.03676470588235292 0.04820261437908496
0.0 0.6118259803921569 0.31229575163398693 0.019607843137254943 0.03145424836601307
0.0 0.7627144607843137 0.4824346405228758 0.04810049019607843 0.03513071895424835
0.0 0.7826286764705882 0.41809640522875824 0.011948529411764719 0.013480392156862753
0.0 0.8082107843137254 0.4311683006535948 0.01409313725490191 0.015931372549019607
0.0 0.8212316176470589 0.46691176470588236 0.011335784313725505 0.041666666666666685
0.0 0.8501838235294119 0.42299836601307195 0.018382352941176516 0.014297385620915037
0.0 0.8866421568627451 0.42851307189542476 0.03982843137254899 0.08251633986928103
