0.0 0.29425734683644766 0.6927805883107183 0.04716500457074818 0.05198825487333769
0.0 0.11305273834735674 0.6794175694038151 0.06098870914152488 0.08618844441809692
0.0 0.15871259618189096 0.613550028435168 0.0308422307487643 0.02860536104321565
0.0 0.17886459540057156 0.6223390269187987 0.017435658981799718 0.016946343733711067
0.0 0.26532848626214317 0.5977078834954133 0.023634488570364542 0.022725760252485405
0.0 0.28215281485112204 0.6121235609106956 0.0220484426608345 0.01998632840103176
0.0 0.22282320868823458 0.549199077619122 0.011595171549937722 0.013692236898889654
0.0 0.2512987367730532 0.5475347446874522 0.01867496884631703 0.022694344098474817
0.0 0.42300523906115833 0.5469314676752306 0.052495232651847745 0.05242533047354925
0.0 0.4610071285375283 0.5966729599671312 0.0439310817499412 0.05710764235918875
0.0 0.47049680780817693 0.49179131714211927 0.0711149336409223 0.08083133642439944
0.0 0.4335208600448471 0.46191142963707876 0.016766919292473093 0.018724180284828307
0.0 0.5195580146034645 0.46049422765391446 0.050276025476720665 0.06041184132998817
0.0 0.4933529198901041 0.4526324404116474 0.016681876067346002 0.01825467507905998
0.0 0.5585320981129509 0.5134377801912422 0.06267872762103588 0.08239114190118357
0.0 0.6307082082821288 0.43413244436010306 0.01933134233529432 0.023036157785109257
0.0 0.6592985549599588 0.44390417530522647 0.024211621890059654 0.025365007831983255
0.0 0.692614742514902 0.44138776933615975 0.06987486368774554 0.08273686449465051
