0.0 0.8583563590329834 0.25530844846386647 0.07614611336657506 0.06773766449797461
0.0 0.8632546980282805 0.22472210958451833 0.0941752152694808 0.08299181110826062
0.0 0.819991124040168 0.2110875720322163 0.04016113269778587 0.036567064095899104
0.0 0.6892774372414344 0.2053576003643969 0.05917587001849989 0.0586409388777539
0.0 0.73916073973772 0.2255828189239189 0.09529299428636806 0.08982666669187048
0.0 0.7490477038884352 0.1572838709987048 0.10858513529554892 0.1092781603066525
0.0 0.6585362653786571 0.27371685259195977 0.038120058249540345 0.03566271832173862
0.0 0.5469147907964387 0.37167795692290634 0.08889289083070351 0.09445951801409114
0.0 0.5849926303469406 0.3756925340496607 0.03803253243755289 0.037664767278290046
0.0 0.5638964987700088 0.41343891947790395 0.06007226986212422 0.0614263143121373
0.0 0.5460361355882113 0.302599786635805 0.04207006354695253 0.037456282458018686
0.0 0.5161964783723098 0.3031009209959162 0.04425452647311734 0.04351899615459176
0.0 0.5349059278456298 0.34150853494802236 0.023771906887566696 0.02261846161533332
0.0 0.5189734530341972 0.35127040236489276 0.03490876164286816 0.03283590347247756
0.0 0.45889106492939724 0.39874031138972293 0.10266614024707194 0.09938968701000295
0.0 0.5301982848816102 0.46711439134840593 0.12627864621955798 0.11215312078423523
0.0 0.5213675878119156 0.42388680576222393 0.053147997840197025 0.04699628972161851
0.0 0.41399194074897994 0.4338014694268062 0.038018229762587674 0.039004509053337966
0.0 0.3748641248402903 0.5079396368821505 0.04496462981392707 0.04516522899170683
0.0 0.3236705480923351 0.6026253545051958 0.09617814925115259 0.08746880161588277
0.0 0.3208714571878497 0.5617165867368061 0.043818245447109494 0.04100985695819326
0.0 0.30559274882161125 0.6387785590578035 0.07011689315434333 0.06861239932099539
0.0 0.27202409496585034 0.6242897415320083 0.02672368385440199 0.024968441048829226
0.0 0.2872888443891612 0.6184485030728188 0.021221328276290863 0.019867283826277782
0.0 0.2916608245247241 0.7516941094799311 0.11398281418466999 0.10515645036236188
0.0 0.23565874443250406 0.723167738584567 0.03530519244010599 0.03288128570860083
0.0 0.20435854594082445 0.7443840470912115 0.029019510384162783 0.026796202830437377
0.0 0.15746510752127515 0.7703567297460999 0.04068664929797755 0.04311055602948266
0.0 0.12580359647392142 0.7589740530844495 0.06505558616056195 0.06557380070315955
0.0 0.16503489841267674 0.8187382606695981 0.09157867083718402 0.09074284092976825
0.0 0.21095102261821927 0.853471005343096 0.07574185721489018 0.07462184513895331
0.0 0.18954280885261612 0.8693881839317287 0.04130495370368764 0.03579922433076388
