0.0 0.3266602351216162 0.610215757274226 0.07206055967214764 0.07686655419928268
0.0 0.3894116550431404 0.6335458341102957 0.04522007693529384 0.048264388581099715
0.0 0.37636250075188454 0.5809322700719087 0.02206065409908209 0.02294149553974667
0.0 0.35361455733996777 0.5323460887232697 0.017304489905536458 0.01773718394656476
0.0 0.44427635890460154 0.6285942873731536 0.07628202653948202 0.08680576375163318
0.0 0.39844192361440817 0.5811830695067691 0.024461380209809147 0.02786111910360245
0.0 0.4796784073031187 0.6269922918469096 0.061901127848770665 0.06902512616712841
0.0 0.43286362873221484 0.5606674971544847 0.08534656487624193 0.09610210246751527
0.0 0.4812518982961974 0.5700094336041386 0.05627304799878918 0.062052604118237764
0.0 0.5423613909289465 0.5191681895384708 0.14188991959366493 0.15584430241682562
0.0 0.6542556942800295 0.5395853122511058 0.06651143012644567 0.06765497866344894
0.0 0.6232104725787392 0.5146958001534688 0.02307068117036315 0.023611548721648612
0.0 0.62680401771438 0.45528916281906734 0.09993269306396502 0.11031735004864285
0.0 0.7194679305404359 0.37706685037520077 0.0757081637669943 0.07573907048421058
0.0 0.8285272930298598 0.22220759237189985 0.08464825730099057 0.09392027246588153
0.0 0.9133492616473229 0.2451468485289306 0.06593144477232604 0.067754941088088
0.0 0.8666054764090981 0.18395501474770334 0.03524221016470208 0.03640121206031338
0.0 0.8531564684450849 0.21378954600810318 0.021916626573180276 0.023925563192239818
0.0 0.9043492962783519 0.1437989462514723 0.03541581824588658 0.03598759251438827
