0.0 0.12226931100364069 0.5773548856016657 0.039294816486419304 0.06675602450077012
0.0 0.18996129882556245 0.6052449785508978 0.01395559177754535 0.019969523875674966
0.0 0.1903021196701784 0.5032629021325568 0.018059392156155374 0.01168317499187338
0.0 0.20230058893423503 0.4770893972025805 0.02288284531008733 0.024984098693771106
0.0 0.19559506116152808 0.4839658713928509 0.013459384170841027 0.01990805834835363
0.0 0.3121865417094937 0.5222569204958871 0.020142495002880456 0.034416526609284515
0.0 0.3166858545213184 0.5473944782376677 0.016967089353784437 0.0265314151002074
0.0 0.4085693972796096 0.589585816384611 0.01568783501287646 0.024092848547611734
0.0 0.41882889822613467 0.565643003990737 0.03190612956847105 0.054440260683149555
0.0 0.4551639571593646 0.5163020563172406 0.04062625631587535 0.059754907808721225
0.0 0.48033111460364175 0.5455970943888903 0.009539667111688688 0.011930748548294456
0.0 0.47883962356444976 0.5111861116616012 0.014074039444054443 0.02487013441539543
0.0 0.4917210271516726 0.47180388132070905 0.0448059121737262 0.09349702506460694
0.0 0.5341850185270084 0.5065136710913176 0.010818921452596664 0.014369315100890012
0.0 0.5456954393761009 0.4916526317718569 0.025919628046073506 0.0455554786315327
0.0 0.559403734934821 0.4894507557819857 0.029254458379892823 0.058672005751466694
0.0 0.6188031675410228 0.42700844260009174 0.005979776440197315 0.014747075041085078
0.0 0.8808444480586197 0.4854050238996498 0.08013205645055332 0.08679810166775731
0.0 0.8773007435676162 0.4374771324012702 0.051112878234624626 0.07538597766683452
0.0 0.9090527394240245 0.45688771787876364 0.019693989496590847 0.028823573163630933
0.0 0.9198714798171068 0.5249070038135988 0.024954113161466118 0.02198337561901642
0.0 0.9461016658378951 0.49058887033056564 0.027513248368294718 0.062365071732154276
0.0 0.9922822854098807 0.43633365718265393 0.009075469746931741 0.020016478744733723
0.0 0.9461912847440428 0.5401202046510013 0.024116639244647575 0.031000055501542834
