0.0 0.4348447712418301 0.9560355392156863 0.030637254901960675 0.04381127450980393
0.0 0.4965277777777778 0.9960171568627452 0.018382352941176405 0.007965686274509776
0.0 0.4411764705882353 0.9912683823529411 0.02777777777777768 0.01746323529411764
0.0 0.4675245098039216 0.9517463235294118 0.03472222222222232 0.015625
0.0 0.4528186274509804 0.9122242647058824 0.02410130718954251 0.02420343137254899
0.0 0.44485294117647056 0.8831188725490196 0.08986928104575176 0.027267156862745057
0.0 0.47467320261437906 0.8492647058823529 0.065359477124183 0.0447303921568627
0.0 0.5633169934640523 0.8088235294117647 0.0874183006535948 0.03860294117647056
0.0 0.5167483660130721 0.7846200980392157 0.02450980392156865 0.03860294117647067
0.0 0.511437908496732 0.7216605392156863 0.05065359477124187 0.04136029411764719
0.0 0.573937908496732 0.7185968137254901 0.08578431372549022 0.03952205882352933
0.0 0.5251225490196079 0.6864276960784313 0.0894607843137254 0.03890931372549011
0.0 0.5224673202614378 0.6571691176470588 0.04493464052287577 0.02757352941176472
0.0 0.47875816993464054 0.5309436274509804 0.022058823529411797 0.017769607843137192
0.0 0.3457924836601307 0.5203737745098038 0.030637254901960898 0.024816176470588203
0.0 0.4140114379084967 0.42570465686274506 0.02573529411764719 0.01930147058823528
0.0 0.5053104575163399 0.41452205882352944 0.06209150326797386 0.025122549019607865
0.0 0.43014705882352944 0.35401348039215685 0.07107843137254899 0.018075980392156854
0.0 0.5104166666666666 0.34267769607843135 0.10253267973856217 0.05055147058823528
0.0 0.4750816993464052 0.2386642156862745 0.045751633986928164 0.04227941176470584
0.0 0.47610294117647056 0.19347426470588241 0.0788398692810457 0.04993872549019607
0.0 0.5261437908496732 0.21216299019607843 0.07516339869281041 0.044424019607843146
0.0 0.460375816993464 0.15410539215686264 0.09313725490196079 0.049632352941176516
0.0 0.48141339869281047 0.12591911764705882 0.07066993464052296 0.026960784313725505
0.0 0.4636437908496732 0.0854779411764705 0.0383986928104576 0.028186274509803932
0.0 0.4334150326797386 0.12270220588235298 0.02777777777777768 0.01746323529411764
