0.0 0.018125 0.48083333333333333 0.03625 0.07099999999999995
0.0 0.09087500000000001 0.48583333333333334 0.023750000000000007 0.05099999999999999
0.0 0.11937499999999998 0.45899999999999996 0.029749999999999985 0.043999999999999984
0.0 0.161875 0.48833333333333334 0.014250000000000013 0.01733333333333331
0.0 0.212625 0.424 0.024749999999999994 0.03933333333333333
0.0 0.18375 0.4635 0.006000000000000005 0.020333333333333314
0.0 0.29125 0.5346666666666666 0.024500000000000022 0.03933333333333333
0.0 0.28325 0.49 0.016500000000000015 0.02066666666666661
0.0 0.44075 0.5301666666666667 0.019500000000000017 0.03633333333333333
0.0 0.538875 0.4796666666666667 0.015750000000000042 0.04800000000000004
0.0 0.514875 0.4425 0.04075000000000001 0.08833333333333332
0.0 0.517875 0.35783333333333334 0.036750000000000005 0.07233333333333336
0.0 0.488 0.3586666666666667 0.017000000000000015 0.03666666666666668
0.0 0.622125 0.4245 0.03275000000000006 0.022333333333333316
0.0 0.611875 0.48983333333333334 0.012249999999999983 0.01633333333333331
0.0 0.67875 0.4033333333333333 0.039000000000000035 0.06466666666666665
0.0 0.673375 0.44916666666666666 0.03325 0.027000000000000024
0.0 0.7277499999999999 0.44666666666666666 0.03949999999999998 0.03466666666666668
0.0 0.743375 0.5131666666666667 0.04774999999999996 0.08966666666666673
0.0 0.695875 0.5688333333333333 0.015750000000000042 0.021666666666666612
0.0 0.952 0.5125 0.03300000000000003 0.07166666666666671
0.0 0.91275 0.4225 0.013000000000000012 0.02633333333333332
0.0 0.969875 0.4089999999999999 0.015750000000000042 0.043999999999999984
0.0 0.9895 0.434 0.020499999999999963 0.04933333333333334
0.0 0.9962500000000001 0.5115 0.007000000000000006 0.0576666666666667
