0.0 0.20945481339035157 0.9231481115352721 0.09279711216134484 0.07422046286062733
0.0 0.23426805435904496 0.8415573176745496 0.06132107056769509 0.05872763969324102
0.0 0.20405106709408416 0.7941454378900945 0.0970120457243463 0.09472598443501301
0.0 0.27507008368246066 0.756919643226878 0.1211322616792499 0.1146390791935803
0.0 0.31783619777024996 0.7041877858718588 0.05300386967526233 0.0492770134556767
0.0 0.3372331402710601 0.6747688753173117 0.09390297593408098 0.0881013750149322
0.0 0.3795925893910319 0.630498177942729 0.035113021080453555 0.035958287439534886
0.0 0.40710627827887325 0.6392367867299624 0.04222709175079559 0.03842339313492993
0.0 0.4497762462650625 0.6390475384559993 0.042374852478038905 0.03966615800916484
0.0 0.44766390346355767 0.5392402133145271 0.10985375172379497 0.09980660841016997
0.0 0.5076428269985762 0.5471528892118035 0.0690780895798811 0.06394885962818342
0.0 0.41463489415690813 0.5715911727855583 0.04967736152893171 0.047813933419138976
0.0 0.3826438644340205 0.5668504300025681 0.05892321559311331 0.05880795199869315
0.0 0.3273783839967677 0.5587080907643615 0.052140210769159645 0.050449678050997315
0.0 0.3340504604408666 0.5271374165608986 0.1257526220806381 0.11372678706280004
0.0 0.48657253871765216 0.4379380947337036 0.09701204572434613 0.09472598443501279
0.0 0.5303540274406273 0.364242385514485 0.0645549956278475 0.05796576014682764
0.0 0.5536261774755324 0.3167440426665285 0.11544344295023945 0.10487761346172364
0.0 0.5675944934433927 0.23883142533315366 0.10924820882706465 0.10025764846229113
0.0 0.6516643483669916 0.24557026637678697 0.021608733489998366 0.02072504593277713
