0.0 0.9229526426728891 0.8469846870257113 0.05166174949851543 0.06537548943738458
0.0 0.7428495733569328 0.5177187651848995 0.04210380091199206 0.07516821683822261
0.0 0.7163726507805995 0.5069321104280684 0.058434060804249954 0.11354142068130046
0.0 0.6139723359868049 0.5573121471235719 0.01887512021080817 0.02350245577300325
0.0 0.597665322413219 0.5018333458688171 0.0563175941604146 0.09358867877954968
0.0 0.6103085748106046 0.42898186724111653 0.030912849378801566 0.05724659539638477
0.0 0.3732610432628606 0.4908846858889778 0.04103317065958306 0.05264357625199989
0.0 0.36671401690425054 0.47034525487515866 0.02630611499569596 0.05962293104350058
0.0 0.3522346528326068 0.465885708617507 0.01969162168414168 0.03735963019434113
0.0 0.33522556652314717 0.4438268006614656 0.04570737199563307 0.08987739327113164
0.0 0.27298732833632205 0.47475116889294194 0.044720655597627945 0.037569318819690056
0.0 0.26771046842991697 0.4295800477077268 0.04327026450612392 0.06085413964246522
0.0 0.26351818324872367 0.4117063237346181 0.03314350603851035 0.0493812471931222
0.0 0.24879708732849568 0.4030666697068103 0.031063752742976958 0.04746976064530495
0.0 0.23516378472689586 0.4132375006447049 0.0307733880587725 0.040364592678595046
0.0 0.21795694848153824 0.44600382508130587 0.037460353180584605 0.05950329713140484
0.0 0.19174905404342885 0.43546857715543913 0.06652826648243204 0.07527813736367361
0.0 0.18045439965216536 0.49073967636606497 0.01650500223107021 0.014485801258476094
0.0 0.16218277768526507 0.42458612746114976 0.03770852221600074 0.07169840525467014
0.0 0.1419595369115077 0.4398797869054532 0.03765988938038034 0.06071243381749769
0.0 0.11383042333680413 0.3723065291582136 0.04119051121059053 0.05894265309464802
0.0 0.04569072917527209 0.439932985559479 0.05228467451571267 0.07449588521424927
0.0 0.04444011300515016 0.40329270092695757 0.05430339804513418 0.05287313068954669
0.0 0.01802898633065611 0.42315450458457243 0.03394808802452526 0.07029370553122127
