0.0 0.9442226456610975 0.5644107631728101 0.04573948055926613 0.07135772833690723
0.0 0.8960018585580602 0.5347115852890905 0.011579715606545471 0.0114865583418996
0.0 0.7131381543978768 0.546512523177562 0.011042434668057766 0.015886612429648284
0.0 0.6953734164762896 0.5511598384407712 0.028075149063903293 0.04884921907995421
0.0 0.6749066814780709 0.5459447772281906 0.009679184970733057 0.010517600352546674
0.0 0.6485933984770657 0.5644226929577796 0.02899990895068294 0.05620183022730563
0.0 0.6287244773985867 0.5557735656688614 0.013819944924961192 0.012888372278501481
0.0 0.5494472087829696 0.4551912026589959 0.06007565595850062 0.09035176696844027
0.0 0.520634969041238 0.49231572730007356 0.04126347688934717 0.07219168875180859
0.0 0.49817760095584973 0.5342820719099739 0.030656301435270095 0.07937755084511133
0.0 0.4842224433117782 0.4884171613692193 0.04793192961199283 0.06143973298565819
0.0 0.4592973032540507 0.5232056355418808 0.01787082368507209 0.024950775798165736
0.0 0.4440681649215976 0.5069546918022995 0.042408093866573404 0.09289933130468803
0.0 0.4206202671453966 0.4842694977073827 0.02818730509258288 0.05734552892677086
0.0 0.28470420284228226 0.48446157029670117 0.03867018398759098 0.05944425400364184
0.0 0.3057825075889123 0.5169902951496677 0.02663538307319835 0.06408460346087752
0.0 0.3194354428412021 0.49006277851489644 0.044711474577631694 0.06278398391894963
0.0 0.3285502261440386 0.45680722759758596 0.026466536845004995 0.03699330774999937
0.0 0.36267596665974183 0.444114278302459 0.03212925842057868 0.03585554900641735
0.0 0.3617515977008965 0.493230630125704 0.048689067640927064 0.07039471030343764
0.0 0.3866589178909743 0.4731990012951728 0.025885930607741026 0.03371114083800231
