0.0 0.07551270402179597 0.6308724597022164 0.03866096461499896 0.10497519722353921
0.0 0.044685359696531146 0.6645989184893716 0.051196389383126095 0.09448360716932003
0.0 0.10768671428901624 0.5864935308112307 0.024690898878287626 0.05093098553631037
0.0 0.12621835210969712 0.5544457538292418 0.035090726780066195 0.07016676098619856
0.0 0.15397643804516833 0.5659314824342283 0.0333288665738542 0.05796241731403873
0.0 0.15385265779848903 0.5159590891452108 0.05927224236963852 0.054274130625253214
0.0 0.20264274962378953 0.5561930004702773 0.0546038162392779 0.09289292228108648
0.0 0.21938444573488708 0.6212484631547335 0.023997991284691045 0.04764977007508564
0.0 0.29934809865597867 0.5701159957231783 0.03929676109676444 0.09025965049040707
0.0 0.2689167140357999 0.5710873320011607 0.03567793450671275 0.05504561751620585
0.0 0.3880883543869943 0.5909587283012253 0.053393477052797955 0.12033247362938648
0.0 0.46978001511372125 0.5387964179979139 0.01727386405852316 0.024057015711617447
0.0 0.5625853616881955 0.46349761015572377 0.028191360579457148 0.07013979843411916
0.0 0.5910817184603312 0.46440375178955806 0.028729979550984885 0.054613058227265754
0.0 0.6109731612974437 0.5377216549837145 0.04422310438353372 0.09884532559002984
0.0 0.6743570119330498 0.49371809526108057 0.057571872966749704 0.09764601891726743
0.0 0.714416338244038 0.5666770595443253 0.08112173473977669 0.0764806309771332
0.0 0.7175826556309335 0.4926540225590354 0.02899411070522373 0.07183506851424026
0.0 0.7404386926571946 0.49670435515764744 0.03270159244880089 0.09026912950466687
0.0 0.784911753454186 0.49446230356492427 0.04234909328626979 0.04065330537299611
0.0 0.7910002027117242 0.5620282320650027 0.017007661571674215 0.01682915758080339
0.0 0.8388752750070702 0.5237910235753511 0.0619869986584658 0.10697000435793313
0.0 0.8740807856245593 0.5008540593884732 0.027952559469082816 0.04812351043749474
0.0 0.8473839285850244 0.4158031831310011 0.022859262538312386 0.023127018524618737
0.0 0.8291457761145308 0.4103768127804106 0.014415649863221303 0.017717973694333033
0.0 0.8431312583326812 0.35583426793225825 0.026619475702228668 0.021978371939585073
0.0 0.7227416735914637 0.3116294371741175 0.017128097793166486 0.02284022550103537
0.0 0.571560668258168 0.304026683927496 0.018173791694527375 0.026563479265459877
0.0 0.19294881892502863 0.3567882791990915 0.016678133975164378 0.021586993724114212
