0.0 0.04120710784313726 0.5189950980392157 0.024203431372549024 0.028186274509803932
0.0 0.10799632352941177 0.45608660130718964 0.047487745098039214 0.04370915032679734
0.0 0.14231004901960784 0.47283496732026137 0.029718137254901966 0.029820261437908502
0.0 0.1171875 0.38909313725490197 0.015012254901960786 0.037173202614379064
0.0 0.17585784313725492 0.3845996732026144 0.02941176470588236 0.10253267973856206
0.0 0.19653799019607843 0.3799019607843137 0.027879901960784326 0.07107843137254899
0.0 0.23069852941176472 0.47957516339869277 0.03125 0.06781045751633985
0.0 0.258578431372549 0.4852941176470589 0.023897058823529382 0.0490196078431373
0.0 0.352328431372549 0.854983660130719 0.017769607843137247 0.02614379084967322
0.0 0.5081188725490197 0.8484477124183006 0.04564950980392157 0.07843137254901955
0.0 0.37699142156862747 0.5398284313725491 0.011948529411764719 0.01593137254901955
0.0 0.4088541666666667 0.5629084967320261 0.015012254901960786 0.02777777777777768
0.0 0.4653799019607843 0.47487745098039214 0.05698529411764708 0.07638888888888884
0.0 0.5053615196078431 0.4656862745098039 0.03155637254901966 0.09640522875816993
0.0 0.5283394607843137 0.48713235294117646 0.027267156862745057 0.03962418300653592
0.0 0.5736825980392157 0.4513888888888888 0.01378676470588236 0.022875816993464082
0.0 0.5801164215686274 0.49366830065359474 0.02236519607843135 0.035539215686274495
0.0 0.615655637254902 0.5516748366013071 0.04136029411764708 0.03635620915032678
0.0 0.6390931372549018 0.5743464052287582 0.03676470588235292 0.04820261437908502
0.0 0.6118259803921569 0.6877042483660131 0.019607843137254943 0.03145424836601296
0.0 0.7627144607843137 0.5175653594771241 0.04810049019607843 0.03513071895424835
0.0 0.7826286764705882 0.5819035947712418 0.011948529411764719 0.013480392156862697
0.0 0.8082107843137254 0.5688316993464052 0.01409313725490191 0.01593137254901955
0.0 0.8212316176470589 0.5330882352941176 0.011335784313725505 0.04166666666666674
0.0 0.8501838235294119 0.577001633986928 0.018382352941176516 0.014297385620914982
0.0 0.8866421568627451 0.5714869281045752 0.03982843137254899 0.08251633986928097
