0.0 0.7689929809394588 0.5530459651983928 0.016533995447765237 0.018626557071427574
0.0 0.747714188513255 0.5311669381238314 0.022028019529874876 0.026429614669303048
0.0 0.7426200385109447 0.4907784543116252 0.03880879044784269 0.06283717047127724
0.0 0.7441865465120003 0.605631384784955 0.06192681668145672 0.07628611885762338
0.0 0.7696883126398222 0.5985370318986794 0.015111115306877365 0.017492306120010293
0.0 0.46547737076806067 0.5211149869610325 0.055795932065213605 0.093029097506932
0.0 0.43932438042590005 0.5398116297039945 0.05228933280809245 0.09832568852866652
0.0 0.4336102214844739 0.592473080057303 0.015479485615873756 0.019808923457933836
0.0 0.401898800048835 0.5627216662494783 0.05962030053623313 0.08191690542284358
0.0 0.3672824609778668 0.5794628748435322 0.04187866986494526 0.05299089365956655
0.0 0.3281003776546866 0.6007066247697175 0.032322376059575 0.035569454441120474
0.0 0.29909626818292034 0.5742964277863387 0.03451484947763023 0.055368308416887224
0.0 0.405768004256493 0.698052315456027 0.03324018682942198 0.0299209511505093
0.0 0.01640954206355709 0.5972944394549964 0.03281908412711418 0.0767064757891206
0.0 0.0796257378205221 0.6504355824114041 0.04756754621582321 0.08335756571018793
0.0 0.11349430439880817 0.7123418241984176 0.039735475435651646 0.05423909220655354
0.0 0.17019197842297282 0.6657535722237735 0.06822725301891869 0.07804064546092182
0.0 0.4543367667961501 0.8552113415995068 0.05003870618331363 0.06042935700425833
0.0 0.9055350079064267 0.629057010774998 0.017741630671287867 0.028926011763276693
0.0 0.31441264889188286 0.8419876334380549 0.015933953891816288 0.018459459299684622
0.0 0.17394015785435052 0.8767559083475147 0.019439231042600702 0.026077702400426506
