0.0 0.9923454105137557 0.5718384060170355 0.015309178972488624 0.08456026651424042
0.0 0.9573818876263211 0.5807862760559739 0.0147302054830597 0.014657728874985398
0.0 0.7832345179935669 0.49286969663195757 0.015270287576106045 0.019039071195965984
0.0 0.7677784470435516 0.4809004728970283 0.04092218415081772 0.05708446775137116
0.0 0.7455580320615602 0.4774610019194144 0.012539864803193024 0.013192154275861068
0.0 0.7275058965952794 0.44837801822672035 0.04369469590157149 0.06485786545924666
0.0 0.7044369147356425 0.4485511023887172 0.017376450300292 0.016651684219549767
0.0 0.584800954229603 0.5139450757905427 0.08404971513534365 0.10760461275946859
0.0 0.5720880756359319 0.46555828395169074 0.06024351588281307 0.08430574976345756
0.0 0.5676202553601849 0.4150836472015071 0.05114251185694063 0.08904777787976315
0.0 0.5348019705424738 0.45417095748700337 0.06441875440462519 0.07492786257538864
0.0 0.5249201733628541 0.40969499169130635 0.024524641359498833 0.03003286357314039
0.0 0.5032204863772556 0.41924987861036017 0.06655407252040879 0.10583639409664158
0.0 0.4707855024086324 0.4316737281420739 0.04314460970596462 0.06582978803319861
0.0 0.3377655042975255 0.37472987637716815 0.054420948257862756 0.0705832318584162
0.0 0.37199044400490644 0.35167693744456413 0.04322378561036494 0.07235938205620562
0.0 0.3741161444081085 0.3837477648822585 0.06144787443482874 0.07550833640122934
0.0 0.36915525545882655 0.42012048554338016 0.03633105790188268 0.04452091461427088
0.0 0.3972736759604373 0.4468006755659192 0.04185900268195053 0.0447580670049198
0.0 0.41687843804524305 0.3983159013273033 0.0674167171984213 0.08430376687971697
0.0 0.4329049402399957 0.42833330763691746 0.034921256511945664 0.041009291590181074
