0.0 0.9902249983725692 0.44418252695456883 0.01955000325486167 0.11135371360819651
0.0 0.9624679542989506 0.4215211604409559 0.03947952067252225 0.05591030333604513
0.0 0.9285065934419485 0.4026235907078762 0.05540436268631277 0.07736795992020606
0.0 0.9096794596506879 0.42792509933472217 0.04986523332968407 0.06529004970768537
0.0 0.8828743465798622 0.3828267082508181 0.0731788184325588 0.07004914554426872
0.0 0.8605792488650028 0.44536260222946 0.08103879770048117 0.10501432750541778
0.0 0.8805336285981715 0.5130037451690852 0.03778339303293121 0.05259345223644679
0.0 0.78093432089792 0.5099975087564711 0.06575581042008694 0.09766729647747358
0.0 0.8088802046367005 0.4944815388447298 0.05115583038768057 0.06328331282980476
0.0 0.7121941744446596 0.5765777693196934 0.08861176149390193 0.13052702339064437
0.0 0.6104829989480551 0.5735742663272676 0.023943782841014394 0.02819119604655096
0.0 0.4862949029220998 0.5557078968422506 0.04888425967432031 0.07515115712961229
0.0 0.46110400143944646 0.5718734570244741 0.04446104547945884 0.06066828007953262
0.0 0.4826704463222135 0.6486566986041454 0.07313219045153041 0.10733504415927242
0.0 0.40185157502817 0.6431441612940911 0.08534967831707008 0.11044294843925329
0.0 0.40505076068289403 0.7304669888081182 0.10085326941233874 0.09794714458749776
0.0 0.3623264252325834 0.6654679416734344 0.05018033219875395 0.07700609981266904
0.0 0.34391175313996314 0.6814287844618353 0.059534379877852706 0.09558150510905139
0.0 0.3026280206008826 0.7033629473498983 0.052880747484222446 0.05181889418283836
0.0 0.3335345947124511 0.7675281874716896 0.021396853648409597 0.0212850796166848
0.0 0.2697971114666652 0.7588583922836188 0.0924780772014542 0.12064513319606518
0.0 0.22571775310839595 0.7571519233935835 0.04166613513979467 0.05429660072467979
0.0 0.20396414706867153 0.6661301214550619 0.02891983218151406 0.02908749322910109
0.0 0.2174763200254382 0.651416620597481 0.019232847109268147 0.02130066669617403
0.0 0.17549527698350675 0.6097995991717874 0.0321038467034615 0.029197721878620575
0.0 0.2601721056796845 0.5051197119117111 0.023419737152327286 0.026996506167515977
0.0 0.3923110621481895 0.41683792703774514 0.025589219157905796 0.030842598648964215
0.0 0.7619092937568321 0.2604511938940596 0.02259701899388178 0.025670804866309405
