0.0 0.055300245098039214 0.5410539215686274 0.03155637254901961 0.03799019607843135
0.0 0.08379289215686274 0.4973447712418301 0.025428921568627444 0.06413398692810457
0.0 0.2415747549019608 0.4965277777777778 0.021752450980392135 0.03145424836601296
0.0 0.335171568627451 0.5038807189542484 0.039828431372549045 0.02982026143790839
0.0 0.3492647058823529 0.5259395424836601 0.010416666666666685 0.02083333333333337
0.0 0.3567708333333333 0.47140522875816987 0.01930147058823528 0.026960784313725505
0.0 0.3723958333333333 0.5153186274509804 0.018688725490196068 0.027369281045751648
0.0 0.3929227941176471 0.5561683006535948 0.016850490196078427 0.029003267973856106
0.0 0.5392156862745098 0.3868464052287581 0.03860294117647056 0.08251633986928109
0.0 0.5739889705882353 0.4142156862745098 0.03462009803921573 0.04656862745098045
0.0 0.5798100490196079 0.4736519607843137 0.02420343137254899 0.0625
0.0 0.551623774509804 0.477124183006536 0.03645833333333337 0.04575163398692805
0.0 0.602328431372549 0.4515931372549019 0.015931372549019662 0.05678104575163401
0.0 0.6344975490196079 0.47181372549019607 0.04289215686274506 0.06617647058823528
0.0 0.623468137254902 0.42197712418300654 0.018382352941176516 0.028594771241830075
0.0 0.6441482843137255 0.4129901960784313 0.014399509803921573 0.02614379084967322
0.0 0.6294424019607843 0.5208333333333333 0.029105392156862697 0.03104575163398693
0.0 0.671109068627451 0.4144199346405229 0.01930147058823528 0.0404411764705882
0.0 0.7493872549019607 0.45159313725490186 0.04534313725490191 0.09027777777777779
0.0 0.7398897058823529 0.522671568627451 0.033700980392156854 0.0518790849673203
0.0 0.8382352941176471 0.43321078431372545 0.01593137254901955 0.029820261437908502
0.0 0.8910845588235294 0.46119281045751637 0.04564950980392157 0.08741830065359468
0.0 0.9194240196078431 0.5306372549019608 0.02267156862745101 0.03431372549019618
