0.0 0.39416666666666667 0.983625 0.1103333333333334 0.03275000000000006
0.0 0.46333333333333326 0.9895 0.02200000000000002 0.015499999999999958
0.0 0.5548333333333333 0.9405 0.05900000000000005 0.03550000000000009
0.0 0.4915 0.9505 0.06833333333333325 0.08499999999999996
0.0 0.49116666666666664 0.839 0.08566666666666678 0.03400000000000003
0.0 0.5235 0.7738750000000001 0.02833333333333332 0.02474999999999994
0.0 0.57 0.75425 0.03400000000000003 0.023500000000000076
0.0 0.49233333333333335 0.743 0.06399999999999995 0.030999999999999917
0.0 0.4665 0.7256250000000001 0.05499999999999994 0.019749999999999934
0.0 0.4771666666666667 0.7072499999999999 0.05300000000000005 0.01849999999999996
0.0 0.5351666666666667 0.7076250000000001 0.05899999999999994 0.03325
0.0 0.5065 0.6327499999999999 0.07966666666666677 0.033499999999999974
0.0 0.43400000000000005 0.605125 0.07866666666666666 0.030750000000000055
0.0 0.5115 0.593 0.06966666666666677 0.023499999999999965
0.0 0.48033333333333333 0.5663750000000001 0.07533333333333336 0.03425
0.0 0.4105 0.49874999999999997 0.09433333333333338 0.019499999999999962
0.0 0.3815 0.516 0.027000000000000024 0.027000000000000135
0.0 0.43766666666666665 0.448125 0.04933333333333323 0.027249999999999996
0.0 0.38283333333333336 0.484375 0.027000000000000135 0.011249999999999982
0.0 0.456 0.3687500000000001 0.07599999999999996 0.035499999999999976
0.0 0.45099999999999996 0.3092500000000001 0.030000000000000027 0.015499999999999958
0.0 0.3966666666666666 0.3031249999999999 0.058666666666666645 0.03025
0.0 0.5155 0.028249999999999997 0.020333333333333314 0.014499999999999957
0.0 0.4935 0.05037499999999989 0.007000000000000006 0.011750000000000038
0.0 0.4738333333333333 0.09787499999999999 0.01766666666666661 0.015750000000000042
0.0 0.5406666666666666 0.5185 0.03400000000000003 0.01100000000000001
0.0 0.511 0.513125 0.016000000000000014 0.005749999999999922
