0.0 0.797231547921926 0.4600232130523331 0.037123649462297736 0.04693814266433993
0.0 0.7660011908687269 0.48839476871741266 0.031273249626880384 0.04427082170526064
0.0 0.7325612601770526 0.4762160371887073 0.01289342441492769 0.014484963853096666
0.0 0.5027054283186261 0.5729361838439622 0.017699109994020412 0.016675977498054606
0.0 0.4477721493086097 0.5421225230748604 0.020075560534335457 0.022614444876176476
0.0 0.43941251565684725 0.6137384901569722 0.027311032235043498 0.03231301332643177
0.0 0.4221004996421897 0.6064889302678247 0.01206590087490178 0.015211085955092907
0.0 0.41828481962540986 0.6269042973282888 0.017100873426424745 0.014637776676877379
0.0 0.32872585993194847 0.5940427470235057 0.06634431042776184 0.08961110126194682
0.0 0.3305898544576477 0.6537628083409197 0.009816465618352366 0.009551209045324138
0.0 0.3300996621653638 0.6349740800685876 0.008271938091998776 0.009067707811083237
0.0 0.2853732400613231 0.5803264304575279 0.01500319704874209 0.01257799409534166
0.0 0.11536469260873618 0.6978803522538513 0.06279173087342096 0.07673664785547318
