0.0 0.892576198334785 0.6671991016971697 0.05932946134997508 0.07837521085052124
0.0 0.8240960867674856 0.6450115445162812 0.040520413785864684 0.055455569869026666
0.0 0.8078625980103935 0.6099453935358004 0.04344094825715239 0.05125107575018206
0.0 0.7581388597803759 0.6211778343326333 0.01943090745409881 0.02112081808124555
0.0 0.7353216995566598 0.5435742855737109 0.03714379677357338 0.04513661730737584
0.0 0.7472381189232553 0.5903813263618822 0.012977568316223431 0.020833369069446328
0.0 0.6225809530193818 0.6160177943583254 0.03691479192733926 0.04504463224172084
0.0 0.646343773162557 0.5780457839320751 0.022718418612273417 0.025002081621931183
0.0 0.48729178615301744 0.5568886378644766 0.03123087421479298 0.04045687277381049
0.0 0.4159883672683174 0.4745255206555858 0.03208843791850613 0.049763989613257675
0.0 0.45164794560084537 0.44931069981828 0.0698291798009335 0.09590861137122575
0.0 0.4800521630144924 0.370650571105715 0.06027805805926989 0.07978054016174774
0.0 0.5071116252539831 0.3824061359389235 0.029063472506655752 0.039842361912240554
0.0 0.3600277912934539 0.3933607577234533 0.03821696738854008 0.0325078098643955
0.0 0.3453782261645826 0.4569787452312194 0.017230928421604175 0.019468918171068772
0.0 0.31594626251348423 0.3531370633714419 0.05951822632862913 0.07358559046812113
0.0 0.3040059380041249 0.39709896409265655 0.040392031639900294 0.036966537125413534
0.0 0.25511723460469865 0.3748021638503721 0.048938028142509776 0.046288979051306745
0.0 0.2163364042508471 0.42996838634528295 0.07673190251232187 0.09970555238947953
0.0 0.23936531708288608 0.4984372945812333 0.022399344336189897 0.02564214580990387
0.0 0.026887999752675064 0.35259616946631045 0.05377599950535013 0.0777900845869659
0.0 0.09454553807123936 0.284596080129757 0.02159734558650335 0.02890506721740832
0.0 0.04718512425205061 0.2512112309309564 0.030616676868027687 0.04609991207350761
0.0 0.02000973725716268 0.26689088790048365 0.03693011701378518 0.052733065040617255
