0.0 0.7743404216725601 0.5238800470609464 0.040491756640981924 0.09499020046066525
0.0 0.801742400898342 0.4042665145509925 0.04629471585542333 0.030345906561133562
0.0 0.9269582951739312 0.4509300073143462 0.029481418877026377 0.027718233929919067
0.0 0.9509638900652471 0.4206737437750642 0.022062382701772854 0.03608771750830908
0.0 0.9845902050507553 0.42007707808992056 0.02791071034652337 0.0655787523983633
0.0 0.261403849283141 0.5585022861783868 0.02227632291471604 0.05505553397684915
0.0 0.20331635328213873 0.44410318081329414 0.0327575117427959 0.06842193453655931
0.0 0.17247677123112543 0.45893856357534624 0.034204703319951624 0.04718815611228794
0.0 0.0549272606385067 0.52306530757149 0.03568028070874413 0.0665360172831237
0.0 0.1411682816937089 0.4679541178565089 0.02104945326033064 0.022411914355822793
