0.0 0.261 0.6591666666666667 0.024499999999999994 0.05166666666666664
0.0 0.227125 0.5276666666666666 0.015749999999999986 0.030000000000000027
0.0 0.325875 0.5853333333333334 0.010749999999999982 0.04266666666666663
0.0 0.3006249999999999 0.5661666666666667 0.017749999999999988 0.027000000000000024
0.0 0.432875 0.6153333333333333 0.024749999999999994 0.06000000000000005
0.0 0.3955000000000001 0.5271666666666668 0.008500000000000008 0.015000000000000013
0.0 0.36625 0.5330000000000001 0.008000000000000007 0.008666666666666711
0.0 0.57075 0.5178333333333334 0.0605 0.07699999999999996
0.0 0.47675 0.501 0.015500000000000014 0.026000000000000023
0.0 0.5025 0.5016666666666667 0.029500000000000026 0.04400000000000004
0.0 0.48725 0.5495 0.033499999999999974 0.06033333333333335
0.0 0.45525 0.5368333333333335 0.027000000000000024 0.02100000000000002
0.0 0.638125 0.5091666666666667 0.05625000000000002 0.04633333333333334
0.0 0.647 0.5383333333333333 0.011499999999999955 0.010666666666666713
0.0 0.635 0.579 0.014499999999999957 0.011333333333333306
0.0 0.672 0.5568333333333333 0.014499999999999957 0.01766666666666672
0.0 0.7478750000000001 0.49016666666666664 0.015750000000000042 0.03899999999999998
0.0 0.8171249999999999 0.4301666666666666 0.02024999999999999 0.03899999999999998
0.0 0.964375 0.4726666666666667 0.020750000000000046 0.026666666666666672
0.0 0.99675 0.47683333333333333 0.006000000000000005 0.07299999999999995
0.0 0.500375 0.38649999999999995 0.011749999999999983 0.017666666666666664
0.0 0.38887499999999997 0.4876666666666667 0.009749999999999981 0.010666666666666658
0.0 0.536 0.5918333333333333 0.01100000000000001 0.009666666666666712
