0.0 0.7456398913124789 0.860022193879376 0.07787886152081525 0.035814412012235786
0.0 0.6518408219359912 0.6338727479984876 0.02408354774753818 0.01858049252508953
0.0 0.6777394558070127 0.5951572616115162 0.03939829636702108 0.030352178193133073
0.0 0.7202707196604028 0.5876050312336019 0.040701062223521434 0.03474570109237851
0.0 0.6356793672234231 0.5764667423645933 0.06656465410553614 0.034224781633886536
0.0 0.6405392037691129 0.5907155154936121 0.012800284257734718 0.013704896075123596
0.0 0.624664222052818 0.5328020515339547 0.05552600131091512 0.03735838064502328
0.0 0.5590429933707904 0.4352818459659968 0.07353852527810156 0.05491859870351534
0.0 0.620681310563022 0.3924118651487423 0.09159922955867683 0.046971713234162604
0.0 0.5665002726052044 0.40470817668763737 0.03691418778902389 0.035858807335403586
0.0 0.5925762703918853 0.3732322701524746 0.09670434181241283 0.04860914685457485
0.0 0.5430642147262582 0.384223102950838 0.0255696245899939 0.030695758221863767
0.0 0.5205452063664244 0.3789869067322751 0.04071712232798441 0.02624333324976358
0.0 0.5047319809549027 0.41121679235457775 0.03831037356367689 0.023535047212993154
0.0 0.5059906511995433 0.38495248529851156 0.0480439079348976 0.043445464529837885
0.0 0.5156959941254875 0.36295349913711017 0.02690451065542032 0.01808454543587934
0.0 0.5267711792639262 0.343629216285288 0.04445640459081812 0.04377794572777671
0.0 0.5206518326460005 0.3134628898106378 0.09170576887266763 0.05604898640392564
0.0 0.4700711211616362 0.3240904211329204 0.07047236353331249 0.054264735138429776
0.0 0.4355165410976451 0.28788630771083 0.04862713738513946 0.03588718762358045
0.0 0.5188279379987303 0.26008957010717026 0.04744755908881754 0.025209185244676274
0.0 0.47525782835362107 0.22523854706734908 0.027394908329234302 0.020384166744471244
0.0 0.5007167399553024 0.18632097670592834 0.08747491265256951 0.04993352223093414
0.0 0.5108818307004473 0.16645061744516493 0.04628227647178368 0.026606969443577294
0.0 0.4334910578468773 0.01443756322087901 0.037221862618607604 0.02357730103965995
0.0 0.5040026995657105 0.004129980996325784 0.07560959599597422 0.008259961992651568
