0.0 0.22675 0.5341666666666667 0.037000000000000005 0.09366666666666662
0.0 0.19487499999999996 0.41566666666666674 0.045249999999999985 0.028666666666666674
0.0 0.0715 0.4670000000000001 0.028499999999999998 0.026666666666666672
0.0 0.046375 0.43766666666666665 0.020749999999999998 0.03533333333333333
0.0 0.01275 0.43833333333333335 0.0255 0.06466666666666665
0.0 0.7406249999999999 0.5495 0.02024999999999999 0.054333333333333345
0.0 0.794375 0.433 0.03025 0.06733333333333336
0.0 0.82575 0.44666666666666666 0.03249999999999997 0.045999999999999985
0.0 0.945625 0.5063333333333333 0.03325 0.0653333333333333
0.0 0.857375 0.4545 0.02024999999999999 0.021666666666666667
