0.0 0.225875 0.5193333333333333 0.03875000000000001 0.06466666666666665
0.0 0.260375 0.4640000000000001 0.024249999999999994 0.040666666666666684
0.0 0.281625 0.5123333333333333 0.013249999999999984 0.018000000000000016
0.0 0.293 0.5633333333333332 0.01100000000000001 0.013333333333333308
0.0 0.305625 0.4351666666666667 0.028249999999999997 0.08500000000000002
0.0 0.2985 0.499 0.009000000000000008 0.027333333333333376
0.0 0.333875 0.41533333333333333 0.026249999999999996 0.06466666666666665
0.0 0.33724999999999994 0.49433333333333335 0.033999999999999975 0.09199999999999997
0.0 0.369 0.4583333333333333 0.025500000000000023 0.05666666666666664
0.0 0.4463750000000001 0.4611666666666666 0.06575000000000003 0.14099999999999996
0.0 0.5205 0.37883333333333336 0.04350000000000004 0.04966666666666669
0.0 0.511375 0.4165 0.01475000000000004 0.017666666666666664
0.0 0.5495000000000001 0.4601666666666667 0.04500000000000004 0.10100000000000003
0.0 0.6675 0.4653333333333334 0.05249999999999999 0.052666666666666695
0.0 0.84375 0.5198333333333334 0.03700000000000003 0.08699999999999997
0.0 0.8955 0.45166666666666666 0.04149999999999998 0.05133333333333334
0.0 0.895875 0.5266666666666666 0.021750000000000047 0.028000000000000025
0.0 0.86775 0.5116666666666667 0.010499999999999954 0.021333333333333315
0.0 0.948875 0.5351666666666667 0.023249999999999993 0.02633333333333332
