0.0 0.19409688304672723 0.2589700107748221 0.026093063884308015 0.03014752750445812
0.0 0.2878137765953511 0.21554118729873217 0.022549163035469943 0.02704593177781839
0.0 0.31046771913341437 0.3916851791009998 0.08036633501291479 0.11641420247206768
0.0 0.25903929781232776 0.4729091375866878 0.04569868265019508 0.06641330587314387
0.0 0.2872749755379407 0.48354548959156274 0.0397906646045616 0.059399525022014954
0.0 0.7372907415361103 0.4955825370152157 0.06342273678709553 0.08745464842653083
0.0 0.7631522923009648 0.5231927249275576 0.05654779364876028 0.10085202338894617
0.0 0.815889182818293 0.5374633782415751 0.06143610784625164 0.06408993857944068
0.0 0.8470213325288126 0.5571923650850406 0.04304940180971628 0.0746005005265209
0.0 0.8643260393968261 0.578264447777557 0.052895188573896634 0.08518346249436504
0.0 0.9102186794467377 0.599185047994112 0.03308490105554762 0.039277172766322366
