0.0 0.005764311064075489 0.524926498295193 0.011528622128150978 0.03319879110551982
0.0 0.040725798453265405 0.5190387346903459 0.0366694609829028 0.053945243473691507
0.0 0.28317193039257915 0.5530813680409352 0.04057933086605808 0.07766904398609242
0.0 0.2878061882416885 0.6246724937422954 0.027513335460178534 0.05911737357128943
0.0 0.3492976473596869 0.6329067023655117 0.06013420110197909 0.08134001942005609
0.0 0.4035332631433711 0.5116622878549495 0.033610826864251875 0.12252788745665233
0.0 0.43964261867890947 0.5561284680250427 0.05942053757174659 0.12664052536765869
0.0 0.8219897318691103 0.5682604519979878 0.03308623880048156 0.07787227208228908
0.0 0.9105437335607773 0.5154547655570054 0.06115575901975745 0.09701733594376422
0.0 0.8786516883332178 0.5882460140281031 0.0163343897496655 0.06292168945231347
