0.0 0.17838679065191437 0.13756839704772758 0.07870823831030571 0.07232634441152735
0.0 0.2151144448180756 0.20453205631594992 0.05753676198083729 0.05669962423796565
0.0 0.19709940000008724 0.2534661151015638 0.09159634507024306 0.09085842365245261
0.0 0.2688106906466663 0.2731683677687269 0.11322604538726827 0.11113010051993055
0.0 0.31798310039338085 0.31250397730461776 0.04926590545526188 0.048062907513653885
0.0 0.3413726936973733 0.33533075508457083 0.08753253358259228 0.08565982544668704
0.0 0.3885049085536297 0.36707931162634666 0.033678724052788045 0.033951568946760935
0.0 0.4117109761252104 0.3537245847343706 0.03898674116987877 0.03775893914700046
0.0 0.4504153617680516 0.3454657294004016 0.03947161278321487 0.038597268918437955
0.0 0.4682202195328016 0.4363272270824266 0.10137624898737846 0.09813311536129077
0.0 0.5210090604248514 0.41730676029313973 0.06412096911740767 0.0624652966926173
0.0 0.43189812845462106 0.41353676450541565 0.04668630914052729 0.04608481016972332
0.0 0.40384488763261633 0.4241532676845054 0.056034128349709444 0.05599692222780406
0.0 0.3553726852293419 0.44245061270938724 0.04908427375451696 0.048538583966571014
0.0 0.36765628893843444 0.46974135698234376 0.11588326082602962 0.11200142210723257
0.0 0.5234931066317181 0.5204387309125793 0.09159634507024311 0.09085842365245261
0.0 0.5777274862040265 0.5785709143314606 0.059357847102551986 0.05723089713362661
0.0 0.6082007166679331 0.6170154206127416 0.10653223473663154 0.10312167356196966
0.0 0.6362519078278693 0.6848591332750915 0.10113220974060178 0.09823013223198052
0.0 0.711103567662548 0.6621427108010677 0.020284688991082822 0.019999442056474637
