0.0 0.010723039215686275 0.6638071895424836 0.02144607843137255 0.07843137254901955
0.0 0.26485906862745096 0.6174428104575165 0.015012254901960786 0.02246732026143794
0.0 0.29901960784313725 0.6527777777777777 0.02450980392156865 0.03676470588235292
0.0 0.29733455882352944 0.6983251633986927 0.029105392156862753 0.037173202614379064
0.0 0.32766544117647056 0.613562091503268 0.02236519607843135 0.06617647058823528
0.0 0.3118872549019608 0.6154003267973857 0.012254901960784326 0.011029411764705843
0.0 0.3751531862745099 0.6119281045751634 0.02849264705882354 0.053104575163398726
0.0 0.49034926470588236 0.5659722222222222 0.04381127450980388 0.06903594771241828
0.0 0.5208333333333335 0.639093137254902 0.030637254901960786 0.09109477124183007
0.0 0.5202205882352942 0.5804738562091503 0.03125 0.0326797385620915
0.0 0.546875 0.6143790849673203 0.03125 0.09640522875816993
0.0 0.5465686274509804 0.5608660130718954 0.028186274509803932 0.021241830065359513
0.0 0.5569852941176472 0.5388071895424835 0.019607843137254943 0.039215686274509776
0.0 0.5272671568627452 0.5153186274509803 0.01715686274509809 0.03717320261437912
0.0 0.5540747549019608 0.5224673202614378 0.037071078431372584 0.0433006535947712
0.0 0.5746017156862746 0.5373774509803921 0.01378676470588236 0.02573529411764708
0.0 0.5920649509803921 0.5531045751633987 0.03829656862745101 0.039215686274509776
0.0 0.6245404411764706 0.5535130718954249 0.040747549019607865 0.08905228758169936
0.0 0.6248468137254903 0.49897875816993464 0.04381127450980393 0.06576797385620914
0.0 0.6698835784313726 0.4714052287581699 0.028492647058823484 0.04575163398692811
0.0 0.6799938725490197 0.5635212418300652 0.016850490196078427 0.04697712418300648
0.0 0.7256433823529411 0.5263480392156863 0.016237745098039214 0.02573529411764708
0.0 0.7601102941176471 0.5612745098039216 0.03492647058823528 0.08578431372549022
0.0 0.7783394607843137 0.5761846405228757 0.018688725490196068 0.04534313725490191
0.0 0.952359068627451 0.5302287581699345 0.01746323529411764 0.03594771241830064
0.0 0.9630821078431373 0.6086601307189542 0.025428921568627416 0.07516339869281041
0.0 0.9917279411764706 0.6092728758169934 0.015931372549019662 0.10906862745098034
