0.0 0.13201672595664957 0.5257574077496769 0.0362709499046458 0.054241156433589954
0.0 0.1554555495110806 0.4954445742395036 0.034463041817706985 0.04966124840335667
0.0 0.1695791691294682 0.559642481292014 0.03608632051740446 0.07575459556799913
0.0 0.24412224242467429 0.5243086407679285 0.017344949364479834 0.029102052572246295
0.0 0.26757927839113627 0.5633687255507827 0.03527609782344815 0.05783444218956946
0.0 0.28787229113695734 0.4849557946044306 0.03722910500902171 0.08922800049703011
0.0 0.35794638971237197 0.3950555882447917 0.033169491603885715 0.02886811238153203
0.0 0.38086774992914085 0.5685995926417635 0.04342082443978296 0.09083158209061437
0.0 0.4075588655447264 0.5264197691079284 0.0389834523248101 0.10273945102058524
0.0 0.43614382898935583 0.4998796563360372 0.04665051804484954 0.11336968909380174
0.0 0.4801432650307894 0.47933847183891237 0.0389919522601645 0.07349857224393486
0.0 0.5238242377952961 0.45861245586432586 0.018617385816295684 0.034867040656298254
0.0 0.3754892906186906 0.44266932275910037 0.017726821965613704 0.03034420101785107
0.0 0.678957576969401 0.44814296915492524 0.04932929287635701 0.10257080902860088
0.0 0.646925271271753 0.4118674311160018 0.028677142061869887 0.05458100360093299
0.0 0.7300808835265329 0.4212239521578901 0.027332864388682876 0.03297245048021319
0.0 0.8157264592960918 0.4113937520833228 0.030337117738389208 0.04209422094615578
