0.0 0.4669146859002865 0.7556034577542395 0.049749823199446874 0.051469223517975005
0.0 0.43908974336415074 0.7417662970156637 0.0447648962918219 0.034224224773888645
0.0 0.508949074769811 0.989598050505094 0.059633167212859384 0.020803898989812053
0.0 0.5201425371715587 0.9540892465378281 0.03163397742498575 0.017654505269996457
0.0 0.4934160351029921 0.9462984941165267 0.031275152050474486 0.030677099765769156
0.0 0.5452303993124525 0.9214708424641977 0.014421678115065117 0.013001303938889763
0.0 0.513558197505043 0.5933703141163831 0.054963196954795235 0.031041105566578353
0.0 0.4657393777239825 0.6043642860642686 0.03616713110034042 0.02031874555564661
0.0 0.3971373576573183 0.5914065290140297 0.0535601456994812 0.04346801339507711
0.0 0.46224718592912906 0.5230647344267106 0.052984461977905684 0.03429532808086133
0.0 0.5053689356541327 0.532379491570842 0.025269236226486524 0.01973725259296122
0.0 0.37740157229891813 0.48633579147308426 0.048549406605047585 0.03262626452476575
0.0 0.35874682966631777 0.4465991293910402 0.03304607194015108 0.021982104673100744
0.0 0.3806407027257419 0.41216026967459585 0.02526794861530207 0.026389296649124705
0.0 0.4644077139354988 0.07946318002999958 0.08372264858701761 0.0461948677217523
0.0 0.38655480839535217 0.06440277751356605 0.046423524174413144 0.03438772194471651
