0.0 0.23550122653410532 0.5846015705759957 0.013456499742013683 0.016237940526629857
0.0 0.251432355756892 0.5591503589193487 0.017536860428258527 0.02338747725107193
0.0 0.24796264516888572 0.5192514624248952 0.02695265708729444 0.058891270234783966
0.0 0.27025495455454496 0.6300350255646636 0.04881985335696443 0.06790629184450325
0.0 0.24425878397098197 0.6284963515354844 0.012184878411675648 0.015349966201066434
0.0 0.5207886634449544 0.4910001584291027 0.03809900177876413 0.08758946539469409
0.0 0.5498152759654402 0.5035623083285097 0.033004243435516334 0.09419594069707299
0.0 0.5662229024378422 0.5530250308701714 0.012023857489909306 0.0177785625615291
0.0 0.5905562844157679 0.5178408447228415 0.044948444217648986 0.07458517533649056
0.0 0.6273172714423676 0.5267686641038256 0.03267529457505791 0.04744570425888184
0.0 0.6694023094126418 0.5390806933478787 0.026510617930232905 0.03082664673394786
0.0 0.6918242936347339 0.5076708850856231 0.024095645604981897 0.05181414169995041
0.0 0.614877218364812 0.6487958496912276 0.028876976627835838 0.024465036072927382
0.0 0.9742638458382729 0.46996290632274484 0.030195845580851866 0.07249292785725697
0.0 0.9186754020045493 0.5354202667557031 0.031499534495046055 0.07907176308710256
0.0 0.898930262543855 0.601976109064764 0.030043439182224185 0.04932170117215018
0.0 0.8347480527009992 0.5689186284892215 0.05524243667760942 0.06828643483994745
0.0 0.600731777821753 0.8100064138992698 0.039741620081525264 0.05355291225341263
0.0 0.11993332136599749 0.6859977611334815 0.012273149642590964 0.027139471077608612
0.0 0.7325626638336673 0.7682946756539855 0.012844825140047478 0.016201736431825542
0.0 0.8748654507723427 0.7726252459924896 0.014808460782613553 0.023632341892430353
