0.0 0.7864294774405489 0.39974712985893796 0.061775891916797665 0.08883198079833632
0.0 0.755092651866108 0.398931892682013 0.08788395672668181 0.1329774381959124
0.0 0.669550596218257 0.49025604462241035 0.025318695186430817 0.029105170729648855
0.0 0.6313446135217758 0.43965692937952916 0.08101021642704143 0.1115085558024142
0.0 0.6161112910845696 0.36002870849408275 0.04583562202490166 0.06738411011630513
0.0 0.3969042506068441 0.5152997194722588 0.05540238822575427 0.06490299958873713
0.0 0.3822365892648107 0.4967642213998281 0.04154634711722771 0.06880897102839628
0.0 0.3656567124260439 0.4977949026727465 0.029405621380142466 0.043863073454247115
0.0 0.33966846357159786 0.48175088089740997 0.06899129450996183 0.10513492469522323
0.0 0.28779414185039615 0.5375686596654662 0.05576681320670074 0.04991498736718225
0.0 0.26489372084548246 0.49327338707822144 0.05966714947005036 0.07405575653427815
0.0 0.25367361878971223 0.47656086662727914 0.04634811546518747 0.05963520237138825
0.0 0.23522750714771298 0.47339702921972304 0.04371637372242071 0.05714115064837494
0.0 0.22517945212025892 0.48910852587430265 0.041755699735012475 0.04960403086095483
0.0 0.22021300296299848 0.5293827046552123 0.053244618452250425 0.07128201103994275
0.0 0.18924948377127881 0.5287212197381809 0.08747827281968645 0.09463815384686208
0.0 0.1990602997030812 0.5897927843850825 0.020726279456255603 0.019073999219215154
0.0 0.1547064054202632 0.529003703656998 0.05634683021236897 0.08416021420255099
0.0 0.13988137697545813 0.5525215601028702 0.05373610018106917 0.07259963288728177
0.0 0.084865706103897 0.49409225290922076 0.05703540772728352 0.07156170481126467
0.0 0.04114605471493725 0.5898449686892289 0.07232211962337673 0.09049720223082236
0.0 0.030190856591312376 0.5527422352951966 0.06038171318262475 0.0682361326257166
0.0 0.016153660107535134 0.583194797632903 0.03230732021507027 0.08151337126228353
