0.0 0.48650000000000004 0.031125 0.03433333333333333 0.025249999999999998
0.0 0.4826666666666667 0.079 0.041333333333333444 0.024499999999999994
0.0 0.49083333333333334 0.119625 0.06633333333333336 0.045249999999999985
0.0 0.4638333333333333 0.20325 0.08766666666666678 0.04300000000000001
0.0 0.48733333333333334 0.28012499999999996 0.012666666666666715 0.009749999999999981
0.0 0.5053333333333332 0.284875 0.01666666666666672 0.012249999999999983
0.0 0.412 0.2996249999999999 0.03399999999999992 0.012749999999999984
0.0 0.48383333333333334 0.345125 0.04499999999999993 0.023749999999999993
0.0 0.5158333333333334 0.350875 0.012333333333333307 0.010249999999999981
0.0 0.488 0.447125 0.08533333333333326 0.03325
0.0 0.504 0.522375 0.05400000000000005 0.03275000000000006
0.0 0.5418333333333334 0.51675 0.015000000000000013 0.007499999999999951
0.0 0.5441666666666667 0.5618750000000001 0.025666666666666615 0.015750000000000042
0.0 0.4715 0.559625 0.04966666666666664 0.05125000000000002
0.0 0.43633333333333335 0.5434999999999999 0.014666666666666606 0.015499999999999958
0.0 0.4816666666666667 0.659625 0.06133333333333324 0.03125
0.0 0.47733333333333333 0.982 0.029333333333333322 0.014499999999999957
0.0 0.40700000000000003 0.980375 0.020000000000000018 0.006750000000000034
