0.0 0.04396446078431373 0.4348447712418301 0.04381127450980392 0.030637254901960786
0.0 0.003982843137254902 0.4965277777777778 0.007965686274509803 0.01838235294117646
0.0 0.008731617647058824 0.4411764705882353 0.017463235294117647 0.02777777777777779
0.0 0.04825367647058824 0.4675245098039216 0.015625 0.03472222222222221
0.0 0.08777573529411764 0.4528186274509804 0.024203431372549017 0.02410130718954251
0.0 0.11688112745098038 0.44485294117647056 0.027267156862745084 0.08986928104575165
0.0 0.15073529411764705 0.47467320261437906 0.04473039215686275 0.065359477124183
0.0 0.19117647058823528 0.5633169934640523 0.03860294117647059 0.0874183006535948
0.0 0.21537990196078433 0.5167483660130721 0.03860294117647059 0.02450980392156865
0.0 0.2783394607843137 0.511437908496732 0.04136029411764708 0.05065359477124187
0.0 0.2814031862745098 0.573937908496732 0.03952205882352938 0.08578431372549022
0.0 0.31357230392156865 0.5251225490196079 0.03890931372549017 0.08946078431372545
0.0 0.3428308823529412 0.5224673202614378 0.02757352941176472 0.04493464052287577
0.0 0.46905637254901955 0.4787581699346405 0.017769607843137247 0.022058823529411742
0.0 0.47962622549019607 0.3457924836601307 0.024816176470588258 0.030637254901960786
0.0 0.5742953431372549 0.4140114379084967 0.01930147058823528 0.02573529411764708
0.0 0.5854779411764706 0.5053104575163399 0.025122549019607865 0.06209150326797386
0.0 0.6459865196078431 0.43014705882352944 0.018075980392156854 0.07107843137254899
0.0 0.6573223039215687 0.5104166666666666 0.05055147058823528 0.10253267973856212
0.0 0.7613357843137255 0.4750816993464052 0.04227941176470584 0.04575163398692811
0.0 0.8065257352941175 0.47610294117647056 0.04993872549019607 0.0788398692810457
0.0 0.7878370098039216 0.5261437908496732 0.044424019607843146 0.07516339869281041
0.0 0.8458946078431373 0.460375816993464 0.049632352941176516 0.09313725490196079
0.0 0.8740808823529411 0.4814133986928105 0.026960784313725505 0.0706699346405229
0.0 0.9145220588235294 0.4636437908496732 0.028186274509803932 0.038398692810457546
0.0 0.877297794117647 0.4334150326797386 0.01746323529411764 0.02777777777777779
