0.0 0.67265522989018 0.5892597259814193 0.05747323420003836 0.05066067252683415
0.0 0.652578830549196 0.5128754029161549 0.06825849895467895 0.11947887005321367
0.0 0.6225872554690561 0.5174179482489354 0.0688833683509451 0.1054693477070413
0.0 0.6126435812590281 0.5699879408286306 0.04593043806449992 0.04130462458269479
0.0 0.4973971049471989 0.4757949237344961 0.02941806931630281 0.030343232012663757
0.0 0.48462180187136994 0.4379516024797302 0.025519291026128488 0.031659007101979
0.0 0.44112547668364843 0.4594243617913767 0.048000614570140654 0.07340053587023504
0.0 0.4067687357584897 0.45164613093988126 0.014586120845818229 0.018875511528946898
0.0 0.41839791139324317 0.39424316732580306 0.044732062904396463 0.08030877386446245
0.0 0.3374717238908853 0.4823513155660744 0.016082239425319278 0.029707362771727586
0.0 0.3355123104923483 0.5033770270125157 0.008269163322781548 0.0197916441774601
0.0 0.31096926040666806 0.5014296076642508 0.05743766617094964 0.0753521802004864
0.0 0.2730366142646446 0.5058354087245847 0.04397370328004502 0.07038289297616962
0.0 0.24919012179571007 0.48555521134079205 0.03703132419843952 0.03904986099050006
0.0 0.22103744883470478 0.4589480368341083 0.03937809129197356 0.06570317528842906
0.0 0.18998002253851737 0.44482801350119716 0.048958519333741846 0.06140616288478157
0.0 0.19464944919884783 0.40637888180505777 0.03321467250392135 0.05331593472485707
0.0 0.1371948272568076 0.43264269734182836 0.0584881359053836 0.09238273287206594
0.0 0.10460159948904729 0.5229069828116334 0.04126341393710009 0.06287857875208114
0.0 0.06615415685498335 0.5354715982093718 0.05899475851460262 0.04385573257414899
