0.0 0.14532229097262972 0.522219877941873 0.03070542656443989 0.0513211487677771
0.0 0.1938153555103058 0.5321384366643134 0.02320658718434454 0.05050848956173715
0.0 0.2202550978118839 0.49982869660820217 0.011686220541346659 0.015029310628374148
0.0 0.5100402782583208 0.4597535384539344 0.017845981460710814 0.015696852119050086
0.0 0.547002542852556 0.3957751846144251 0.018161707339888644 0.02349473200252805
0.0 0.5983202513985648 0.4630120081550482 0.023836817771858976 0.034343672331088815
0.0 0.6114426097283112 0.44533225998572895 0.010005000983475232 0.016611583774506
0.0 0.6275167679073083 0.4636413969647637 0.018072028385559546 0.012898198488969004
0.0 0.6981814303592543 0.37686275788002543 0.0516533940393229 0.10052618721634637
0.0 0.7320625577574396 0.43822165791630624 0.009727973161727688 0.009170791480556328
0.0 0.7213060153639372 0.41897496248628585 0.007624145681987993 0.009295690725501793
0.0 0.7336998803904224 0.33706608189024434 0.01600382825338309 0.010909595739817146
0.0 0.974437523033015 0.35384464588156583 0.051124953933969985 0.08272104975342048
