0.0 0.33532727050341327 0.5506569859123678 0.04592781974466881 0.07044206984889667
0.0 0.3557876515029472 0.5063196638311114 0.04424106748590767 0.04995177347609714
0.0 0.3609031336675334 0.5425288190446068 0.02265215691335143 0.033028927554061394
0.0 0.3800281201558207 0.5698105613015279 0.03636523439336059 0.052104497244370496
0.0 0.43815615698727917 0.5466752646200819 0.03521813679130087 0.05778238972814709
0.0 0.4820458667256724 0.4848805568272001 0.04058646223998458 0.0511025183926504
0.0 0.4407456737491157 0.4850235081396942 0.0251027812399498 0.03332062644534434
0.0 0.5711033186976311 0.42959943610378554 0.027979293588719423 0.051309616841322625
0.0 0.8013372235218016 0.545808751429409 0.05604243843870327 0.08083525956684279
0.0 0.7036108139293316 0.4561854260380956 0.06835354867493482 0.10763206304648187
0.0 0.7510710934380543 0.41202748528016553 0.08046335672878913 0.07739907546576069
0.0 0.8763700292690972 0.4780582923380964 0.038759712260010515 0.062229321024569406
0.0 0.8920352651923192 0.43275909954052016 0.04657939889260909 0.06990972214521224
0.0 0.91819123492914 0.409538496369221 0.03183151673043727 0.03684579516084735
0.0 0.975835041672068 0.4059061003048141 0.04832991665586406 0.09698072480098235
