0.0 0.047375 0.5053333333333333 0.03025 0.02200000000000002
0.0 0.005375 0.5188333333333334 0.01075 0.03433333333333333
0.0 0.017625 0.5196666666666667 0.011750000000000002 0.009333333333333305
0.0 0.141625 0.495 0.015750000000000014 0.052000000000000046
0.0 0.12675 0.5128333333333334 0.013000000000000012 0.010333333333333306
0.0 0.18725000000000003 0.4545 0.04250000000000001 0.04766666666666669
0.0 0.187375 0.5005 0.027749999999999997 0.05499999999999999
0.0 0.22975 0.5111666666666667 0.01949999999999999 0.042333333333333334
0.0 0.250125 0.5268333333333335 0.02275000000000002 0.06500000000000006
0.0 0.09312499999999999 0.486 0.013249999999999998 0.01533333333333331
0.0 0.32925 0.424 0.01200000000000001 0.020000000000000018
0.0 0.4337500000000001 0.4458333333333334 0.024500000000000022 0.04366666666666669
0.0 0.505 0.41233333333333333 0.03049999999999997 0.03400000000000003
0.0 0.501375 0.4683333333333334 0.02124999999999999 0.03266666666666668
0.0 0.56975 0.48783333333333334 0.02849999999999997 0.04766666666666669
0.0 0.55525 0.4541666666666666 0.00649999999999995 0.007666666666666655
0.0 0.615125 0.4601666666666666 0.03475000000000006 0.0743333333333333
0.0 0.628625 0.5223333333333333 0.03325 0.09533333333333333
0.0 0.6515 0.43516666666666665 0.041000000000000036 0.03300000000000003
0.0 0.7166250000000001 0.4915 0.036250000000000004 0.04300000000000004
0.0 0.908125 0.4796666666666667 0.02675000000000005 0.08400000000000002
0.0 0.919375 0.5268333333333335 0.02675000000000005 0.03500000000000003
0.0 0.56825 0.37049999999999994 0.014499999999999957 0.017666666666666664
0.0 0.357 0.4881666666666667 0.01050000000000001 0.01100000000000001
