0.0 0.49665184271972906 0.04061494089921894 0.05049504124605875 0.0654289037017502
0.0 0.45070187820032087 0.07005229631779061 0.05706866638118069 0.03852334699176002
0.0 0.47840177809302104 0.1525701062394408 0.01935686530629388 0.01428130421024193
0.0 0.4837863783792339 0.17303631696154279 0.029138329556259113 0.014399680988877506
0.0 0.4785410366959529 0.3586396559624089 0.056209561757501025 0.02809876184090543
0.0 0.5083601629237683 0.48062477999296627 0.038358674673482474 0.029769263587856087
0.0 0.6031062069042298 0.855397436569757 0.04856460097361559 0.03968236905552469
0.0 0.5476389893464357 0.8680742640357961 0.08824046780670136 0.07164728730037762
0.0 0.5983590616685597 0.9534277284012083 0.026022412738717082 0.02709608912442041
0.0 0.6114427580647044 0.9864400169494187 0.021991249625500697 0.018672613524235993
