0.0 0.5359922534595452 0.03231359511323839 0.035505849977801485 0.026869023569161432
0.0 0.5375229820115957 0.080317417247985 0.042461777117655086 0.02645591533283581
0.0 0.5274155728647282 0.12050355104787003 0.06842903626255042 0.048382090561762126
0.0 0.5503701218439943 0.20532824854900164 0.08962976673192902 0.04715876714448802
0.0 0.5232069159327682 0.2809865320982888 0.013120101675413665 0.010346808791905304
0.0 0.504999648835808 0.2848669863062318 0.017235499961007317 0.013035942165980363
0.0 0.5975173256270832 0.30408034343756757 0.034572852489116124 0.014367432909270117
0.0 0.5235826290737524 0.34607961037575 0.04608821375932459 0.025882794179478696
0.0 0.4913434980093119 0.35028685748161703 0.012811154563149907 0.010830231074929697
0.0 0.5145243706898681 0.4477620034738764 0.08683108560088398 0.037307998395379405
0.0 0.4949305246966078 0.5221571894686194 0.055509872980404495 0.035304453400558544
0.0 0.4574108293397151 0.5147225276446306 0.015342736305145988 0.008211411747553243
0.0 0.45291401112667673 0.559683496221868 0.026393137868985395 0.01696394206505747
0.0 0.5256049127060733 0.5609243717268744 0.05206960702228908 0.0535751088733365
0.0 0.5615050999480478 0.5465060977165908 0.015393818256202452 0.016186187651490602
0.0 0.5106495791756773 0.6603210472754345 0.06276274626374401 0.03415821109384454
0.0 0.49950266758493544 0.9825324138731477 0.02999557257310065 0.015891397336972868
0.0 0.5698329233936601 0.9842855598046417 0.020300969146089254 0.007702295761008893
