0.0 0.4647733246071033 0.9341191539226443 0.066990726482139 0.05322244969743062
0.0 0.4908236644135447 0.9931046200664224 0.014427989321658452 0.013790759867155278
0.0 0.7528849585450069 0.9869610388812501 0.062357265456769895 0.02607792223749983
0.0 0.7556215075205571 0.9561109251633306 0.07156340362757785 0.0426500223796904
0.0 0.5563902247838688 0.876477987164161 0.04261096986945134 0.03254953683447215
0.0 0.5714869618599203 0.8357730669269776 0.02645824622425097 0.015867264082167543
0.0 0.5679475410475906 0.8145360924763966 0.04665835827806153 0.015520870780336704
0.0 0.5693530325636298 0.7932260574828051 0.05456975450170731 0.02724502057513245
0.0 0.5590272270578398 0.7638639517397552 0.05374312347510457 0.029489774369733657
0.0 0.6136237025355622 0.7185433686299254 0.02126498398153509 0.013533567017814274
0.0 0.5934277110223045 0.6761019418538665 0.02181409680847568 0.0216022771656339
0.0 0.6058003905450426 0.6547911501886547 0.02300401275914432 0.014848956509740163
0.0 0.524820682276778 0.6609873691603751 0.07145265405870072 0.06425078620208402
0.0 0.555366752962541 0.6034421055750931 0.04014060642568784 0.03992878678284606
0.0 0.5773617830552913 0.5202180081302513 0.04347571944023343 0.032884737298150224
0.0 0.5314568454019544 0.5425080822932232 0.03944378424005168 0.021862753884193342
0.0 0.4989977651804746 0.5287948156749294 0.03160862510476481 0.015298512605956494
0.0 0.4597517208883537 0.5214718370123368 0.04459892793858822 0.02161649669026733
0.0 0.48852901513401153 0.4897578814633317 0.08329824181277956 0.022188274852959267
0.0 0.49956284569273557 0.43604912060987777 0.1037270651316669 0.03732160710080473
0.0 0.4474033150323308 0.41343383257315763 0.025569672563356516 0.013919592207064846
0.0 0.47020656115706355 0.3703570967274413 0.05724976993845765 0.03405551904729526
0.0 0.5239079600243274 0.3663380175675203 0.020873110149334462 0.016107168185397036
0.0 0.5147524318199356 0.3434099147434277 0.06187962490016563 0.027353023116974184
0.0 0.6250126371121159 0.26678454362176934 0.024838337897202245 0.022614231647364758
0.0 0.5596639049155958 0.2538797827240482 0.02775298817141303 0.01620881763654225
0.0 0.5794386596104713 0.13681919800207537 0.166629837351716 0.046634009681912614
0.0 0.5807041683720295 0.09148016243290835 0.06796622562179822 0.0319568863387152
0.0 0.5942625784045943 0.04854001803716838 0.028230628728017182 0.019440113550088053
0.0 0.5367156516172041 0.03971332717661313 0.03815857192893435 0.02216618889438866
0.0 0.49282899907268046 0.016037860332836246 0.036781669321029775 0.03207572066567249
0.0 0.5532530369672826 0.01065166042492891 0.053235735256004446 0.02130332084985782
