0.0 0.836587942855107 0.5133721228311635 0.037607808409318766 0.047247775196670394
0.0 0.9768710660200128 0.3940878806843305 0.03779460352203079 0.08815993724435334
0.0 0.9001242592341971 0.36749268592490436 0.027673046347116315 0.02320233711240266
0.0 0.8888898860609389 0.3867341334756583 0.015201081651325499 0.014223114006231996
0.0 0.8034115106799402 0.4182796712478408 0.02074571569210626 0.018929490065503707
0.0 0.7982644792322005 0.44013548214686166 0.02004744359306021 0.01592600851730852
0.0 0.8091866740160663 0.3531709353636212 0.00872486570739428 0.012916155614938474
0.0 0.7848909665014583 0.36883576856229894 0.013685322946564216 0.02171862860269058
0.0 0.644028785744176 0.47101256518664925 0.04496548239961429 0.044825772736029446
0.0 0.6426756625150819 0.5344372030060873 0.030066948471704658 0.056402220057440666
0.0 0.5721975051846921 0.4542904766718781 0.05530815910803988 0.07472780234632792
0.0 0.5845872130339438 0.4077313520682664 0.013230746339519928 0.017142616919894438
0.0 0.5133385992322302 0.45801688707918453 0.03723451272275086 0.05749241394254778
0.0 0.5300804278819964 0.43591474744883096 0.013377656013913941 0.016521123444572072
0.0 0.5131046080409193 0.5246429745067092 0.042376498595970535 0.08177462372688582
0.0 0.4066254598618536 0.5029072664883223 0.014426795110465573 0.02183140728046029
0.0 0.3890738970549374 0.5279984876452526 0.02006129117692257 0.022366500626071928
0.0 0.36030775652449354 0.5458605301309409 0.05244944195793888 0.07815602005754307
