0.0 0.7632421640002163 0.32654610303904297 0.06523124734547059 0.07478946853952001
0.0 0.7071336038955366 0.29533793391866336 0.04091959027685266 0.04697415482742423
0.0 0.711881788115835 0.3471062610025746 0.02027951229234226 0.02203134061408124
0.0 0.7264079251590364 0.3964617409601747 0.01604275177535075 0.01690329902111737
0.0 0.6544043401185262 0.292083425511295 0.06620239628131452 0.08713213465156411
0.0 0.6909867644028203 0.34366971965430465 0.021215987833613337 0.02797743047892165
0.0 0.6206110018690213 0.28847320802566406 0.0544640394987399 0.06863233522368128
0.0 0.6553826674859801 0.3581316576879839 0.0746033065476801 0.0959940523710191
0.0 0.6108638681314773 0.342265165831229 0.04987744170579944 0.06137189420282335
0.0 0.5455662013481991 0.3816095058297395 0.12608797707646363 0.15384062575243362
0.0 0.4424480238015281 0.34604319200120903 0.06193422634822188 0.06420852978346187
0.0 0.46827308859343925 0.3741362370837397 0.021407387012194246 0.022483071069402505
0.0 0.4562597896286763 0.4299332869264477 0.08851158544020715 0.10916471933860333
0.0 0.3570815736395109 0.4906634769477964 0.07116432799366923 0.07122579565408105
0.0 0.23125755362831568 0.6216704090885964 0.0747245831045601 0.09316488122812805
0.0 0.15416942706721654 0.5876352420528139 0.06103242420152355 0.06465901616582537
0.0 0.18961743463141204 0.6524173442521961 0.03252692028079013 0.034831957546236025
0.0 0.20668944752663662 0.6260825609112701 0.019552628783618464 0.023548026710391468
0.0 0.14801852272522834 0.6850172357396885 0.03299803411361929 0.03413518583123931
