0.0 0.9662082787247283 0.302835328155392 0.0675834425505435 0.06848902868165418
0.0 0.9292979644850098 0.26870426679355847 0.05471746259144328 0.0651900987865155
0.0 0.8603501006439612 0.31977833784886844 0.019664223905074385 0.02253041907425185
0.0 0.8427976369775805 0.3310528481937287 0.023144848411387087 0.03146783822957605
0.0 0.6671688162926317 0.38259277966847915 0.04493967522225095 0.06081398692846557
0.0 0.5618585834850449 0.4476594488650178 0.04030351031790069 0.04515399445035517
0.0 0.23926899794120113 0.6505005497295905 0.05283916629953517 0.05785500784559594
0.0 0.21050995830120148 0.6023471692669824 0.09559391403265188 0.10496416747034798
0.0 0.14590566621783702 0.6758689596138462 0.03361822938277806 0.033011918866221235
0.0 0.11973151447582572 0.6978607100172176 0.02296605065638102 0.02580419519902577
