0.0 0.24352099442655017 0.6291260913906715 0.030562628143072645 0.05424817093165857
0.0 0.22578124789841647 0.49449672231349884 0.019259071110942494 0.03168308281906579
0.0 0.31684093653840206 0.5636714290294174 0.015826014149011858 0.04365289417363882
0.0 0.29409150406945683 0.5415945874651896 0.020881977436111976 0.028946686790507936
0.0 0.4194327323649124 0.6063788455878045 0.03181758538418378 0.06255066697796263
0.0 0.392983322991454 0.5143425457930697 0.01024995748488794 0.01591705054473369
0.0 0.36324282476620806 0.5165993229402273 0.008988460704652812 0.009569701018483201
0.0 0.5680772350855807 0.5262503398240926 0.06935956822428546 0.0837452659915861
0.0 0.476799489609375 0.49818373525759585 0.018527643873890387 0.027682178816718084
0.0 0.5022803300237981 0.5019564950192481 0.034599758186609986 0.04724173501241957
0.0 0.4813630691319921 0.5475970304517108 0.04054376393479231 0.06393868656646318
0.0 0.45112778481925714 0.5311570782932487 0.02933933429355229 0.024108171469079287
0.0 0.6360057790848266 0.5257870405108298 0.061435717537064005 0.05278976786883782
0.0 0.641292010839839 0.5558122936034641 0.01270445274202936 0.011977902349741498
0.0 0.6244667820646363 0.5947313050816588 0.01576302108077743 0.013002129590083289
0.0 0.6638738176145651 0.5771971481222335 0.016528180317479158 0.019289071808173297
0.0 0.7472473476005158 0.5201856179978261 0.020346402657834384 0.04061715860266718
0.0 0.8232389743591733 0.4689915249540688 0.02481344054963508 0.04116082437611318
0.0 0.9642757597361068 0.528970168407725 0.02381973115853886 0.02897823894378293
0.0 0.994261231344147 0.5370176878072399 0.011477537311705976 0.07319016905380615
0.0 0.5140847121101211 0.3873766830990358 0.013798323828045356 0.01895683161328965
0.0 0.3911790278843288 0.4743314830208012 0.010967271339662465 0.011766476771179146
0.0 0.5246414942022302 0.5955099883498715 0.012087300582174554 0.010924819954513998
