0.0 0.5736577773725269 0.8502798171260411 0.02776598067314684 0.03288863896406391
0.0 0.5970232469261599 0.8840527458238195 0.03348936238741462 0.018845803838631436
0.0 0.5944586113628723 0.8729143605552434 0.011487047205302248 0.012987623876379084
0.0 0.5390079044714157 0.7691029450178721 0.050578253075381774 0.02806960300923078
0.0 0.5589111600907775 0.7775406130702782 0.01271539188048354 0.014371200620981961
0.0 0.4906097593432299 0.739389532776336 0.053939230943403915 0.0507311015086882
0.0 0.5315570055546288 0.726859880592992 0.056490480558404554 0.039570184991436164
0.0 0.5296201686926751 0.6862287656776707 0.042978666234701035 0.028800803894182936
0.0 0.5380769699890878 0.6638474412080851 0.06404957755192786 0.03781535781965539
0.0 0.5440830822838001 0.814740829977209 0.01723733819640505 0.015943737617890474
0.0 0.4251028563992153 0.6211168603134087 0.021057376540324135 0.01608995031882876
0.0 0.41634286208003346 0.5221245494210007 0.045516335279378595 0.03361520995704592
0.0 0.36726315693861994 0.4676923123000698 0.03852416483619214 0.03635091586428785
0.0 0.4181316750226867 0.45580387338723416 0.03483915370735857 0.027750222537099523
0.0 0.41704534246978864 0.38962491754269657 0.050159751136772845 0.03825862581444012
0.0 0.3909664692904885 0.4116315878562573 0.008584923742786188 0.007860507418817997
0.0 0.3801477907721631 0.35666970492533623 0.0756041154680629 0.05102570447628896
0.0 0.4318870237437991 0.3278599846978654 0.0939078847444389 0.055358587504709234
0.0 0.34805561432056203 0.33101261148158656 0.040467883570147856 0.045435309791643175
0.0 0.380661150632642 0.25778542038433877 0.048094471274503836 0.043903205400117024
0.0 0.31842105453608355 0.09037433102219254 0.08205636022458795 0.0465082163270116
0.0 0.35740433708994807 0.06761855846697351 0.03840269529471929 0.033280037003802235
0.0 0.31291906186870516 0.4226368945083707 0.019653537699609758 0.01768726482026789
0.0 0.4747769010954229 0.5790720159247738 0.012634412186168342 0.01232394804732495
