0.0 0.6459120698623646 0.622828627222656 0.04965527633093847 0.04198542074034117
0.0 0.6370686844091187 0.548238362453259 0.05071831350531819 0.1083842647975869
0.0 0.6082217160307839 0.5485645218003972 0.053284732461226225 0.09447469766998973
0.0 0.5919282215273429 0.5967685322469943 0.03956869617553738 0.0343607695399466
0.0 0.49579330190787274 0.49286296902771326 0.024802288123238536 0.025843873450356658
0.0 0.48874762650722336 0.45553569948709055 0.020772396995001052 0.02768473598405774
0.0 0.4449497591707273 0.47002833426429746 0.037144046117532026 0.06574029782568491
0.0 0.4136150048020466 0.45817460039123964 0.01176435104720136 0.016593519382021915
0.0 0.43213293186451796 0.4056406500011604 0.03295759696453299 0.07301128727098549
0.0 0.34429942336233216 0.47796296380890924 0.011732897860976532 0.027072609042171125
0.0 0.3396830853509564 0.4975083590730075 0.005404169419633176 0.018376641221013734
0.0 0.3168232129702687 0.4924397954730401 0.04618354525155649 0.06635242476757164
0.0 0.2805147615534038 0.49159066715995425 0.033590869673826906 0.06332339628429046
0.0 0.2607268931605111 0.4693466955228316 0.03110214621722729 0.033374696021848727
0.0 0.2377169198522377 0.4405760187994112 0.029707913121232526 0.05934575015650362
0.0 0.21032544556973082 0.42318389421217417 0.03975858231903104 0.05377263944752991
0.0 0.21979037579075403 0.3875849306395539 0.025350824722976006 0.047981633193997786
0.0 0.1622141493091916 0.40475069129092744 0.04484963568914119 0.08300953449174259
0.0 0.11962015057872469 0.4854732408043714 0.03196121602761763 0.05629643685210528
0.0 0.08175163854516665 0.49224086213514207 0.0521036310585577 0.035059507523896916
