0.0 0.06295955882352941 0.579452614379085 0.026654411764705878 0.10253267973856206
0.0 0.028339460784313725 0.6092728758169934 0.040747549019607844 0.09027777777777779
0.0 0.10018382352941177 0.5392156862745098 0.018995098039215688 0.0490196078431373
0.0 0.12239583333333334 0.5095996732026143 0.027267156862745112 0.06740196078431371
0.0 0.14859068627450978 0.5243055555555556 0.026960784313725478 0.05514705882352944
0.0 0.15441176470588236 0.47467320261437906 0.05392156862745098 0.04820261437908496
0.0 0.19806985294117646 0.5204248366013072 0.044424019607843146 0.08823529411764702
0.0 0.20695465686274508 0.5870098039215685 0.018688725490196068 0.04575163398692805
0.0 0.29243259803921573 0.5457516339869282 0.029105392156862753 0.0874183006535948
0.0 0.2621017156862745 0.5430964052287581 0.02971813725490194 0.0518790849673203
0.0 0.37806372549019607 0.577001633986928 0.03982843137254899 0.11642156862745101
0.0 0.4653799019607844 0.5349264705882353 0.01470588235294118 0.02246732026143794
0.0 0.5664828431372549 0.47120098039215685 0.020220588235294157 0.06821895424836599
0.0 0.5946691176470589 0.47549019607843135 0.02267156862745101 0.05228758169934644
0.0 0.6056985294117647 0.5506535947712419 0.03308823529411764 0.09558823529411764
0.0 0.6738664215686274 0.514501633986928 0.046875 0.0927287581699347
0.0 0.7049632352941176 0.5917075163398693 0.07352941176470584 0.06821895424836599
0.0 0.7169117647058825 0.5185866013071896 0.02083333333333337 0.06985294117647056
0.0 0.7391237745098038 0.5253267973856209 0.02236519607843135 0.08823529411764702
0.0 0.7835477941176471 0.528390522875817 0.03829656862745101 0.03635620915032678
0.0 0.7815563725490196 0.5962009803921569 0.015318627450980338 0.015114379084967267
0.0 0.8336397058823529 0.5639297385620914 0.05024509803921573 0.10171568627450978
0.0 0.8713235294117647 0.5453431372549018 0.02267156862745101 0.04575163398692805
0.0 0.8549325980392157 0.45772058823529405 0.020526960784313708 0.020833333333333315
0.0 0.8374693627450982 0.4501633986928104 0.012561274509803932 0.01633986928104575
0.0 0.857843137254902 0.3976715686274509 0.02450980392156865 0.019199346405228745
0.0 0.7435661764705882 0.3394607843137255 0.014705882352941124 0.021241830065359457
0.0 0.5943627450980391 0.3139297385620915 0.015318627450980338 0.024918300653594794
0.0 0.21216299019607843 0.32128267973856206 0.014399509803921573 0.02001633986928103
