0.0 0.7301214401057262 0.9611063947592202 0.09741013139617105 0.06883347292485542
0.0 0.703856792034836 0.874971095229748 0.06174094946033781 0.0577514469850251
0.0 0.7357270943636117 0.824883710146657 0.09718308787763363 0.09366641532532083
0.0 0.6607066472320762 0.7856309246642006 0.12233364635488231 0.1123451142315064
0.0 0.6155073757640721 0.7299827615339319 0.05376998472017647 0.04803692190380082
0.0 0.5950025736059472 0.698933383520758 0.09504279765741064 0.08611813286078474
0.0 0.5502392960606994 0.6522193418126896 0.0347208384986466 0.03602112078689679
0.0 0.5211934177032012 0.6614681507357472 0.04306400769970781 0.03721273740258235
0.0 0.4761365436853094 0.6613015101618724 0.04291382030541824 0.03874700660898034
0.0 0.4782894000353498 0.5559097859695954 0.11207220400020806 0.09661657589214423
0.0 0.4149616908604984 0.5643117181805862 0.07015042134921934 0.06226007200915595
0.0 0.5131910640462324 0.5900446135164188 0.049953022561895655 0.04708649115370811
0.0 0.5469678347607588 0.5850138095936268 0.058681452323153804 0.05850414110202884
0.0 0.6053182741773867 0.576373034377784 0.05235752246825087 0.04975695789175061
0.0 0.5982484338029629 0.5430416343105239 0.1284345580780275 0.10993508734065055
0.0 0.4371255935011256 0.4489715671715486 0.09718308787763363 0.09366641532532077
0.0 0.3908378441054995 0.37118772203834177 0.06604463890393475 0.05590834742962125
0.0 0.3662270092358031 0.3210506472491442 0.11777680119415523 0.10152327259102861
0.0 0.3514167619308658 0.23879082790314257 0.11118263413604568 0.09735235888829435
0.0 0.2626496739917618 0.2459720069782227 0.02174849393196343 0.020389107903338366
