0.0 0.9560355392156863 0.4348447712418301 0.04381127450980393 0.030637254901960786
0.0 0.9960171568627452 0.4965277777777778 0.007965686274509776 0.01838235294117646
0.0 0.9912683823529411 0.4411764705882353 0.01746323529411764 0.02777777777777779
0.0 0.9517463235294118 0.4675245098039216 0.015625 0.03472222222222221
0.0 0.9122242647058824 0.4528186274509804 0.02420343137254899 0.02410130718954251
0.0 0.8831188725490196 0.44485294117647056 0.027267156862745057 0.08986928104575165
0.0 0.8492647058823529 0.47467320261437906 0.0447303921568627 0.065359477124183
0.0 0.8088235294117647 0.5633169934640523 0.03860294117647056 0.0874183006535948
0.0 0.7846200980392157 0.5167483660130721 0.03860294117647067 0.02450980392156865
0.0 0.7216605392156863 0.511437908496732 0.04136029411764719 0.05065359477124187
0.0 0.7185968137254901 0.573937908496732 0.03952205882352933 0.08578431372549022
0.0 0.6864276960784313 0.5251225490196079 0.03890931372549011 0.08946078431372545
0.0 0.6571691176470588 0.5224673202614378 0.02757352941176472 0.04493464052287577
0.0 0.5309436274509804 0.4787581699346405 0.017769607843137192 0.022058823529411742
0.0 0.5203737745098038 0.3457924836601307 0.024816176470588203 0.030637254901960786
0.0 0.42570465686274506 0.4140114379084967 0.01930147058823528 0.02573529411764708
0.0 0.41452205882352944 0.5053104575163399 0.025122549019607865 0.06209150326797386
0.0 0.35401348039215685 0.43014705882352944 0.018075980392156854 0.07107843137254899
0.0 0.34267769607843135 0.5104166666666666 0.05055147058823528 0.10253267973856212
0.0 0.2386642156862745 0.4750816993464052 0.04227941176470584 0.04575163398692811
0.0 0.19347426470588241 0.47610294117647056 0.04993872549019607 0.0788398692810457
0.0 0.21216299019607843 0.5261437908496732 0.044424019607843146 0.07516339869281041
0.0 0.15410539215686264 0.460375816993464 0.049632352941176516 0.09313725490196079
0.0 0.12591911764705882 0.4814133986928105 0.026960784313725505 0.0706699346405229
0.0 0.0854779411764705 0.4636437908496732 0.028186274509803932 0.038398692810457546
0.0 0.12270220588235298 0.4334150326797386 0.01746323529411764 0.02777777777777779
