0.0 0.8674119350958813 0.3557168375109856 0.050981985427139165 0.04728263086629769
0.0 0.7841361499147466 0.37296188378924594 0.04014400068898105 0.04583753856777617
0.0 0.7712490488510956 0.40664542040390084 0.022406565928100752 0.0229556888707258
0.0 0.7934710966529899 0.4558675406365714 0.045311912843246316 0.05331754732256749
0.0 0.6961723274002549 0.3820905208660759 0.055470041757122224 0.07003625034043581
0.0 0.608675092827504 0.4058807262559503 0.04580380725235278 0.053433726034088636
0.0 0.5944247729799346 0.4474632036446661 0.03737032962899567 0.04338178079036331
0.0 0.5651720322385516 0.45053307625999856 0.0442723142336553 0.04912771709475994
0.0 0.5889586109650926 0.4954694965000213 0.022543914408544752 0.021358964900775157
0.0 0.7203208249101046 0.49511251139101253 0.048650440702174835 0.05350584356327942
0.0 0.6427863849814079 0.5054990603654487 0.07316024302585433 0.08579007070622757
0.0 0.6661570525473253 0.559619528801757 0.04139391016885252 0.04604700457741129
0.0 0.6223045790399709 0.5860085154180514 0.03509628441670065 0.043101918896021996
0.0 0.7241664153177549 0.6123355228329056 0.03205733755570295 0.035438778833972284
0.0 0.5451903384215131 0.5836787561839569 0.03258100257979013 0.03856355253365107
0.0 0.5217897176546776 0.6088893450448829 0.05652679296517227 0.06788496751525608
0.0 0.4272196258141653 0.5994561695374212 0.0495938826061777 0.05390016252465735
0.0 0.4660313334735624 0.6478026453224724 0.03566114121564423 0.04083445735932112
0.0 0.35625455158624797 0.6369398723168493 0.028405455542967806 0.028145344675408634
0.0 0.32595805177843024 0.7455031063912314 0.05563227427460904 0.0641581304890485
0.0 0.28958606513778373 0.6879717215876524 0.08353725910924065 0.09535785297942967
0.0 0.2516332398346772 0.6372275773809488 0.030670924456033255 0.03159576309624368
0.0 0.26695976717952674 0.70938335589318 0.018342638474033723 0.02045242662201363
0.0 0.2006650914097991 0.7203210204338768 0.031517364793802405 0.03342484448923633
0.0 0.17720817457487775 0.6880542647533279 0.04637639548987982 0.053225981668937994
0.0 0.15462989112302905 0.6589835394794068 0.03142036322756869 0.034859606920850994
0.0 0.2153709521643274 0.7899523669284731 0.032445343820637906 0.029699729107513284
0.0 0.1795480008615193 0.7775525851835666 0.05344061261202632 0.05309379812194748
0.0 0.1316268893201602 0.8157908437831944 0.026719461445367187 0.0317771727590177
0.0 0.1927426059008408 0.8950379870574018 0.03722609457061399 0.037688513890719255
