0.0 0.9584865196078431 0.3715277777777778 0.02420343137254899 0.07557189542483655
0.0 0.9857536764705883 0.38929738562091504 0.027267156862745057 0.09558823529411764
0.0 0.9658394607843137 0.43259803921568635 0.015625 0.037581699346405206
0.0 0.8780637254901961 0.5383986928104575 0.03921568627450989 0.042483660130719025
0.0 0.8975183823529411 0.48529411764705893 0.047487745098039214 0.08088235294117652
0.0 0.959405637254902 0.5259395424836601 0.08118872549019607 0.0731209150326797
0.0 0.803155637254902 0.514093137254902 0.018075980392156854 0.03308823529411764
0.0 0.6481311274509804 0.5318627450980392 0.08057598039215685 0.04656862745098045
0.0 0.671875 0.4993872549019608 0.025122549019607865 0.027369281045751537
0.0 0.6276041666666667 0.4891748366013072 0.046262254901960786 0.03799019607843135
0.0 0.7012867647058824 0.5812908496732025 0.013480392156862697 0.04166666666666663
0.0 0.6798406862745099 0.6041666666666667 0.028186274509803932 0.0326797385620915
0.0 0.6631433823529411 0.5625 0.012561274509803932 0.019607843137254832
0.0 0.6443014705882353 0.5680147058823529 0.017156862745097978 0.02982026143790839
0.0 0.5649509803921569 0.5812908496732027 0.060049019607843146 0.08006535947712412
0.0 0.5620404411764706 0.47753267973856206 0.03952205882352944 0.12581699346405228
0.0 0.5894607843137255 0.5149101307189543 0.01593137254901955 0.05351307189542487
0.0 0.5059742647058822 0.5915032679738563 0.02971813725490191 0.023692810457516367
0.0 0.4206495098039215 0.5696486928104575 0.031862745098039214 0.030637254901960675
0.0 0.31081495098039214 0.542687908496732 0.037071078431372584 0.09027777777777779
0.0 0.3406862745098039 0.573733660130719 0.02083333333333337 0.03799019607843135
0.0 0.2699142156862745 0.53125 0.04350490196078427 0.052696078431372584
0.0 0.2575061274509803 0.5676062091503268 0.012561274509803932 0.023284313725490113
0.0 0.27282475490196073 0.5598447712418301 0.010110294117647078 0.018382352941176405
0.0 0.17218137254901966 0.46241830065359474 0.0490196078431373 0.1029411764705882
0.0 0.15487132352941185 0.5261437908496732 0.016237745098039214 0.03104575163398704
0.0 0.11626838235294107 0.5355392156862745 0.012561274509803932 0.026143790849673332
0.0 0.06295955882352938 0.5537173202614379 0.03645833333333337 0.021650326797385544
0.0 0.04947916666666663 0.5863970588235294 0.046875 0.04370915032679745
0.0 0.03063725490196073 0.5136846405228759 0.06066176470588236 0.06576797385620925
0.0 0.03599877450980399 0.45343137254901966 0.04871323529411764 0.05555555555555558
0.0 0.007046568627451066 0.45874183006535957 0.012867647058823484 0.0433006535947712
