0.0 0.35561998993559407 0.026451430407348347 0.11260954234119175 0.041516102265078014
0.0 0.4240902510816277 0.015033604809988776 0.023175147765233384 0.017218876738448352
0.0 0.5192341481625015 0.05651720214995107 0.061663576192288794 0.04012936555698893
0.0 0.45530178494815954 0.05164236421002105 0.07494709407916994 0.09021958389143925
0.0 0.4639355023923419 0.16280809649387343 0.08812326941711401 0.040778550999079066
0.0 0.5014009812695838 0.22512220374049438 0.03023178555353584 0.026948200243897935
0.0 0.5493284911181385 0.24094447995843107 0.03577958641035406 0.026157917828624477
0.0 0.47281797173342766 0.2584034041690715 0.06628552928547665 0.0360459994571834
0.0 0.44846545849524727 0.2777994562182735 0.056410035731810804 0.0241087197788612
0.0 0.4605751591589745 0.2952572210412028 0.05431599698254197 0.02270194307114437
0.0 0.5183571824363732 0.2902195220654645 0.061482648519506355 0.037886651759550305
0.0 0.49580421827622434 0.36715720600752777 0.0821024931411039 0.039797696361117685
0.0 0.42576038567458424 0.40052263931017507 0.08088459763106381 0.03697618942078951
0.0 0.5039844156007969 0.40637642160053844 0.07133075327345545 0.029025956493469285
0.0 0.4750596537938298 0.4354213848561759 0.07784350171844567 0.04019681433120176
0.0 0.410890344320098 0.5084428528714717 0.09559589237524369 0.027022413118154398
0.0 0.3805971432173361 0.4935806704291915 0.02908369764265084 0.029083697642650785
0.0 0.44203990947492106 0.556719379190618 0.05136481174383212 0.031128762742575256
0.0 0.384469197757332 0.5249960424056153 0.02781720393317505 0.013384701060580428
0.0 0.4666965999846104 0.6343631126738842 0.07860852488404724 0.0414963746402327
0.0 0.46649732333721117 0.6940724945901108 0.031149241267237393 0.017862175130562985
0.0 0.4128324636342301 0.7045467281740287 0.06090915772654659 0.034869562596627435
0.0 0.5533843082201486 0.9689759355615768 0.02143346598663476 0.016088094552340504
0.0 0.5296764289739453 0.9486916537984125 0.007922176327672115 0.012274835924168781
0.0 0.5062538649116708 0.902926915510879 0.018875950193068092 0.017119613864657213
0.0 0.5390473477700883 0.4782898086166991 0.03477443267267488 0.013698396731743168
0.0 0.5099089671406922 0.48603296755911685 0.016410557723340546 0.007017976488794819
