0.0 0.11110827551901842 0.546403225390417 0.057865279650909596 0.06825147746440263
0.0 0.17193685053859872 0.5233278837686623 0.025282375341223073 0.025754475241836272
0.0 0.29712973445386526 0.5193110163912621 0.02957536946282263 0.06375540226722637
0.0 0.32934191110159183 0.567134086963872 0.034783166708262314 0.07264557873744981
0.0 0.3641248603966917 0.4986527179860618 0.052685916962089574 0.10556110583078043
0.0 0.4459367549870673 0.531592432802144 0.027991278712485912 0.04621433487615967
0.0 0.5516497978307434 0.4227103893591564 0.022269788640340904 0.034449966076164296
0.0 0.573189533574238 0.4526763081877151 0.025005250000732504 0.07193198012169555
0.0 0.6828254207260076 0.46699729266931994 0.020279535738850996 0.036330932359703416
0.0 0.8148267184292072 0.3815908708480654 0.045306291874693594 0.1127221576822745
0.0 0.9137667104630792 0.442975344504437 0.013654644969939289 0.0330107408950851
0.0 0.2708417685185689 0.5337218150238148 0.031514382953545805 0.05700777758666464
