0.0 0.9247874546568526 0.7229745070404381 0.026398765380189926 0.024019787982768714
0.0 0.9645295297683898 0.5731229670799296 0.033554101028229755 0.07032912663003288
0.0 0.8112714630385212 0.525772928282348 0.04521108937748164 0.039660142116832
0.0 0.7946567362855934 0.5332606277961556 0.0225358844066873 0.027987707609110957
0.0 0.7736343284280556 0.560645374345365 0.02358605254129076 0.04311349201178993
0.0 0.7488009583405084 0.5450095653541576 0.03662968573674741 0.08143376005484715
0.0 0.7256795290670736 0.5919495727060418 0.027851125948519018 0.05302863673789382
0.0 0.7014356484062034 0.5242256567174007 0.05304331851809285 0.13045920799250849
0.0 0.6396203466117114 0.579035400920149 0.033451582885114184 0.09847696508129422
0.0 0.7259404241661664 0.6728734173692563 0.020686590817871497 0.02752615083545762
0.0 0.6603733038425208 0.7302308141128095 0.023703029580253165 0.0365891571496183
0.0 0.5648967966070624 0.529260824099691 0.03520229840018263 0.06384915122746315
0.0 0.5855478931214109 0.6469425010559074 0.023383641471117933 0.025564370752087617
0.0 0.5489431851069886 0.6197273032252475 0.05955198882800372 0.09107343934383516
0.0 0.46990527041295704 0.6448183381223416 0.028266462424781702 0.07792761559594974
0.0 0.45229886853546786 0.5754477034104013 0.0333175172436852 0.06216261818741764
0.0 0.3137365701970967 0.6080093492188361 0.04520057504156416 0.0498594057781806
0.0 0.25847068569343673 0.6589221489306056 0.009707806323940082 0.01823247533136607
0.0 0.26481309441807244 0.6145610641350394 0.02486097527121145 0.0659974594349535
0.0 0.13651720175866022 0.6365904227444228 0.027638200542429048 0.04567877913953999
0.0 0.10427154323862922 0.601736812434204 0.05225470290923723 0.03986419563100163
0.0 0.047475753255288466 0.6419799198190511 0.04928164083439601 0.09567170008410986
