0.0 0.8535439672928092 0.6566915646343638 0.061962038585268386 0.07485252859487346
0.0 0.8008172751612137 0.6604327769462277 0.013498576057885181 0.013451701548759298
0.0 0.6546180532182072 0.5716725257434936 0.014513003757994136 0.016950478232537702
0.0 0.6419275442125171 0.5601531453546909 0.03971211302632338 0.05016512856138522
0.0 0.6227409561976778 0.5556264137191043 0.011587870455383231 0.012009741037515842
0.0 0.6089523466410962 0.5289709764940285 0.042930518587076194 0.056617875251820604
0.0 0.5887768724125813 0.5275437647415122 0.015837164844212603 0.015368419752954221
0.0 0.47973350051023195 0.5765157957759879 0.08026142905618128 0.09549564452207815
0.0 0.4719325767663187 0.5333530474635594 0.05849846157992067 0.07406079860969844
0.0 0.47148117419467817 0.48892957028437933 0.05202324115982426 0.07653860943263674
0.0 0.44012153276696386 0.5208485568595539 0.06049567729455996 0.06729248111780622
0.0 0.434527540063422 0.48129781483457396 0.023234815809624887 0.02679727850318847
0.0 0.41490695835563246 0.48816453810485183 0.06634255909327613 0.09174854303947949
0.0 0.38570679409207353 0.49680433768440513 0.042631759286278825 0.057303480642665716
0.0 0.2733359732456182 0.4379301950801947 0.05209118790784431 0.0625442034429059
0.0 0.30482795935367424 0.42012243149439077 0.043576138002217935 0.06241969067080427
0.0 0.30449149550738064 0.44829964991028337 0.058251187899175605 0.06734484266958785
0.0 0.2976665832203155 0.4797520724532001 0.03442434053061144 0.03972116006183102
0.0 0.320418122350941 0.5049961149099329 0.03877870839569603 0.040653688760729445
0.0 0.34087139933496 0.4639590620513778 0.06410694154705349 0.07502870217337337
0.0 0.35282554972111324 0.49129263479547014 0.03284741872099217 0.036784877487562484
