0.0 0.8858895254275203 0.6031945412229304 0.0561227463038787 0.06583736653681149
0.0 0.9423775922291449 0.5916389453361007 0.01627724746502901 0.014932146202007779
0.0 0.9835560879200109 0.3654213450613071 0.03288782415997826 0.058355282518645635
0.0 0.9571146298528388 0.3571139999874786 0.047736235935185944 0.06813693842434437
0.0 0.8528170347830382 0.5140644954544009 0.034576796436391555 0.04167594199122682
0.0 0.8205394815989928 0.49376392214462683 0.01773389969989947 0.025206684494463172
0.0 0.8016457789742466 0.49298648167556736 0.020556414845273485 0.04252640214129033
0.0 0.7835787828479631 0.4879448537025458 0.03186196089564719 0.05114174566562113
0.0 0.7564792944197873 0.49153994754029584 0.033664880147723175 0.05077755732727374
0.0 0.7273391534104304 0.43645192868377614 0.014924555145347407 0.020379688045378874
0.0 0.6872201291594516 0.44617945678338844 0.021948922292977402 0.022098377988868823
0.0 0.6711253144266274 0.4317094143395753 0.016324501971933025 0.022078546263747
0.0 0.6618850539721364 0.5024407019518741 0.06629699381132681 0.07137848747163011
0.0 0.6179092872970788 0.4658293127814284 0.04054175256270165 0.04069120825859296
0.0 0.5503197229082385 0.43194985166902766 0.03499867066464346 0.042471455459206886
0.0 0.5612244597333995 0.4754230828189097 0.024896310678800604 0.03730113343777608
0.0 0.5435965314711875 0.5008607131100289 0.018040351589082904 0.029548440172710744
0.0 0.5302413369715879 0.5332824810188357 0.025480861753025108 0.04169680475722792
0.0 0.5081540674917822 0.5028383377116565 0.03195073869751519 0.07506870696214663
0.0 0.46396650961912755 0.48369137115360905 0.048122014724856665 0.09497637538676984
0.0 0.43514187235019985 0.5244637562295653 0.01592152954644277 0.024141592820462576
0.0 0.40221160025976554 0.4971113929903791 0.03813336891114055 0.05449876761123473
0.0 0.40841654861003607 0.45022237240484 0.01707746110406977 0.020440214261623346
0.0 0.38705876268669376 0.4539687817832017 0.03308404876293969 0.05744532719321682
0.0 0.34101957026047397 0.345396476635764 0.023286432499338594 0.024855717306196956
0.0 0.3181703457804864 0.3992541394422683 0.01822766144975696 0.026372996875831223
0.0 0.2210928168759205 0.36119673165699084 0.06584817169031715 0.15051482341272188
0.0 0.18234337522488597 0.35195298895757116 0.03798386265598977 0.06339133095750582
0.0 0.14786752141993453 0.33257280235622655 0.02108054082177227 0.027282952201260036
0.0 0.12992756173437806 0.38045698805740025 0.024958747299025405 0.03624265233881635
0.0 0.09596940028829312 0.41273177675399475 0.04469433853555488 0.038641382851958395
0.0 0.09414727587789834 0.35813075739451317 0.0541004447975455 0.054025716949599845
