0.0 0.013020833333333334 0.5569852941176471 0.026041666666666668 0.05024509803921573
0.0 0.06969975490196079 0.5194035947712419 0.03707107843137254 0.023284313725490224
0.0 0.0974264705882353 0.485906862745098 0.014093137254901966 0.01674836601307189
0.0 0.1058517156862745 0.556781045751634 0.03462009803921569 0.10375816993464049
0.0 0.13725490196078433 0.5390114379084967 0.02757352941176472 0.030637254901960786
0.0 0.14506740196078433 0.599264705882353 0.042585784313725505 0.08251633986928109
0.0 0.16773897058823528 0.5130718954248366 0.042585784313725505 0.05392156862745101
0.0 0.19822303921568626 0.5016339869281046 0.012254901960784326 0.03186274509803916
0.0 0.2113970588235294 0.5741421568627451 0.031862745098039214 0.07148692810457513
0.0 0.23881740196078433 0.5545343137254902 0.01746323529411764 0.10743464052287588
0.0 0.21721813725490197 0.5187908496732025 0.024509803921568624 0.037581699346405206
0.0 0.3177083333333333 0.5708741830065358 0.026960784313725505 0.046160130718954195
0.0 0.29442401960784315 0.522671568627451 0.05085784313725489 0.0518790849673203
0.0 0.2924325980392157 0.5571895424836601 0.023590686274509776 0.022875816993464082
0.0 0.26700367647058826 0.5388071895424837 0.018075980392156854 0.02450980392156865
0.0 0.34834558823529416 0.4524101307189542 0.04044117647058826 0.0543300653594771
0.0 0.3229166666666667 0.48754084967320266 0.02941176470588236 0.06495098039215691
0.0 0.36443014705882354 0.4238153594771242 0.021752450980392135 0.027369281045751648
0.0 0.43918504901960786 0.5925245098039216 0.03400735294117646 0.08864379084967322
0.0 0.4330575980392156 0.6145833333333335 0.03952205882352938 0.0788398692810458
0.0 0.5232843137254902 0.4938725490196078 0.02757352941176472 0.04656862745098034
0.0 0.5268075980392157 0.5745506535947712 0.03645833333333337 0.06821895424836599
0.0 0.6253063725490197 0.534109477124183 0.020220588235294157 0.05024509803921573
0.0 0.6508884803921569 0.5418709150326797 0.034007352941176516 0.06821895424836599
0.0 0.6568627450980393 0.5051062091503268 0.02083333333333337 0.01593137254901955
0.0 0.6170343137254901 0.49387254901960786 0.01409313725490191 0.01633986928104575
0.0 0.8357843137254903 0.5055147058823529 0.028186274509803932 0.09109477124183002
0.0 0.8164828431372549 0.48999183006535946 0.011029411764705843 0.03308823529411764
0.0 0.8051470588235294 0.4861111111111111 0.030637254901960786 0.08415032679738566
0.0 0.7702205882352942 0.48406862745098045 0.015318627450980338 0.013888888888888895
0.0 0.8728553921568627 0.4352532679738562 0.031862745098039214 0.03635620915032678
0.0 0.9120710784313726 0.4681372549019608 0.02941176470588236 0.04248366013071897
0.0 0.9238664215686274 0.42156862745098034 0.019914215686274495 0.0514705882352941
0.0 0.9546568627450981 0.5287990196078431 0.028799019607843146 0.046160130718954306
0.0 0.9159007352941175 0.5275735294117647 0.01746323529411764 0.02246732026143794
0.0 0.9267769607843137 0.5038807189542484 0.03125 0.026552287581699308
0.0 0.9754901960784312 0.46425653594771243 0.039215686274509776 0.07638888888888884
0.0 0.9450061274509802 0.46486928104575165 0.028492647058823484 0.06454248366013071
