0.0 0.4901460226194 0.1312480058909114 0.053396782141546195 0.034870470101743156
0.0 0.4622351382847605 0.15750117447471496 0.048853197343828036 0.03318466748037763
0.0 0.5274959522915257 0.16536718084529875 0.07498145981925392 0.03408561143351857
0.0 0.4995163789408538 0.2429706185113606 0.02870798776581307 0.01658704956955903
0.0 0.5406567536386632 0.26255102528189256 0.05702883730434949 0.03377240304161805
0.0 0.4645666063964815 0.29031221399135804 0.08846440309509629 0.03485635123524089
0.0 0.3818440307085584 0.3687303360437153 0.028032238183722913 0.03246672776771825
0.0 0.55678969747194 0.3748068397291323 0.08990032413764937 0.041022394500722315
0.0 0.5173808244340737 0.4054416874035597 0.10196846224484052 0.036239472188730915
0.0 0.49372140810243337 0.4364531327088274 0.11241764732417386 0.04363378666575635
0.0 0.47751965040142086 0.48222860299485293 0.0726375145816916 0.037063053696750614
0.0 0.46110320771286817 0.5277049213296285 0.03445521899316517 0.0177027027869604
0.0 0.43092777075397 0.38159919573532886 0.02994330800629952 0.016935471893246457
0.0 0.4656448525130786 0.6831247930892429 0.10151092389881311 0.046621797270247844
0.0 0.42644897416865124 0.6547405300350466 0.05394934192013151 0.02724386020318137
0.0 0.44378207980027373 0.7366060525988074 0.03231187455766915 0.026497765991986277
0.0 0.4422580649705049 0.8228004541641291 0.04137792827920389 0.029256990082949796
