0.0 0.1179948763082289 0.23390571093223245 0.03616099198035069 0.03697383757266337
0.0 0.1339383673175058 0.32403722729611106 0.06403996928651243 0.06326880808354901
0.0 0.1713715512023229 0.33108709839656136 0.04154669939916089 0.04156754159383558
0.0 0.1013671711095197 0.383111575062096 0.03416347363373262 0.03868622987813919
0.0 0.14562746101917065 0.42167079703627264 0.08463420559544371 0.09955721698251752
0.0 0.15937266006719475 0.4377533506089474 0.06466365929303977 0.07347990764043122
0.0 0.24610194535455385 0.37836941370015537 0.06541231213025261 0.07287381782378954
0.0 0.2718149403607158 0.3904089604081425 0.04833140839892422 0.05345858828889649
0.0 0.5671326290312192 0.15051537989962338 0.029796519441141145 0.03150557940446519
0.0 0.6878748905313123 0.24858690674004122 0.08326186275170355 0.0899522072422771
0.0 0.3990485744138678 0.41734741675098946 0.01905342951180944 0.01986627510412209
0.0 0.43829424131852596 0.41787107626806014 0.028564315642493954 0.031169589976829393
0.0 0.43105495867642957 0.521984962605881 0.09111364393888388 0.09507366092707376
0.0 0.4575640923954648 0.5531650489611833 0.08269833557863054 0.0959331291970551
0.0 0.48872786582975597 0.5497010942737234 0.045428436459242216 0.04795034201487902
0.0 0.503702679082451 0.6053190302907708 0.024662584529502873 0.026517539855549943
0.0 0.5340461543232697 0.5753283567506168 0.03907229477541163 0.041760937888445815
0.0 0.5970473763306537 0.550100699326782 0.054755863096862756 0.053734595557803244
0.0 0.629309136454627 0.5459301852061138 0.0581390536558275 0.06047337945939235
0.0 0.6750495985918584 0.4389905604874788 0.03443190785166261 0.03684960243392599
0.0 0.6943717533829596 0.665028364918316 0.059417910244597194 0.056770951520912494
0.0 0.7486458220268266 0.6254235026407777 0.017592779601051323 0.017905412521171726
0.0 0.7613221923789952 0.6511269698600486 0.020769184271891006 0.021144343776035246
0.0 0.7504381303190327 0.687482585178976 0.03390003792902996 0.0400901697474112
0.0 0.7997707971478796 0.6696043909719437 0.023226927184882062 0.022393239397894726
0.0 0.8256521657700606 0.6957434992061058 0.08103923063512619 0.08975126800914435
