0.0 0.47324346405228757 0.05193014705882343 0.06821895424836599 0.04013480392156865
0.0 0.4987745098039216 0.10248161764705888 0.0106209150326797 0.010723039215686292
0.0 0.471609477124183 0.28370098039215685 0.015114379084967267 0.009803921568627416
0.0 0.46548202614379086 0.3010110294117647 0.04697712418300659 0.02420343137254899
0.0 0.46895424836601307 0.32184436274509803 0.009803921568627416 0.008884803921568651
0.0 0.44832516339869277 0.34650735294117646 0.05433006535947715 0.02450980392156865
0.0 0.4552696078431373 0.3670343137254903 0.011846405228758128 0.012867647058823484
0.0 0.5488153594771241 0.4545036764705882 0.08619281045751637 0.053002450980392135
0.0 0.5093954248366013 0.48008578431372556 0.06944444444444453 0.035539215686274495
0.0 0.46568627450980393 0.49892769607843135 0.07761437908496727 0.02420343137254899
0.0 0.5102124183006537 0.5166973039215687 0.058006535947712434 0.04319852941176472
0.0 0.4734477124183006 0.5386029411764706 0.023692810457516367 0.015931372549019662
0.0 0.488357843137255 0.5551470588235294 0.09027777777777779 0.03492647058823528
0.0 0.5089869281045752 0.5804227941176471 0.05555555555555558 0.023590686274509887
0.0 0.4973447712418301 0.7158394607843137 0.05678104575163401 0.034007352941176516
0.0 0.4667075163398693 0.6920955882352942 0.0625 0.021446078431372584
0.0 0.49468954248366015 0.6807598039215687 0.059640522875817004 0.03982843137254899
0.0 0.5285947712418301 0.6744791666666667 0.03513071895424846 0.023590686274509776
0.0 0.5441176470588236 0.6415441176470589 0.03349673202614378 0.02941176470588236
0.0 0.4950980392156863 0.6383272058823529 0.06699346405228757 0.04319852941176472
0.0 0.517156862745098 0.6151960784313726 0.031862745098039214 0.023284313725490224
