0.0 0.7264416650111237 0.5482925176771343 0.03951345056366118 0.07528418656607105
0.0 0.6946700270234794 0.5034349632620054 0.04229363151617671 0.05062658706219264
0.0 0.6964627027363262 0.5445619447818257 0.019893598741266838 0.03503518869683242
0.0 0.6809127585341814 0.5786927071084969 0.032153997344833596 0.05512043580092629
0.0 0.6118177876592386 0.5650545510917352 0.029409338366118143 0.062334674913790966
0.0 0.5505222814050468 0.5056995700919298 0.03755267733892087 0.05289751011268168
0.0 0.5962600218034473 0.4973555673011196 0.0228213666755116 0.0348126929490466
0.0 0.4405790278051099 0.4628517947949418 0.022087240149933463 0.056130412197681334
0.0 0.2096947090502164 0.6388613611705214 0.04942557331222508 0.08560279495102574
0.0 0.2994016195593293 0.5195538909086099 0.05814671366080865 0.11546118839194247
0.0 0.2377852143757504 0.4804531636755619 0.08010046175822724 0.07562911975792613
0.0 0.1127060183588992 0.579326183937876 0.03268908695682507 0.06693550182276853
0.0 0.08604331432572111 0.5324169484112019 0.04043604280591537 0.0744792148536631
0.0 0.052315343360061106 0.5121024918172166 0.030216341868139603 0.037533083323177896
0.0 0.0034226094651738197 0.5216952357967776 0.006845218930347639 0.10315964112996762
