0.0 0.6645900370349317 0.8454832790529176 0.11731250137232108 0.11372982972383494
0.0 0.7055969293216688 0.7717284475030002 0.04400647941592584 0.04398075107374633
0.0 0.6354187631475822 0.8121417486629747 0.11590670768824562 0.11225328309876581
0.0 0.5134886420085104 0.7048068942670904 0.030841341124740795 0.030294613853427688
0.0 0.6627873131732044 0.6505371080487051 0.055974794178637044 0.054160946054987
0.0 0.47402052718621845 0.6732704124168811 0.09787800149088777 0.09402518224951761
0.0 0.4744838850235069 0.6166414375244165 0.09830768988122807 0.09556762143911823
0.0 0.500688290255369 0.5407392403757637 0.09150274823246107 0.08735405305602728
0.0 0.4104223646550279 0.6319722767629768 0.019961145041570205 0.01963310867878243
0.0 0.41984336560290425 0.5701760193533536 0.028999737332698228 0.028343664607122676
0.0 0.39771284795405615 0.46038571972740394 0.03486811717424643 0.03354953963755031
0.0 0.38179117801437557 0.48463452327557033 0.04914255247860755 0.04688489045236227
0.0 0.4091222547000597 0.5362869857723032 0.012581079847768128 0.0122980680837943
0.0 0.47931903370508633 0.4120983441278385 0.04194084885227256 0.042860637085187225
0.0 0.4803862217290499 0.3466044432539571 0.0267933867415997 0.02690916428140716
0.0 0.6260597621491396 0.4629626781410021 0.029794172522094264 0.029369654876133577
0.0 0.17957880439354912 0.3137137100447618 0.06059927869719073 0.05833518458540049
0.0 0.2151121768698115 0.26510660231020766 0.06566097991408892 0.06465114248354617
0.0 0.1853295444877825 0.2336388361400318 0.025921766525665357 0.02596035903893451
0.0 0.23656713746687202 0.21609254629328528 0.037926316238020896 0.03746963816433588
0.0 0.13660236681768279 0.12028925551364433 0.058583533108813146 0.05807539835076936
