0.0 0.8253067125884356 0.5874402635480327 0.034509076156091334 0.045152794438038435
0.0 0.9864137111740717 0.5021144809260326 0.027172577651856544 0.086927438082743
0.0 0.9195164373459456 0.45921311598471315 0.026348848317796714 0.021412631143560568
0.0 0.904306844506299 0.4754953986900532 0.01435152061259326 0.01327172310572905
0.0 0.8139699911363909 0.48736664691148485 0.019626081813933993 0.017620743586900578
0.0 0.80411929511448 0.5075441638712519 0.019161109167046497 0.014610533959547478
0.0 0.8339938445700203 0.4251449039780976 0.007844373308895314 0.012472076909741836
0.0 0.8068365579845675 0.4350519816548581 0.01218361723241601 0.021053382467371873
0.0 0.6468735846932898 0.5035654760331562 0.04222485187323921 0.042070595086544316
0.0 0.6315346430907525 0.5651222181132398 0.02604964467238069 0.05512704896436649
0.0 0.5805152707816535 0.4713795274543766 0.050317611218417824 0.07175930456900687
0.0 0.6028898799595066 0.4287106417344192 0.012097563034437986 0.016416753061894773
0.0 0.522288554979875 0.4620036802188806 0.03328089462733974 0.0556481286980981
0.0 0.5435016999509488 0.44414882420674806 0.012299001103346363 0.015769778803981227
0.0 0.5073334201050724 0.5269300555886349 0.03652592659790127 0.08002634044585888
0.0 0.4082924538442606 0.48219598577462475 0.012931677572584066 0.021107287267413066
0.0 0.385628901283862 0.5027870061828794 0.018642849158299613 0.02118808613876516
0.0 0.35362608961059505 0.5138488074730487 0.04711415523118606 0.07549740398304483
