0.0 0.10876225490196079 0.48202614379084974 0.053308823529411756 0.06454248366013077
0.0 0.17110906862745096 0.5006127450980392 0.023590686274509803 0.024101307189542454
0.0 0.2962622549019608 0.49550653594771243 0.025122549019607865 0.06209150326797386
0.0 0.32490808823529416 0.4454656862745099 0.029718137254901966 0.0706699346405229
0.0 0.36458333333333337 0.5112336601307189 0.045343137254901966 0.10253267973856212
0.0 0.443780637254902 0.4724264705882353 0.024816176470588258 0.04452614379084968
0.0 0.5571384803921569 0.5733251633986927 0.019914215686274495 0.03308823529411764
0.0 0.5764399509803921 0.5418709150326797 0.019914215686274495 0.07066993464052285
0.0 0.6847426470588235 0.5196078431372548 0.017769607843137303 0.03513071895424835
0.0 0.8226102941176471 0.5951797385620914 0.037377450980392135 0.11029411764705876
0.0 0.9168198529411766 0.5267565359477124 0.011335784313725505 0.032271241830065356
0.0 0.2689950980392157 0.483047385620915 0.02757352941176472 0.05514705882352938
