0.0 0.115625 0.4696666666666667 0.03175 0.0633333333333333
0.0 0.179375 0.43366666666666664 0.01175000000000001 0.018666666666666665
0.0 0.19224999999999998 0.5348333333333334 0.016999999999999987 0.009666666666666712
0.0 0.207375 0.5593333333333333 0.02024999999999999 0.022666666666666613
0.0 0.19987500000000002 0.5533333333333335 0.01125000000000001 0.01866666666666672
0.0 0.310875 0.501 0.016249999999999987 0.03266666666666662
0.0 0.31225 0.4755 0.014000000000000012 0.025000000000000022
0.0 0.39825 0.42233333333333334 0.013000000000000012 0.02266666666666667
0.0 0.41137499999999994 0.44483333333333336 0.025749999999999995 0.05166666666666664
0.0 0.4535 0.4893333333333333 0.03400000000000003 0.055999999999999994
0.0 0.474875 0.45716666666666667 0.00824999999999998 0.01100000000000001
0.0 0.477625 0.4915 0.011249999999999982 0.023666666666666614
0.0 0.49524999999999997 0.529 0.033999999999999975 0.09000000000000002
0.0 0.533125 0.48933333333333334 0.00924999999999998 0.013333333333333308
0.0 0.546375 0.5026666666666667 0.020750000000000046 0.04333333333333328
0.0 0.56025 0.5031666666666667 0.022499999999999964 0.056333333333333346
0.0 0.6268749999999998 0.5578333333333333 0.004249999999999976 0.014333333333333309
0.0 0.87975 0.4676666666666667 0.07099999999999995 0.07866666666666666
0.0 0.882125 0.5156666666666667 0.042749999999999955 0.07066666666666666
0.0 0.91125 0.4925 0.01649999999999996 0.027000000000000024
0.0 0.913625 0.4236666666666667 0.022750000000000048 0.019333333333333313
0.0 0.943875 0.4545 0.02024999999999999 0.06033333333333335
0.0 0.996375 0.5026666666666667 0.006750000000000034 0.01933333333333337
0.0 0.937875 0.4053333333333333 0.020750000000000046 0.028666666666666674
