0.0 0.01889326424114913 0.6533557905536217 0.02077147439309783 0.037945864624927994
0.0 0.05362247553793696 0.637768370785194 0.051338497811446115 0.06554946384641147
0.0 0.31183884455133754 0.6073216057321444 0.061012035199189296 0.09152183431691074
0.0 0.3359148784808563 0.6796069032391713 0.04287575771516955 0.06887306998766518
0.0 0.4012982086173925 0.6714738417815385 0.0825250673047907 0.09996885973633562
0.0 0.4242941676541446 0.5323029906671745 0.06413380825200898 0.13727650547462655
0.0 0.4733816716855521 0.5682343315868694 0.09235684426781282 0.14765164575931283
0.0 0.8693872843091842 0.4775352984737444 0.05314479850007059 0.08998554931109426
0.0 0.9460991317817373 0.39940268961050973 0.08726750573658804 0.11676704660537851
0.0 0.9329805507329035 0.4827758181785037 0.03195674990640218 0.07027921281585825
