0.0 0.5583018781153879 0.881136645764127 0.06548140387446688 0.03628704209521694
0.0 0.5895537975621568 0.8149295462136052 0.019474343915322767 0.013080855715645434
0.0 0.48771731628567416 0.8094714191842034 0.010881453395360285 0.01766009148658443
0.0 0.462178904081765 0.796174610277431 0.024083959082675632 0.02185008971170399
0.0 0.46871021282522296 0.8032167694702943 0.019437856866982683 0.01258218879744899
0.0 0.5128038921982626 0.6886937359044418 0.03376540105988113 0.018590495332935997
0.0 0.5381355656433401 0.6854615624140552 0.025954983263340337 0.015787026126503845
0.0 0.5848847089637136 0.5958110630107858 0.023554896881743614 0.014619419397857158
0.0 0.5614869126259503 0.5843629735834381 0.053407997869804213 0.029451674615591394
0.0 0.5140315230838207 0.5455976330276691 0.0583318141251179 0.03799589985144525
0.0 0.5445526068379105 0.521932288831561 0.011572708497931461 0.009030719213722338
0.0 0.5101101330225586 0.5216950647675036 0.02442452604894585 0.012947059280850381
0.0 0.4714239457038441 0.5068535845265929 0.09224116456246845 0.040477019138574266
0.0 0.5082209606356546 0.4661849263049037 0.01397279487952785 0.010198325942368913
0.0 0.4939562693694055 0.45394324092843774 0.04473201208313066 0.02385688796129254
0.0 0.49244508685977056 0.4401417209968298 0.05782505662542581 0.0265508854318231
0.0 0.43306227127898256 0.3776836047656902 0.01460525823251918 0.00528463085708597
0.0 0.504535214162365 0.11890297983722573 0.08363808932718803 0.07655133132272635
0.0 0.4564898765359017 0.12003706861644603 0.07359790040482928 0.04779285767119157
0.0 0.4774694065131856 0.08929915405841701 0.0281320861778262 0.018426308910846012
0.0 0.545945905438598 0.08190743587549273 0.020941948203067384 0.024100177313751525
0.0 0.512987312391913 0.053988121972256414 0.06165020025346585 0.024598780686660715
0.0 0.4611179258632858 0.005143014551741237 0.01977436265618321 0.008142835931468972
0.0 0.5624607372613004 0.05638423190383254 0.030104449149371715 0.02278660120998205
