0.0 0.9310661764705883 0.2894199346405229 0.02573529411764708 0.023284313725490224
0.0 0.9664522058823529 0.440359477124183 0.03155637254901955 0.06944444444444442
0.0 0.8118872549019608 0.4832516339869281 0.044117647058823595 0.03839869281045749
0.0 0.7954963235294118 0.4752859477124183 0.021752450980392135 0.027369281045751648
0.0 0.7752757352941175 0.4473039215686275 0.02236519607843135 0.04248366013071897
0.0 0.75 0.4622140522875817 0.034313725490195957 0.08047385620915032
0.0 0.7282475490196079 0.4146241830065359 0.026348039215686292 0.052287581699346386
0.0 0.7020526960784313 0.4816176470588236 0.049325980392156854 0.12908496732026148
0.0 0.6418504901960784 0.4250408496732026 0.030637254901960898 0.09763071895424835
0.0 0.7308517156862745 0.33374183006535946 0.019914215686274384 0.026960784313725505
0.0 0.6669730392156863 0.27450980392156865 0.0226715686274509 0.03594771241830064
0.0 0.565716911764706 0.47263071895424835 0.0333946078431373 0.06290849673202614
0.0 0.5897671568627452 0.3555964052287582 0.0226715686274509 0.024918300653594794
0.0 0.5523897058823529 0.38174019607843135 0.05698529411764697 0.0894607843137255
0.0 0.4741115196078432 0.3543709150326797 0.02604166666666663 0.07720588235294118
0.0 0.4545036764705882 0.42320261437908496 0.03155637254901955 0.06127450980392157
0.0 0.3169424019607842 0.38664215686274506 0.04381127450980393 0.048611111111111105
0.0 0.2631740196078432 0.33415032679738554 0.009191176470588203 0.01797385620915032
0.0 0.26822916666666663 0.3786764705882353 0.022977941176470562 0.065359477124183
0.0 0.140625 0.3529411764705883 0.026348039215686292 0.044934640522875824
0.0 0.10738357843137264 0.3868464052287582 0.051164215686274495 0.03839869281045749
0.0 0.051776960784313764 0.3449754901960784 0.04656862745098034 0.09436274509803921
