0.0 0.1212685654845794 0.3188775288214517 0.07511037124043479 0.07731820354092117
0.0 0.09479035771778532 0.2677849747691415 0.01965596158382299 0.01935026172683263
0.0 0.24356510877264548 0.09268913853925925 0.056376795980183525 0.06147179359669064
0.0 0.26756146468832054 0.10918110104602097 0.07009226510267419 0.07472871293369565
0.0 0.2111971200353765 0.2886158472648114 0.04684451165582906 0.04845792756772299
0.0 0.24720714651169662 0.30092822682382536 0.025984902249259978 0.0276832347880957
0.0 0.25966647524278264 0.31510409386688776 0.03692463430102083 0.04191773196519777
0.0 0.2749165461287487 0.32596252966612993 0.04967912883162473 0.05406082678182078
0.0 0.28913147217613167 0.34925084262147843 0.05082446666507251 0.05471364817900626
0.0 0.35017186353591134 0.3372988337692369 0.021442139183784403 0.022681921937134475
0.0 0.36779716456265615 0.3745399749201084 0.027508684897379232 0.027542651548155883
0.0 0.3891272257297537 0.3779513650649602 0.023344651704458652 0.024652367759362248
0.0 0.34002983143372667 0.4295073139266635 0.08545757012554672 0.08661243625195492
0.0 0.39603967273140955 0.4406637087320093 0.05074643495479092 0.05078040160556763
0.0 0.4647470595670469 0.47186147074825824 0.04756281301685672 0.04926114555569239
0.0 0.42416395507560634 0.4906779112202515 0.03745828736260398 0.04027751937707125
0.0 0.41548304806952385 0.520321548993951 0.028431071220950843 0.03104650333075787
0.0 0.3987004622444022 0.5510316472794763 0.04013741123360415 0.0438227928428776
0.0 0.43618860046351116 0.5490700096436303 0.0619780020109269 0.07177738076000884
0.0 0.4787769134300149 0.5713498391286325 0.08409956922953998 0.09474811424803986
0.0 0.46522046944911555 0.6193061060461902 0.024101826391685177 0.025969992184404322
0.0 0.5071130935617746 0.6277000189899313 0.05602722110227748 0.059746569362327584
0.0 0.539610789534702 0.5934610329624619 0.02306310514740051 0.02382735478987652
0.0 0.5501053144281631 0.6123880667497451 0.053804573756230156 0.05934113783283457
0.0 0.6632600354068642 0.5799898903243399 0.029906262211321533 0.030262912044476953
0.0 0.635798272028504 0.6315196527533499 0.0269458768411468 0.028797059308477868
0.0 0.72625215815382 0.6829818208280414 0.1255866883170198 0.14482879598202825
0.0 0.7577419544159498 0.7072553872605025 0.060463367578590166 0.06623769821063163
0.0 0.7944171040651372 0.7218514542687766 0.02951809906510028 0.03092771507233405
0.0 0.7685108540920462 0.7658226516196263 0.03696322256933593 0.03952770470297773
0.0 0.764770862084407 0.8124308247306862 0.05276528239617817 0.051389633039721105
0.0 0.8075073226419892 0.7789855464919537 0.06601039057153968 0.06636700310309196
