0.0 0.12789099306571414 0.15629344182000374 0.08252850871131384 0.08739782358044695
0.0 0.18720612355571958 0.20851290676692258 0.058428669246515796 0.0620415613942259
0.0 0.22995905544137188 0.20412060469162574 0.058484639093302204 0.06037394966595799
0.0 0.24745862401976776 0.2580499001524202 0.025246112281353567 0.025654910475436887
0.0 0.33462840782191544 0.23579403759309903 0.05067293946646145 0.05260644443847762
0.0 0.28309981844102966 0.2509829750265621 0.0202697718532584 0.02217013102575438
0.0 0.32938403844078035 0.38475038143923396 0.050454911331516195 0.0524215621030526
0.0 0.35219962362877366 0.3404600537756456 0.029673463301528757 0.030225893293533423
0.0 0.462766344886848 0.4805417686635792 0.043875760607509084 0.04610757777520763
0.0 0.5820256830334549 0.5019490624262694 0.049233180903164864 0.0535089890412806
0.0 0.5858849980036752 0.4535276437043262 0.10086367784627193 0.10717242835496449
0.0 0.6449736588960484 0.38168976983535174 0.0855427582199435 0.09026051035166305
0.0 0.6183634668166074 0.36249002645310163 0.04194198903862256 0.04454945860088433
0.0 0.6914249948902731 0.5093649330004566 0.04507784097580858 0.04369676599579725
0.0 0.6389087730050983 0.5595062438384293 0.022762357860090843 0.023303739252255262
0.0 0.7549264482736466 0.5286738629136916 0.0818352864814168 0.08523825523216516
0.0 0.7196681959312137 0.5650605844537558 0.048965034173633515 0.04813638918562657
0.0 0.768756805142246 0.5991482075685267 0.060085462500301445 0.05944464370957614
0.0 0.7380283332890478 0.6675655030916339 0.10795450474700796 0.11351195046657425
0.0 0.6594735467573263 0.6844307937914017 0.029758908238393 0.030543358827039624
0.0 0.9204174758637015 0.8061361235841704 0.08177931663463034 0.08690586696043301
0.0 0.9462166936525529 0.701466404195195 0.030811735681928742 0.03257951165634365
0.0 0.9909515179828339 0.7277950282188381 0.018096964034332252 0.0500205388821553
0.0 0.9891500002140602 0.7626876371176997 0.021699999571879625 0.05818457013406486
0.0 0.9592445128370959 0.8344185698857683 0.04788910210431829 0.0547485051430352
