0.0 0.1820157618680756 0.59165923262094 0.0307721974058347 0.048578832309660425
0.0 0.22745452674327302 0.5983957856428146 0.023864438067344562 0.04744619780484349
0.0 0.25031980498302503 0.5671172394202598 0.01147828032546816 0.01436584274230479
0.0 0.5168243927607727 0.5153128446413147 0.017152511210656418 0.01529622108554718
0.0 0.5478375085620558 0.454155552140142 0.01784566931057263 0.022452018880288083
0.0 0.5987950810429653 0.5138638224463898 0.023603780367974503 0.032678976535175264
0.0 0.6100601729357222 0.49681643761329175 0.010021015372944864 0.015727388720502944
0.0 0.6258822600413629 0.5129691946417843 0.017214442780618455 0.012745596183132979
0.0 0.6869720317955521 0.4289777938199081 0.052501185018636654 0.09471459749334338
0.0 0.7214742494624923 0.4841218107307487 0.009381792249448573 0.008900531846642523
0.0 0.710532341193639 0.46683108813507784 0.007462081700585488 0.008905862909003859
0.0 0.71787123816885 0.390301841042011 0.015217828063896599 0.010817732952526415
0.0 0.9428707422878945 0.3936060187957957 0.053204380890469194 0.07850492778084717
