0.0 0.14245355258728296 0.38702481175256626 0.07687139843984042 0.08247688437296141
0.0 0.2051906697461764 0.3972801628413642 0.032115084426735024 0.03236987924187684
0.0 0.3130341345743116 0.4551545268315151 0.04973805400128106 0.06818519861755135
0.0 0.3168710563571114 0.5113644091455775 0.0576507357139312 0.07808527988830805
0.0 0.37980345710496927 0.47047202156782286 0.08570389655350186 0.11424091584938978
0.0 0.4328717844946742 0.5383697527302612 0.0419617859039374 0.051796865768413136
0.0 0.5755636191489182 0.49802426847579995 0.032545798002453274 0.03911950423311339
0.0 0.579114282509583 0.5339088125746745 0.04857670065753428 0.07390330528263467
0.0 0.6648261052095996 0.5996779249443911 0.03143209754338194 0.040095121258205024
0.0 0.8182609586559496 0.5920520455005447 0.08164197296633735 0.11802667256859434
0.0 0.8718934403366165 0.6923887228826185 0.02425751944429999 0.03470410686511616
0.0 0.28374911267228764 0.4544761903311181 0.04904433075302844 0.0628032507706886
