0.0 0.16925 0.43616666666666665 0.0315 0.04300000000000004
0.0 0.012625 0.5329999999999999 0.02525 0.08533333333333337
0.0 0.0845 0.5708333333333333 0.024999999999999994 0.01966666666666672
0.0 0.0985 0.5535 0.013499999999999998 0.012333333333333307
0.0 0.18774999999999997 0.5351666666666667 0.01849999999999999 0.01633333333333331
0.0 0.196125 0.5143333333333333 0.01824999999999999 0.013333333333333197
0.0 0.17225 0.5986666666666667 0.007000000000000006 0.01200000000000001
0.0 0.198625 0.5868333333333333 0.01075000000000001 0.020333333333333314
0.0 0.35325 0.507 0.03949999999999998 0.03933333333333322
0.0 0.364125 0.44450000000000006 0.022249999999999992 0.05366666666666664
0.0 0.42175 0.5343333333333333 0.045499999999999985 0.06866666666666665
0.0 0.4025 0.5785 0.01100000000000001 0.015666666666666718
0.0 0.4805 0.5395 0.02949999999999997 0.05366666666666675
0.0 0.460625 0.5588333333333333 0.011249999999999982 0.015000000000000013
0.0 0.49075 0.4736666666666666 0.030999999999999972 0.07799999999999996
0.0 0.5927499999999999 0.5111666666666667 0.011499999999999955 0.020333333333333314
0.0 0.613875 0.489 0.017249999999999988 0.020000000000000018
0.0 0.645 0.4756666666666667 0.04200000000000004 0.07266666666666666
