0.0 0.8667550484945532 0.7697902227371212 0.025027929574000796 0.034650350901534344
0.0 0.8366440316450932 0.7582037554548591 0.05772059330398904 0.06500590607057422
0.0 0.6602144485745349 0.6177346956681101 0.07225596795959732 0.08789694750112842
0.0 0.6900405123211917 0.5587644001225656 0.05200151629951044 0.06532915008103568
0.0 0.6451055967907853 0.5234546902129347 0.09133341933208095 0.10027605443419263
0.0 0.5453346416549893 0.5942710049672015 0.08698690677063159 0.1244838246119182
0.0 0.5374940118769824 0.5420924815823511 0.11182488193455264 0.14017199938178682
0.0 0.2398110305517287 0.3535373274021749 0.0656965600079884 0.08458312912325888
0.0 0.14483901781016806 0.3539930380872627 0.09955149202326963 0.11467455833494866
0.0 0.20420727803801275 0.31116399460577115 0.04384822995401397 0.06349440513973409
