0.0 0.04151348039215687 0.6284722222222222 0.024203431372549024 0.07557189542483655
0.0 0.014246323529411763 0.610702614379085 0.0272671568627451 0.09558823529411764
0.0 0.03416053921568627 0.5674019607843137 0.015625 0.037581699346405206
0.0 0.12193627450980392 0.4616013071895425 0.0392156862745098 0.04248366013071897
0.0 0.10248161764705882 0.5147058823529411 0.047487745098039214 0.08088235294117646
0.0 0.04059436274509804 0.47406045751633985 0.08118872549019608 0.0731209150326797
0.0 0.19684436274509803 0.48590686274509803 0.018075980392156854 0.03308823529411764
0.0 0.3518688725490196 0.4681372549019608 0.08057598039215685 0.04656862745098039
0.0 0.328125 0.5006127450980392 0.025122549019607865 0.027369281045751592
0.0 0.3723958333333333 0.5108251633986928 0.046262254901960786 0.037990196078431404
0.0 0.29871323529411764 0.41870915032679745 0.013480392156862753 0.041666666666666685
0.0 0.32015931372549017 0.3958333333333333 0.028186274509803932 0.0326797385620915
0.0 0.3368566176470588 0.4375 0.012561274509803932 0.019607843137254888
0.0 0.3556985294117647 0.4319852941176471 0.017156862745098034 0.029820261437908502
0.0 0.43504901960784315 0.41870915032679734 0.060049019607843146 0.08006535947712418
0.0 0.43795955882352944 0.5224673202614379 0.03952205882352944 0.12581699346405228
0.0 0.4105392156862745 0.4850898692810457 0.015931372549019607 0.05351307189542481
0.0 0.49402573529411764 0.4084967320261438 0.029718137254901966 0.02369281045751631
0.0 0.5793504901960784 0.4303513071895425 0.031862745098039214 0.030637254901960786
0.0 0.6891850490196079 0.45731209150326796 0.037071078431372584 0.09027777777777779
0.0 0.6593137254901962 0.42626633986928103 0.02083333333333337 0.03799019607843135
0.0 0.7300857843137255 0.46875 0.04350490196078427 0.05269607843137253
0.0 0.7424938725490198 0.4323937908496732 0.012561274509803932 0.02328431372549017
0.0 0.7271752450980393 0.4401552287581699 0.010110294117647078 0.01838235294117646
0.0 0.8278186274509803 0.5375816993464052 0.0490196078431373 0.10294117647058826
0.0 0.8451286764705881 0.4738562091503268 0.016237745098039214 0.03104575163398693
0.0 0.8837316176470589 0.4644607843137255 0.012561274509803932 0.02614379084967322
0.0 0.9370404411764706 0.44628267973856206 0.03645833333333337 0.0216503267973856
0.0 0.9505208333333334 0.41360294117647056 0.046875 0.0437091503267974
0.0 0.9693627450980393 0.48631535947712423 0.06066176470588236 0.0657679738562092
0.0 0.964001225490196 0.5465686274509803 0.04871323529411764 0.05555555555555558
0.0 0.992953431372549 0.5412581699346404 0.012867647058823484 0.0433006535947712
