0.0 0.6426498684549038 0.23190254855909115 0.06649663628956481 0.042569697750612256
0.0 0.6010033445476329 0.25203004513352933 0.046927520309941295 0.04135363121848079
0.0 0.6353838241809707 0.256263050334939 0.031157308595131328 0.0210291442704042
0.0 0.661545820602107 0.2739154571772 0.0491397077954977 0.033777525665374786
0.0 0.6406164977371145 0.32936004076984987 0.05459366396733645 0.03257000463034598
0.0 0.5828318635380616 0.3719726951883763 0.04809927510651102 0.03783516226735806
0.0 0.5822693022154004 0.33285447911650246 0.031388812978681346 0.023367850627555198
0.0 0.5319796201960312 0.45725406581950767 0.0485419955302554 0.025770619363922664
0.0 0.6459333867215433 0.6733468800692004 0.07624293800835058 0.05204410244054625
0.0 0.5593987686866561 0.5823038683621282 0.1016389808226239 0.06330149975452948
0.0 0.518378422802267 0.6280001906908623 0.07248193635627176 0.07547280367364084
0.0 0.5830343067661612 0.7455561020286734 0.05877906445719805 0.035871739776439315
0.0 0.5403957506126074 0.7611583268271856 0.06597472924979197 0.04320335308345924
0.0 0.518845321810572 0.7863233073307732 0.03463058166496369 0.029736435145632623
0.0 0.5165225318152566 0.8490127591021399 0.09150885695276678 0.06058056992088201
