0.0 0.005667892156862745 0.4810049019607843 0.01133578431372549 0.03799019607843135
0.0 0.007352941176470588 0.5437091503267975 0.014705882352941176 0.02614379084967322
0.0 0.15287990196078433 0.42483660130718953 0.05882352941176472 0.06372549019607843
0.0 0.15058210784313725 0.49530228758169936 0.03339460784313725 0.09027777777777773
0.0 0.17401960784313725 0.5102124183006536 0.028186274509803932 0.08660130718954245
0.0 0.20082720588235298 0.4820261437908497 0.03829656862745098 0.0816993464052288
0.0 0.23268995098039216 0.4834558823529412 0.03952205882352938 0.09191176470588236
0.0 0.2662377450980392 0.5098039215686274 0.07904411764705885 0.10294117647058826
0.0 0.27297794117647056 0.3368055555555556 0.02144607843137253 0.03635620915032678
0.0 0.43642769607843135 0.3506944444444444 0.027267156862745112 0.03308823529411764
0.0 0.41390931372549017 0.5149101307189542 0.028799019607843146 0.09109477124183002
0.0 0.4456188725490196 0.45751633986928103 0.049325980392156854 0.03676470588235292
0.0 0.4799325980392156 0.45669934640522875 0.03155637254901961 0.08415032679738566
0.0 0.4638480392156863 0.4959150326797386 0.04289215686274511 0.06045751633986929
0.0 0.43795955882352944 0.5296160130718954 0.03339460784313725 0.10498366013071897
0.0 0.4753370098039216 0.6021241830065359 0.047487745098039214 0.07271241830065356
0.0 0.515625 0.6017156862745099 0.05085784313725489 0.08415032679738566
0.0 0.5548406862745097 0.5492238562091505 0.03308823529411764 0.029820261437908502
0.0 0.5726102941176471 0.5882352941176472 0.04656862745098045 0.08986928104575165
0.0 0.36412377450980393 0.12806372549019607 0.019914215686274495 0.042892156862745084
0.0 0.4333639705882353 0.2587826797385621 0.018688725490196068 0.019199346405228773
0.0 0.6769301470588234 0.1889297385620915 0.018688725490196068 0.022467320261437912
0.0 0.6746323529411766 0.4846813725490196 0.019607843137254943 0.0404411764705882
0.0 0.6968443627450982 0.4934640522875817 0.01378676470588236 0.020424836601307172
0.0 0.7081801470588234 0.571282679738562 0.02604166666666663 0.033905228758169925
0.0 0.8160232843137254 0.5984477124183006 0.024816176470588203 0.05147058823529416
0.0 0.8325674019607843 0.5026552287581699 0.008884803921568651 0.036356209150326835
0.0 0.8696384803921569 0.5592320261437909 0.053002450980392135 0.09150326797385622
0.0 0.8837316176470589 0.48897058823529416 0.038909313725490224 0.11029411764705888
0.0 0.9114583333333333 0.5187908496732027 0.04289215686274506 0.043300653594771255
0.0 0.9543504901960784 0.5212418300653595 0.03492647058823528 0.0702614379084967
0.0 0.8606004901960784 0.6360294117647058 0.02573529411764708 0.03676470588235292
0.0 0.9140625 0.5917075163398693 0.018688725490196068 0.026552287581699363
0.0 0.9425551470588235 0.5998774509803921 0.05055147058823528 0.09926470588235292
0.0 0.9839154411764706 0.571078431372549 0.03155637254901966 0.11928104575163401
