0.0 0.650148073147492 0.09088874518664031 0.053542736934048984 0.038916154043544954
0.0 0.5740203933875194 0.26310409885262953 0.10339502261016853 0.08358964960532356
0.0 0.5051520341662967 0.33110603083828627 0.08108565549709068 0.05960067488759424
0.0 0.514745748657039 0.37857875547491115 0.09041117633815737 0.07907382500676186
0.0 0.5683275003658845 0.4533045200400049 0.12412580130854378 0.06974850510796171
0.0 0.5338414918607997 0.4877927269921085 0.11007865916689608 0.08131537893724433
0.0 0.5169337115795228 0.5460290514305552 0.053261023643345506 0.04829218447958572
0.0 0.5618566131363565 0.5638394964684261 0.04234891028289789 0.03192134640402189
0.0 0.4263493074397321 0.5565905102846704 0.04193335761446981 0.031785728336368835
0.0 0.4592276480970341 0.5375429018819224 0.026464893797359113 0.025345155394258412
0.0 0.469511357658716 0.5556397181797542 0.040483272507706225 0.03075554513076817
0.0 0.43858818741366395 0.6308605753881911 0.04157602616943479 0.03751697445819435
0.0 0.5202445167828926 0.6041725908677683 0.024209798750147282 0.020710616240457336
0.0 0.36449580316075614 0.7443764273306193 0.03260516873851066 0.025956721970099794
0.0 0.4202955040218226 0.8018482475769091 0.05876758991854342 0.03672274010749654
0.0 0.4485234670079169 0.8566016942779453 0.12304510850796868 0.08805328341106888
0.0 0.41283050556140705 0.8900107894034477 0.04931159209543623 0.033915189052800554
