0.0 0.013020833333333315 0.4430147058823529 0.02604166666666663 0.05024509803921573
0.0 0.06969975490196079 0.4805964052287581 0.037071078431372584 0.023284313725490224
0.0 0.09742647058823528 0.514093137254902 0.014093137254902022 0.016748366013071947
0.0 0.1058517156862745 0.44321895424836605 0.03462009803921573 0.10375816993464049
0.0 0.13725490196078438 0.46098856209150324 0.02757352941176472 0.030637254901960786
0.0 0.14506740196078433 0.400735294117647 0.042585784313725505 0.08251633986928109
0.0 0.16773897058823528 0.48692810457516345 0.042585784313725394 0.05392156862745101
0.0 0.1982230392156863 0.49836601307189543 0.01225490196078427 0.0318627450980391
0.0 0.21139705882352938 0.42585784313725494 0.031862745098039214 0.07148692810457513
0.0 0.23881740196078433 0.4454656862745098 0.01746323529411764 0.10743464052287588
0.0 0.21721813725490197 0.4812091503267974 0.02450980392156865 0.037581699346405206
0.0 0.3177083333333333 0.42912581699346414 0.026960784313725505 0.046160130718954195
0.0 0.29442401960784315 0.477328431372549 0.05085784313725483 0.0518790849673203
0.0 0.2924325980392157 0.4428104575163398 0.023590686274509776 0.022875816993464082
0.0 0.2670036764705883 0.4611928104575163 0.018075980392156854 0.02450980392156865
0.0 0.34834558823529416 0.5475898692810457 0.040441176470588314 0.05433006535947704
0.0 0.3229166666666667 0.5124591503267975 0.02941176470588236 0.06495098039215697
0.0 0.3644301470588235 0.5761846405228759 0.021752450980392135 0.027369281045751648
0.0 0.4391850490196078 0.40747549019607837 0.034007352941176516 0.08864379084967322
0.0 0.4330575980392157 0.3854166666666666 0.03952205882352933 0.0788398692810458
0.0 0.5232843137254902 0.5061274509803921 0.02757352941176472 0.04656862745098034
0.0 0.5268075980392157 0.4254493464052288 0.03645833333333337 0.06821895424836599
0.0 0.6253063725490197 0.465890522875817 0.020220588235294157 0.05024509803921573
0.0 0.6508884803921569 0.4581290849673203 0.034007352941176516 0.06821895424836599
0.0 0.6568627450980393 0.4948937908496732 0.02083333333333337 0.01593137254901955
0.0 0.6170343137254901 0.5061274509803921 0.01409313725490191 0.016339869281045694
0.0 0.8357843137254903 0.49448529411764713 0.028186274509803932 0.09109477124183007
0.0 0.8164828431372549 0.5100081699346406 0.011029411764705843 0.03308823529411764
0.0 0.8051470588235294 0.5138888888888888 0.030637254901960786 0.08415032679738566
0.0 0.7702205882352942 0.5159313725490196 0.015318627450980338 0.01388888888888884
0.0 0.8728553921568627 0.5647467320261438 0.031862745098039214 0.03635620915032667
0.0 0.9120710784313726 0.5318627450980392 0.02941176470588236 0.042483660130719025
0.0 0.9238664215686274 0.5784313725490197 0.019914215686274495 0.05147058823529416
0.0 0.9546568627450981 0.47120098039215685 0.028799019607843146 0.046160130718954306
0.0 0.9159007352941175 0.4724264705882352 0.01746323529411764 0.02246732026143794
0.0 0.9267769607843137 0.49611928104575165 0.03125 0.026552287581699252
0.0 0.9754901960784312 0.5357434640522876 0.039215686274509776 0.07638888888888884
0.0 0.9450061274509802 0.5351307189542484 0.028492647058823484 0.06454248366013071
