0.0 0.9963825658285572 0.4283439763224845 0.00723486834288567 0.07291918497960792
0.0 0.674501882651358 0.30433430629118197 0.06482201460553394 0.07786308050270724
0.0 0.647737570041001 0.3139943749623543 0.09375389870609618 0.11548900853471827
0.0 0.6055731972291712 0.41945956446111227 0.024867897328080257 0.026692982886208916
0.0 0.5565593625572763 0.3892963234775365 0.08384551156227693 0.09854574614865796
0.0 0.5173815595008903 0.32700218812065174 0.04843868710102228 0.058825083095463304
0.0 0.3833235421500747 0.5306784030522735 0.05469868849837112 0.05927799408058443
0.0 0.3648005741837218 0.5198509299226006 0.045704711820182986 0.05884532783870877
0.0 0.35112279630002957 0.5261980583886962 0.03122293104926277 0.03819143954393556
0.0 0.323851187831962 0.5212158652729184 0.0737724899322188 0.09119376116890077
0.0 0.2984262661936752 0.5855415043461158 0.051471480408287695 0.04865089363663444
0.0 0.2644350953478522 0.5556532817884688 0.05987652130392507 0.06681184642481353
0.0 0.24942907439303375 0.5452285277378841 0.04700181937532122 0.0534062105156633
0.0 0.23278811986779369 0.5486455648684568 0.04454056131000539 0.051011319197915794
0.0 0.22948146022951846 0.5652480130088828 0.041385408372778654 0.04516831298417234
0.0 0.23858337104968763 0.6009397818573293 0.05464091024619111 0.06333495417764001
0.0 0.21218546487411297 0.6106065582949877 0.08454253007411244 0.08799360094766473
0.0 0.24065002726757131 0.6590020130005452 0.019251486325537803 0.01845508535471796
0.0 0.1830728225068989 0.62225364438558 0.059854770628173404 0.07326085363697254
0.0 0.17830540446363743 0.6470339664783159 0.05529877754167384 0.06439102195853263
0.0 0.11249308297232066 0.6158019442295044 0.057415263238609404 0.06441695510706635
0.0 0.10715185023977686 0.7111991253356948 0.0727468730973786 0.08150728377639582
0.0 0.08182050526220894 0.6849373677938677 0.06548300554094127 0.06491888818661051
0.0 0.0756362574114776 0.7171468991022937 0.05601578836906143 0.07044185827990446
