0.0 0.2936082764852679 0.5851239174536793 0.018981771960603466 0.019205023225898787
0.0 0.32086070893932067 0.5947831049867406 0.02607937466580057 0.026548972154869954
0.0 0.34212934050074556 0.6269537656955378 0.05391550648309695 0.05647904687424621
0.0 0.292622141556221 0.5300505421932262 0.07428842738610514 0.07582039296520038
0.0 0.27393581896167457 0.5467737933170728 0.017577764587562994 0.017831809130830045
0.0 0.5648194935383722 0.4849337143319211 0.07883097829280072 0.08280331115115819
0.0 0.5791922592477264 0.45808188581403375 0.07933340831756985 0.08424493615406581
0.0 0.5619565491993578 0.41095242945237864 0.018931878545165537 0.0193937777147421
0.0 0.6013730161274007 0.4229226112932062 0.07567021376826455 0.07804899449158315
0.0 0.6237550946040216 0.39418173942700163 0.05092468763247027 0.052110228834383154
0.0 0.6481268353802113 0.35970108231168296 0.036694402800559134 0.0370408271777416
0.0 0.6838420949925045 0.36996872840721906 0.0476972601352903 0.049922074468750244
0.0 0.5413201777375988 0.3095907539127287 0.034475746479486924 0.03412162378281175
0.0 0.9194444761075993 0.22932613543499503 0.06433096095610402 0.06772591985249099
0.0 0.8383309042379203 0.21323356547252129 0.06918768634934791 0.07300605281784639
0.0 0.7835943195914736 0.17485472916289221 0.050257763367467234 0.05180512558554812
0.0 0.7549752696465555 0.23821108254958673 0.07890504826240496 0.0799520197134449
0.0 0.4341416902986669 0.1964668767002248 0.05943370470766818 0.06054226271465174
0.0 0.14574062476844837 0.5778316533305796 0.024745526135794116 0.02593876565719988
0.0 0.5585452529055132 0.1490065986204462 0.018542093781908298 0.01881153496416127
0.0 0.6632837649857263 0.060550137689864336 0.024363148369497045 0.025071393762847616
