0.0 0.22014714840459113 0.5033464170617153 0.047574075258558 0.09164031627380154
0.0 0.20812420214611643 0.39067415871858413 0.045823937252929214 0.032928081426409406
0.0 0.08820554776667436 0.4197439180539597 0.030100568137693587 0.028674895634259234
0.0 0.06950934336643588 0.38937330284795163 0.02420575930666928 0.03554633603853341
0.0 0.03874349716043561 0.38514313456964255 0.03280374199769983 0.06326129093470645
0.0 0.6866547774674369 0.5912728344659283 0.026478874141200093 0.05298342204595685
0.0 0.7524440382665171 0.49274524990561497 0.037564701830071545 0.06640216837681184
0.0 0.779095222338696 0.5097253406296418 0.036568521328331216 0.04706665521725706
0.0 0.8798498609731829 0.5813969145104839 0.040041508829254724 0.0649907776393559
0.0 0.8068137843109058 0.5214207232833222 0.021778521139342977 0.022880177164724014
