0.0 0.2711962386842336 0.3472126329387599 0.0757353952334518 0.09524631949981743
0.0 0.1877238192357123 0.42977633182802155 0.05121612572178938 0.045506311120308895
0.0 0.11051240046741687 0.32787282421167285 0.03640933445932487 0.03577809867423659
0.0 0.07560660938564238 0.340001482885421 0.03418286422936803 0.039204057974388695
0.0 0.048139578020001905 0.3232395339815989 0.052250307475244506 0.06573579924758549
0.0 0.7032662106123948 0.5822859027497025 0.04292977271700371 0.05466501981250904
0.0 0.6915203962765206 0.7044775592721749 0.05746144268256137 0.07022962106275643
0.0 0.7240382437586159 0.7083093754765546 0.049035845705984626 0.053684036487089415
0.0 0.8518715678085503 0.7167926529188096 0.058976485518697164 0.07002311175774256
0.0 0.7539503793521956 0.7170825144502387 0.02718079536976814 0.02766856847642729
