0.0 0.07416339523400295 0.46403467947802485 0.027360387946010485 0.03594462448768043
0.0 0.12244332535026223 0.4629974001765268 0.02701849834446486 0.04292690000884403
0.0 0.16274156336533369 0.4735796080801062 0.04931407198629781 0.06923895129861413
0.0 0.2482658077909463 0.45138728102502684 0.04830797121214733 0.09052036374733152
0.0 0.3240501314220332 0.4794884629644231 0.01053022230135986 0.013286628530336353
0.0 0.32776130664024683 0.49783494520108873 0.013274432806395786 0.017448419381703106
0.0 0.3480457805977111 0.4050167826866724 0.01479384921952781 0.0348762374592142
0.0 0.389499843361321 0.47979107711438973 0.026480928438055273 0.04656331667774166
0.0 0.39339291895478606 0.5122488706220305 0.011012533098713306 0.012981394690839365
0.0 0.4916385238595709 0.48996121800855663 0.03838435785586547 0.08760589765901855
0.0 0.5662320219861221 0.510438823381734 0.03604308416230528 0.05612547240199167
0.0 0.5583649137127187 0.5480841108404917 0.008408743789485196 0.015496645521139274
0.0 0.6035225017118606 0.5530752341641724 0.01731592142440741 0.02668770260292752
0.0 0.6055298776326138 0.48000342697899745 0.054358216396056536 0.052861881586040604
0.0 0.5914087126510924 0.44375801261281556 0.016419237004436482 0.015631692367586048
0.0 0.7053088182707493 0.49607870562432427 0.034967944349486135 0.06339830573978722
