0.0 0.003854504020630381 0.5250169478228293 0.007709008041260762 0.026431843774078145
0.0 0.1282229273200799 0.39796828004078694 0.062234161401256705 0.06649950388150117
0.0 0.1323745150379882 0.4657093557155846 0.04020898942500653 0.08970473445617655
0.0 0.15618129612341874 0.4778858123718719 0.03487593429596844 0.08570459885221487
0.0 0.17933202394475942 0.4484550586933571 0.04414283035610139 0.08190888356659914
0.0 0.20999800325510895 0.4469522980512947 0.0462405041290726 0.09182635188668509
0.0 0.24452576717961105 0.46917914771863317 0.08518797417685187 0.10598151876804363
0.0 0.2353865407409522 0.30277080802643147 0.023872814373812 0.036846564417888916
0.0 0.3932881356862372 0.30134382869743326 0.029168117978233876 0.034233212173524374
0.0 0.38651372353514 0.46075759543695927 0.03586952092426249 0.09007491494403569
0.0 0.4117288652608192 0.40289253282177884 0.050682669983381834 0.03975272987775541
0.0 0.44454126506353553 0.39901551677224734 0.03789123263842381 0.08365480299937994
0.0 0.43266193776890605 0.4380499124082213 0.046640623583791674 0.06192476747133413
0.0 0.4108893390609409 0.47268305143735495 0.04153499562160523 0.10382676809350866
0.0 0.45324960905942413 0.5388041768712475 0.05215876425929006 0.07410750577221481
0.0 0.4918245415003332 0.5347799715997484 0.0564264017874222 0.08539518613241587
0.0 0.5246755124070286 0.4809361028665261 0.03446342158265592 0.031619859929159666
0.0 0.5452233967784815 0.516722171339713 0.052823144386322296 0.09050033629514825
0.0 0.30391823442406873 0.09449542567079436 0.022991105290633584 0.042984898166779584
0.0 0.38206434099199116 0.2135324010232883 0.01967792583744682 0.020122232345805763
0.0 0.60919816081567 0.12462378737864244 0.019972593881135592 0.023260462042990537
0.0 0.6336634267953627 0.4082775517167926 0.02247589522375637 0.040603600764795134
0.0 0.6557432029126758 0.41469199695845627 0.015081081808052899 0.020857066416716974
0.0 0.6736241327753738 0.4882507687056986 0.028064948852711713 0.03490726908143721
0.0 0.7794297708742564 0.5045615261581047 0.028471953451093768 0.051664753187423085
0.0 0.7866480960573523 0.4112628326655236 0.011810243975257428 0.03571393412496071
0.0 0.8272782337463032 0.4621430522078943 0.05914886812449949 0.09264957885475261
0.0 0.8344496482483137 0.3935341594606082 0.04730959380659894 0.10942364367515872
0.0 0.8637116106347782 0.419613643341671 0.045093616354426214 0.04544906156111339
0.0 0.9050401951845928 0.4180951300406606 0.03987519282796914 0.07062120320639798
0.0 0.8255409776747505 0.5365601430515066 0.028028574356828262 0.03762559493737827
0.0 0.8727822089302586 0.4892617217233385 0.02034092893574635 0.027183249164471845
0.0 0.900826059518662 0.4945226006254373 0.05749503245537113 0.09988187335280035
0.0 0.937273148968667 0.46324116165625717 0.03986770620950564 0.11729325317514566
