0.0 0.07611467680681894 0.30142566824625466 0.03593324700279005 0.03631074003175727
0.0 0.17561341842828054 0.1730230775181256 0.07734406401260813 0.07150865093982367
0.0 0.3125175604988896 0.2705193850727495 0.060364947220282184 0.061245764287872345
0.0 0.3168503596469902 0.2891163167451822 0.03662979176612635 0.03576470357474315
0.0 0.3074190292219112 0.3240385797413031 0.04933568156361279 0.04623709295084044
0.0 0.33623329802325597 0.334771532680864 0.0881403941757235 0.08103094213017464
0.0 0.31185404380126114 0.3838793998369927 0.05994326521224469 0.05594813065567511
0.0 0.38366530158300316 0.36099166541860694 0.1376111317310642 0.12532687941342352
0.0 0.3773438390488851 0.447323977110869 0.09967828776608434 0.08936014497431438
0.0 0.24430568178583456 0.43513253008529157 0.035084302530033334 0.033999010071752545
0.0 0.23824916562091042 0.5262092436545696 0.04421826086785932 0.042173506960953566
0.0 0.46631613515349696 0.4778852796817347 0.0732374890427171 0.06869184381890381
0.0 0.35519195166837225 0.535539464894851 0.03524145301129633 0.03489541773474325
0.0 0.4011349467431229 0.5487091022429262 0.11041534694976285 0.10541356431594745
0.0 0.43051338087582125 0.6304799460825534 0.08002203233560268 0.0721418653559125
0.0 0.49947413667911483 0.6010180476565743 0.07069457671145052 0.06611747373522325
0.0 0.5604916271888919 0.7371043080804016 0.06847463720155678 0.06773538001982926
0.0 0.5532493562567298 0.8155045599207018 0.020693946417722042 0.01934126306392281
0.0 0.5861532711526924 0.7820082738880392 0.0683585842971991 0.06183110067130804
0.0 0.6494108351183966 0.9028471618674853 0.053958726641202714 0.05109607117153492
0.0 0.698941559669418 0.907528877924979 0.06501483755924986 0.0669809470851207
0.0 0.701556637099796 0.9651658234385968 0.1075312883945918 0.06966835312280639
