0.0 0.9970894607843137 0.5465686274509804 0.005821078431372584 0.10457516339869277
0.0 0.9177389705882353 0.5220588235294117 0.03278186274509798 0.04656862745098034
0.0 0.8959865196078431 0.47181372549019607 0.05729166666666663 0.06944444444444442
0.0 0.8272058823529411 0.5087826797385622 0.06066176470588236 0.0951797385620915
0.0 0.7613357843137254 0.5145016339869282 0.023897058823529327 0.04370915032679734
0.0 0.7270220588235294 0.514093137254902 0.04473039215686281 0.07557189542483667
0.0 0.6681985294117647 0.5241013071895426 0.02573529411764719 0.021241830065359513
0.0 0.6602328431372548 0.551062091503268 0.016544117647058765 0.03676470588235292
0.0 0.6367953431372548 0.585375816993464 0.019914215686274495 0.03431372549019607
0.0 0.5574448529411764 0.5292075163398693 0.042585784313725505 0.09599673202614378
0.0 0.5310968137254901 0.5819035947712419 0.030330882352941124 0.05759803921568629
0.0 0.6015625 0.5202205882352942 0.027267156862745168 0.037173202614379064
0.0 0.6151960784313726 0.4918300653594771 0.03860294117647067 0.039215686274509776
0.0 0.6387867647058824 0.4428104575163399 0.02941176470588247 0.03839869281045749
0.0 0.6096813725490197 0.4309640522875817 0.04718137254901955 0.11111111111111116
0.0 0.45450367647058826 0.5053104575163399 0.05729166666666663 0.06944444444444442
0.0 0.37117034313725494 0.5004084967320261 0.022977941176470562 0.058006535947712434
0.0 0.3201593137254902 0.49325980392156865 0.0447303921568627 0.1008986928104576
0.0 0.2496936274509804 0.46200980392156865 0.04534313725490191 0.09313725490196068
0.0 0.2092524509803922 0.5334967320261439 0.011642156862745057 0.016339869281045805
