0.0 0.9301856057339096 0.6107131869956999 0.03396755628675385 0.10418568153312446
0.0 0.96256880282584 0.6429486911266317 0.04714176773551215 0.09297728690709994
0.0 0.8959549975404142 0.5679005518409965 0.022475196131448327 0.050260026309689176
0.0 0.8759329795791835 0.5367621445830082 0.032049309954010896 0.06919025641676158
0.0 0.8487472922646206 0.5495438385874516 0.030861383311124424 0.0569451014376362
0.0 0.8465148359552813 0.49962118289478447 0.0572521971563964 0.05195984855101721
0.0 0.7996759517540956 0.5421107063990847 0.050661638403860954 0.0912048089700695
0.0 0.7860201094548424 0.6078831594844222 0.02193432559546138 0.046978475245916584
0.0 0.7037345888870836 0.5605776828562684 0.035323944811155195 0.08928699934100393
0.0 0.7341779277693468 0.5601131596966096 0.03337628683718952 0.05388413768303402
0.0 0.616075713299191 0.5855811629978882 0.04810738055514996 0.11898704937719307
0.0 0.5320155515766465 0.5373284609010185 0.016285355765099152 0.02346782887239951
0.0 0.43576322355967134 0.4664889792077141 0.025079852893736654 0.06949777868888363
0.0 0.4073412799559538 0.46873765965021974 0.026377418135692554 0.053784223413549215
0.0 0.39092875134758737 0.5429118689928839 0.039884683916277086 0.09772249367506419
0.0 0.32554070871513896 0.5019456674316294 0.05342978570695239 0.09586308077508227
0.0 0.28896580179421777 0.5767122126072625 0.07825032157344258 0.07333599786844758
0.0 0.2823129667310802 0.5029207811538554 0.025808654271037956 0.07117164231714546
0.0 0.25967331270102806 0.508044226098885 0.028660065157085968 0.08961658034404302
0.0 0.2151440014921027 0.507901484177967 0.040814811844472276 0.03901919356764716
0.0 0.21224792218946625 0.5756793318356801 0.016367101035500653 0.01617808858530856
0.0 0.16262328279117544 0.5397418607928358 0.05743819328210942 0.10506933073052221
0.0 0.12637549150356844 0.5184902742469246 0.025906831876129133 0.047265238747838
0.0 0.1490326797778188 0.43227527817629696 0.02197367991810717 0.022257198593395366
0.0 0.1669947072941357 0.4259950498188395 0.013705139303322011 0.017201869631876088
0.0 0.15045320567860818 0.3721725486163646 0.02582853963388404 0.02091421592888909
0.0 0.2686247370673868 0.32234074806942925 0.01619712084143099 0.022245519247578616
0.0 0.41927916146574207 0.3076185661755912 0.017072980424845785 0.02595656558387527
0.0 0.7999575661647285 0.3424706907435167 0.015803308511557645 0.021001150891840736
