0.0 0.016375 0.39416666666666667 0.03275 0.11033333333333334
0.0 0.010500000000000002 0.4633333333333333 0.015500000000000002 0.02200000000000002
0.0 0.05949999999999999 0.5548333333333333 0.03549999999999999 0.05900000000000005
0.0 0.0495 0.49149999999999994 0.08499999999999999 0.0683333333333333
0.0 0.16100000000000003 0.49116666666666664 0.034 0.08566666666666672
0.0 0.226125 0.5235 0.024749999999999994 0.02833333333333332
0.0 0.24575 0.57 0.02350000000000002 0.03400000000000003
0.0 0.257 0.49233333333333335 0.030999999999999972 0.06399999999999995
0.0 0.2743749999999999 0.4665 0.01974999999999999 0.05499999999999999
0.0 0.29275000000000007 0.4771666666666667 0.018500000000000016 0.05300000000000005
0.0 0.292375 0.5351666666666667 0.03325 0.05899999999999994
0.0 0.36725 0.5065 0.033499999999999974 0.07966666666666672
0.0 0.394875 0.434 0.03075 0.07866666666666666
0.0 0.40700000000000003 0.5115 0.02350000000000002 0.06966666666666671
0.0 0.433625 0.48033333333333333 0.03425 0.07533333333333336
0.0 0.50125 0.4105 0.019500000000000017 0.09433333333333332
0.0 0.484 0.3815 0.027000000000000024 0.027000000000000024
0.0 0.551875 0.43766666666666665 0.027249999999999996 0.04933333333333334
0.0 0.515625 0.38283333333333336 0.011249999999999982 0.027000000000000024
0.0 0.6312499999999999 0.45600000000000007 0.035499999999999976 0.07600000000000001
0.0 0.69075 0.45099999999999996 0.015499999999999958 0.02999999999999997
0.0 0.6968750000000001 0.39666666666666667 0.03025 0.058666666666666645
0.0 0.97175 0.5155 0.014499999999999957 0.020333333333333314
0.0 0.9496250000000002 0.4935 0.011750000000000038 0.007000000000000006
0.0 0.9021250000000001 0.47383333333333333 0.015750000000000042 0.017666666666666664
0.0 0.4815 0.5406666666666666 0.01100000000000001 0.03400000000000003
0.0 0.48687499999999995 0.511 0.005749999999999977 0.016000000000000014
