0.0 0.15796258153572224 0.28055050027476425 0.05630860950482597 0.05733056316394147
0.0 0.22008011421543835 0.2799765122591238 0.0452447113770123 0.044662585874984395
0.0 0.257989139367903 0.26812089566617536 0.02291518185435698 0.023027294914006846
0.0 0.2291659711153497 0.32659889161481154 0.10160669211995765 0.10452594371160828
0.0 0.26206302519525315 0.32861900675053124 0.04329163024622534 0.04342099146889827
0.0 0.23805689987907672 0.37865716905950986 0.09233503252437697 0.09402104045987986
0.0 0.29832253351488525 0.3239240704231584 0.07164088131769719 0.07211951784158682
0.0 0.32736412547390176 0.33033633485220554 0.03244556389528308 0.0332734757203893
0.0 0.3013648880199661 0.39242945983514693 0.07613993179136913 0.07781300360460464
0.0 0.33212632002233916 0.391059234466081 0.09112645513269768 0.09492536303852372
0.0 0.3333734873901744 0.3529317022476498 0.045970760973030544 0.04652270218976806
0.0 0.38441819302681823 0.4428408718576496 0.05405627970231669 0.0548669433643999
0.0 0.3905760433771477 0.3943318318065888 0.0764985252746549 0.07654164568221256
0.0 0.3718700846120894 0.41977890565615217 0.034624077125435804 0.03459389284014547
0.0 0.36154284486956983 0.393042586572005 0.03158273497514663 0.03185439354275965
0.0 0.46684737052850916 0.3673551115107297 0.07029389785284923 0.07088033539563277
0.0 0.42988500280737985 0.3816059276122455 0.06953256671970293 0.07103315690270795
0.0 0.4933994881349073 0.35345937640509123 0.03646806014673798 0.03670522238830498
0.0 0.466684510148728 0.5198862103880251 0.09019903671174895 0.09250597851608156
0.0 0.45101196099888163 0.5337318468792209 0.08732776423155825 0.08898789992252643
0.0 0.5802006159745493 0.48618478920679353 0.05482122877566131 0.05562326835623299
0.0 0.5427431828844802 0.549732019573083 0.07729477350283143 0.07863581817787335
0.0 0.6383149435068108 0.5677829268285153 0.05185008525753054 0.053117825239724525
0.0 0.6540458741129829 0.5864606402497979 0.07541750013554915 0.07686203378872936
0.0 0.6769206708318012 0.5612751179595499 0.027486422151335232 0.027279444195058677
0.0 0.6520063222730961 0.5328470935662661 0.02261955112283287 0.02271441601945967
0.0 0.813758305055784 0.6506428522329597 0.08751429685359768 0.09017051395914677
0.0 0.806700997618109 0.6291465092249864 0.03239381940621411 0.033325220209458606
0.0 0.7999501633768468 0.620531985670252 0.08436584778497225 0.08662535714099129
0.0 0.7742156258311892 0.6015835954557525 0.021784403417330123 0.021724034846749563
0.0 0.8771233778070797 0.6152791164476528 0.0507156888803052 0.0509054186735588
0.0 0.8907923638799466 0.6599847398704954 0.05327287648588308 0.0538248177026206
0.0 0.9230054029490116 0.6301874567347457 0.05250231828119223 0.053834738874722454
0.0 0.8932167328744642 0.7276435312204267 0.055464234727778394 0.056197281656257925
0.0 0.8641423125171822 0.7074147589110559 0.029635262975706178 0.029846552972738305
0.0 0.8842653651666299 0.694681220297789 0.043151232981908816 0.04295287910714385
0.0 0.9412983673407935 0.6885780668507653 0.08531932067150383 0.08688890350660117
0.0 0.9176447974537858 0.6738745117162214 0.06853295847544805 0.07005510886223187
