0.0 0.5267565359477124 0.9480698529411766 0.06821895424836599 0.04013480392156865
0.0 0.5012254901960784 0.8975183823529411 0.0106209150326797 0.010723039215686292
0.0 0.528390522875817 0.7162990196078431 0.015114379084967267 0.009803921568627416
0.0 0.5345179738562091 0.6989889705882353 0.04697712418300659 0.02420343137254899
0.0 0.5310457516339869 0.678155637254902 0.009803921568627416 0.008884803921568651
0.0 0.5516748366013072 0.6534926470588236 0.05433006535947715 0.02450980392156865
0.0 0.5447303921568627 0.6329656862745097 0.011846405228758128 0.012867647058823484
0.0 0.4511846405228758 0.5454963235294118 0.08619281045751637 0.053002450980392135
0.0 0.4906045751633987 0.5199142156862744 0.06944444444444448 0.035539215686274495
0.0 0.5343137254901961 0.5010723039215687 0.07761437908496727 0.02420343137254899
0.0 0.48978758169934633 0.48330269607843135 0.05800653594771238 0.04319852941176472
0.0 0.5265522875816995 0.4613970588235295 0.023692810457516367 0.015931372549019662
0.0 0.5116421568627451 0.44485294117647056 0.09027777777777773 0.03492647058823528
0.0 0.49101307189542476 0.4195772058823529 0.055555555555555525 0.023590686274509887
0.0 0.5026552287581699 0.28416053921568624 0.05678104575163401 0.034007352941176516
0.0 0.5332924836601307 0.30790441176470584 0.0625 0.021446078431372584
0.0 0.5053104575163399 0.31924019607843135 0.059640522875817004 0.03982843137254899
0.0 0.4714052287581699 0.3255208333333333 0.03513071895424835 0.023590686274509776
0.0 0.45588235294117646 0.3584558823529412 0.03349673202614378 0.02941176470588236
0.0 0.5049019607843137 0.3616727941176471 0.06699346405228757 0.04319852941176472
0.0 0.48284313725490197 0.38480392156862747 0.031862745098039214 0.023284313725490224
