0.0 0.8397332681681478 0.7971844581484518 0.04960238062630595 0.047862812386138875
0.0 0.7802051136689567 0.7815976124847354 0.03806006142853968 0.03905095472990072
0.0 0.7408877311477097 0.7830833950256667 0.01979721874568119 0.019606380035789295
0.0 0.783630348761843 0.7346704748316232 0.0908817194767838 0.08591257306921718
0.0 0.7527083155933176 0.7241941426428828 0.03729561466206133 0.0370754161506478
0.0 0.7886539367964862 0.6825977169761601 0.08135119954987735 0.07848127895112011
0.0 0.7168277746436497 0.719263401638734 0.0620570375250713 0.06124230303284095
0.0 0.690732130149419 0.7055900371331721 0.02888734164976059 0.027478071176713526
0.0 0.7317143699499699 0.652987823550393 0.06744454965666868 0.06459664890905303
0.0 0.7019531408684674 0.6463071123812829 0.08301901190043437 0.07655251561525533
0.0 0.6908570219328742 0.6824298153800121 0.040134306591127156 0.03919479294242911
0.0 0.6654172731081043 0.5832250541274 0.04740018170584992 0.04602027103432482
0.0 0.646930280371173 0.627996002609841 0.06566587255680156 0.06559247305299698
0.0 0.6714216617811404 0.6085297965352172 0.029657484752425023 0.029708864405088242
0.0 0.6743486469210918 0.636770017997599 0.02743534865531727 0.02697293178134863
0.0 0.5670139848071805 0.6339713521908356 0.06103974521726907 0.06004151196552732
0.0 0.606048616022126 0.6299500615775808 0.061556828972289424 0.05900252623989166
0.0 0.5380228988283425 0.6403573619701615 0.03158120461871938 0.031177507347794564
0.0 0.6067908463026253 0.4882069519017503 0.08031397006542329 0.07638709661188103
0.0 0.6253689804185354 0.4790427766272506 0.07702348844115792 0.07419760754468357
0.0 0.4895249277859629 0.49093591015042864 0.04804521921873883 0.04667998844797461
0.0 0.5418379396803059 0.4399200545600846 0.06801005226927159 0.06572732770095069
0.0 0.4551683666981511 0.3978393945269174 0.046093017671513525 0.04393507225966048
0.0 0.44498262686370943 0.3758988596804777 0.06653242576199048 0.06407354238453877
0.0 0.4165741325060327 0.3940321555809396 0.023309429868566767 0.02366174748682842
0.0 0.43300571388246206 0.4276786217976719 0.019521587859612333 0.019360108951242405
0.0 0.30898302836058333 0.2730595563983212 0.07845839242704278 0.0739369829926837
0.0 0.31014536343481286 0.2954414169778453 0.028975421054325934 0.027389991772148126
0.0 0.31436089261333555 0.3054297493694455 0.07525029387115656 0.07140415987179927
0.0 0.3340389159117476 0.3302275455510499 0.018606615796840975 0.018709375102167303
0.0 0.23922541503414835 0.2904046800296478 0.04374029345476424 0.04341733563802436
0.0 0.2377716772461781 0.24411929266103577 0.046397130238513135 0.04545761658981515
0.0 0.19923867866806116 0.26423535446414376 0.046735207016309455 0.04446716234874948
0.0 0.2530291032633651 0.17881351673317192 0.048508401586310784 0.04726061002163384
0.0 0.2755671797515411 0.20570281030257628 0.02568778759815382 0.025328130029511564
0.0 0.25302362073349915 0.21264786086471532 0.03675574556229619 0.037093383279797054
0.0 0.1969195979526283 0.20366717290207195 0.0751849998113358 0.07251325787285096
0.0 0.2157110239660396 0.2238667211481252 0.06072708814599015 0.05813608566169021
