0.0 0.9846057571137058 0.32285034611268937 0.023586689163045405 0.07898945952163527
0.0 0.7318352826509553 0.3761594854134497 0.015622121986168636 0.02287015466748965
0.0 0.6967195486497246 0.34177362232139996 0.0255077891483122 0.03742236341897659
0.0 0.6971561757107756 0.29619716914754746 0.030112843482715035 0.03795660487756902
0.0 0.6691587967967509 0.38175935445976006 0.024169733721053466 0.06676433673867893
0.0 0.6848807019083201 0.3794895591446528 0.012552457701318187 0.011361000274251576
0.0 0.6217336387770336 0.38469367458244685 0.0299367749209275 0.053865211581178796
0.0 0.5078397767468963 0.4337881528938044 0.04568609946881946 0.07021026484260395
0.0 0.47536397175564427 0.3615298056564804 0.033121335015867726 0.09189990141781268
0.0 0.47758238638926126 0.4201102990257697 0.03213354609014685 0.03352357975505771
0.0 0.45000913088399763 0.38694800440510485 0.03387933232140933 0.09722515219377559
0.0 0.45178140124056443 0.4404325983140701 0.028757624245494717 0.022006032158784883
0.0 0.4419729548258263 0.46276851152296744 0.020674813815767024 0.03973813264883019
0.0 0.4723234170259182 0.48543411708003104 0.018168798650455398 0.037629269959207345
0.0 0.44533003913913644 0.4790225126168839 0.038243404098253 0.0442999793525074
0.0 0.4244023134180681 0.46468032264321546 0.014486619246001697 0.026103329159899546
0.0 0.4065147814202554 0.4494375138130606 0.03935652496366027 0.04025011803396006
0.0 0.3740402891439135 0.44991884992169284 0.04317187980241877 0.0901351600526214
0.0 0.3752280217243269 0.5044410887693999 0.04559657196978045 0.06694351753805439
0.0 0.3309635487066447 0.53323806999767 0.029735338048089532 0.04651503014594205
0.0 0.31833349285402956 0.44143360605082943 0.018131123587771136 0.04742111866982135
0.0 0.27371949174517174 0.47984344389228384 0.016936679724413928 0.026170474784178943
0.0 0.2383086911215193 0.4458743174163376 0.03726345866715053 0.08670894189040834
0.0 0.2196778970989626 0.4314691784199075 0.01992390519706072 0.045838104235756016
0.0 0.0469825835869318 0.4821751517139688 0.018441483398117242 0.0364126329230362
0.0 0.034114909016939865 0.4040669785109996 0.027478509941426088 0.07583182385653958
0.0 0.007459863732240946 0.4042392278751612 0.014919727464481891 0.10946413784715964
