0.0 0.16722038647287427 0.11073202661053073 0.09256881230659869 0.11410462067068058
0.0 0.12246807570737991 0.15909350621093857 0.02618086215461579 0.027985151147524923
0.0 0.10577409246774419 0.2561925292829298 0.06498757742736166 0.07151077609403306
0.0 0.13523657718532256 0.202936978727799 0.11305259598981562 0.10842621395671531
0.0 0.21891755069892885 0.26773895132192027 0.07925399129522143 0.09359577559783233
0.0 0.24881642561874884 0.3299441492331789 0.0378401644575124 0.03883483659462894
0.0 0.23638167297691837 0.3762110466591434 0.040069966524548056 0.042984587205401215
0.0 0.29011764457112876 0.32462101891019146 0.06403016530327554 0.07319040172881419
0.0 0.31819904837762286 0.31541506607901226 0.049093060924463416 0.05887785892447056
0.0 0.3257343052130095 0.3341221965678665 0.046849960610448715 0.056426571418966454
0.0 0.29161504213914824 0.3773313681945488 0.06305031624106316 0.07019807648220311
0.0 0.3644030510602746 0.399550702666015 0.07532295651116411 0.08813803474285187
0.0 0.42738558507718816 0.3613827931698875 0.07237177078931922 0.08567261913448254
0.0 0.3912490650719187 0.4264855183567913 0.0608786862972599 0.07369376452894771
0.0 0.4293680631914518 0.41868284432256947 0.07344054802455408 0.08484457973614634
0.0 0.520745118796737 0.40584850439592407 0.07182574363649463 0.09259819896511501
0.0 0.5247482854459581 0.3740704965909008 0.03899952957754138 0.03899952957754138
0.0 0.5428013522495216 0.45572550039754994 0.05224453993047928 0.058374496124337094
0.0 0.5476498561652835 0.39351956270342997 0.025438701273451825 0.029810632294731798
0.0 0.5915379351282468 0.5157618527147462 0.07490575227229901 0.08614786061273277
0.0 0.6390061370366126 0.5467316754569133 0.030848238552233287 0.03487319092103047
0.0 0.6752915435256135 0.5096226260404356 0.060272827309431065 0.06816080867586721
0.0 0.811776368720219 0.7589681522982004 0.024347487100090603 0.025966720811675614
0.0 0.8080453865367887 0.7295872669020383 0.01420076276525195 0.012882243885818268
0.0 0.7839533559706836 0.6871491486284027 0.023867951182161784 0.024399985115968192
0.0 0.4300150479274675 0.49178923148110265 0.029307404378445312 0.035691811584123545
0.0 0.45134780880821346 0.47271197565524326 0.014285531382442429 0.017130756332799035
