0.0 0.006280637254901961 0.30821078431372556 0.012561274509803922 0.032271241830065356
0.0 0.03661151960784314 0.3433415032679738 0.041360294117647065 0.08374183006535951
0.0 0.10447303921568629 0.2583741830065359 0.03247549019607844 0.06495098039215685
0.0 0.14690563725490197 0.24080882352941185 0.055453431372549 0.10089869281045749
0.0 0.1643688725490196 0.3545751633986927 0.03768382352941177 0.08823529411764708
0.0 0.20067401960784315 0.3641748366013072 0.02573529411764705 0.02083333333333337
0.0 0.21783088235294118 0.33578431372549017 0.01654411764705882 0.023692810457516367
0.0 0.20526960784313725 0.30106209150326807 0.022671568627450983 0.04738562091503262
0.0 0.19439338235294118 0.26695261437908496 0.02113970588235295 0.024918300653594794
0.0 0.28201593137254904 0.4180964052287581 0.014399509803921573 0.02573529411764708
0.0 0.27083333333333326 0.3878676470588235 0.019607843137254888 0.06576797385620914
0.0 0.2962622549019608 0.440359477124183 0.005514705882352922 0.014705882352941124
0.0 0.37423406862745096 0.4152369281045751 0.014399509803921573 0.027369281045751648
0.0 0.38434436274509803 0.36376633986928114 0.01746323529411764 0.046160130718954195
0.0 0.36458333333333326 0.3400735294117647 0.02144607843137253 0.051062091503268014
0.0 0.37974877450980393 0.28063725490196073 0.04197303921568629 0.09068627450980393
0.0 0.4077818627450981 0.2988153594771242 0.009803921568627472 0.020016339869281086
0.0 0.43060661764705876 0.3361928104575163 0.03400735294117646 0.08660130718954251
0.0 0.5045955882352942 0.36131535947712423 0.024509803921568596 0.06331699346405228
0.0 0.4909620098039216 0.4330065359477124 0.010723039215686292 0.016339869281045805
0.0 0.5111825980392157 0.42238562091503273 0.011335784313725505 0.015522875816993409
0.0 0.5376838235294117 0.42340686274509814 0.03308823529411764 0.03799019607843135
0.0 0.5261948529411764 0.36478758169934644 0.028492647058823484 0.07271241830065356
0.0 0.5597426470588236 0.29963235294117646 0.019607843137254943 0.029820261437908502
0.0 0.5954350490196079 0.3257761437908496 0.02787990196078427 0.06413398692810457
0.0 0.586703431372549 0.3850081699346405 0.02450980392156865 0.05759803921568629
0.0 0.6222426470588236 0.40870098039215685 0.02941176470588236 0.04861111111111116
0.0 0.6049325980392157 0.39501633986928103 0.011335784313725505 0.021241830065359513
0.0 0.6265318627450982 0.443014705882353 0.023284313725490224 0.04125816993464049
0.0 0.6135110294117647 0.36049836601307195 0.03523284313725494 0.049428104575163445
0.0 0.6369485294117647 0.3531454248366013 0.006740196078431349 0.014297385620914982
0.0 0.6403186274509803 0.3394607843137255 0.013480392156862697 0.008986928104575131
0.0 0.647671568627451 0.3923611111111111 0.01899509803921573 0.018382352941176516
0.0 0.7207414215686274 0.42504084967320266 0.011335784313725505 0.01593137254901955
0.0 0.7184436274509803 0.3784722222222222 0.02757352941176472 0.05923202614379086
0.0 0.8131127450980392 0.34436274509803927 0.020220588235294157 0.039215686274509776
0.0 0.8203125 0.4089052287581699 0.03155637254901966 0.07434640522875813
0.0 0.8454350490196079 0.42177287581699335 0.0376838235294118 0.08700980392156865
0.0 0.8814338235294117 0.41421568627450983 0.012867647058823484 0.039215686274509776
0.0 0.8946078431372548 0.4050245098039216 0.009191176470588203 0.014297385620914982
0.0 0.9064031862745097 0.457312091503268 0.016237745098039214 0.014297385620914982
0.0 0.900735294117647 0.4993872549019608 0.012867647058823484 0.01593137254901955
0.0 0.9517463235294118 0.4812091503267973 0.020526960784313708 0.02941176470588236
0.0 0.9905024509803921 0.46956699346405223 0.016544117647058876 0.030637254901960786
0.0 0.9911151960784313 0.4019607843137255 0.014705882352941124 0.014705882352941124
0.0 0.9546568627450982 0.4428104575163398 0.02573529411764708 0.03104575163398693
0.0 0.9555759803921569 0.3888888888888889 0.04227941176470584 0.09640522875816993
0.0 0.22564338235294118 0.4901960784313726 0.011335784313725478 0.014705882352941124
