0.0 0.9868455688243216 0.5060650400710958 0.026308862351356765 0.09714602097388142
0.0 0.9611521811739501 0.6088486202153832 0.050769620504640844 0.07554373569649697
0.0 0.9235223777964403 0.6376879129819412 0.08402112398470285 0.11868930404877864
0.0 0.8757515333841391 0.5288920835273561 0.062345286758960006 0.10090876795383086
0.0 0.8369842111840438 0.5290056518609517 0.03205784225122954 0.028318353165666332
0.0 0.8274494505958709 0.5618964044543662 0.02335686486004107 0.0288102864431542
0.0 0.8492410389523459 0.5931721044191804 0.03598792176346577 0.05484117923651355
0.0 0.8691886900107062 0.624286341797009 0.028415826446759218 0.0312983492835478
0.0 0.7414771683228535 0.49693525266266925 0.02169358942775612 0.030341157938121144
0.0 0.7606948941935168 0.5240976307410297 0.03773808468762774 0.07295160691001462
0.0 0.7213295092091824 0.4785342582874256 0.009602218776742166 0.016613760812173084
0.0 0.6502740464456283 0.524392722939178 0.022129572745371084 0.032023637617590306
0.0 0.6539248596264398 0.5784202819121111 0.030298030296946443 0.052189622652014434
0.0 0.6799536375925088 0.5967756634847156 0.03570702446849727 0.05829977102710826
0.0 0.680688538784665 0.6600959608291089 0.06741577089398931 0.1045769436817734
0.0 0.647881754341319 0.6494473782514143 0.015435673717597131 0.02322627597918714
0.0 0.6151462641738454 0.6182622268395052 0.058123724162539525 0.098245325809728
0.0 0.5346562718849295 0.612950210725932 0.04213154874961311 0.07173583734365518
0.0 0.5291238198524719 0.537817240076281 0.015401106072665205 0.019685937316539892
0.0 0.5117923887688572 0.5538044202752166 0.015814044293658736 0.019008191220910575
0.0 0.48509110511865716 0.5598570740689885 0.044206825643796854 0.04794631472936006
0.0 0.5121895763245159 0.6152506330337552 0.048739497044604674 0.08247280483728958
0.0 0.4961183076300414 0.6891790662785588 0.02814645170010155 0.035937053961691556
0.0 0.4535477247223719 0.6726302405195947 0.045819654747325966 0.07347629277597056
0.0 0.44645108242051856 0.6112303176160686 0.040605607137961464 0.06584715846551292
0.0 0.4046872420850904 0.5970848999541823 0.04325513792948754 0.05790147018127656
0.0 0.42560134069766403 0.606113440243033 0.017339985905310606 0.024896870099052948
0.0 0.39125409973224623 0.5640094146994603 0.034983914202211086 0.0486953741826095
0.0 0.4262565029164121 0.6428259842517305 0.04946696344640411 0.06029590059001422
0.0 0.40484498568536853 0.6564124645630813 0.010755082706940311 0.016520128380516863
0.0 0.40513545886237423 0.6709589187154945 0.016278365602502676 0.012850500607403226
0.0 0.38368765435528096 0.620165100555259 0.02446363859699674 0.023996202461301408
0.0 0.3020978447973107 0.6070713090984556 0.015923040123062393 0.01942881114077788
0.0 0.3168148832866189 0.6528995566870426 0.04419623985458104 0.06834710686551027
0.0 0.23150566082567262 0.7121755914870542 0.03128428565618774 0.045774805862745294
0.0 0.20710424277639267 0.6497305626085466 0.05233012976122453 0.0849727532372867
0.0 0.17861698843585624 0.6436013280680767 0.06201829927074903 0.09964690819422883
0.0 0.14473302626235468 0.6607431202613501 0.023713127098576092 0.04381288093347824
0.0 0.1340474191835022 0.6734242915087612 0.013278802226144248 0.01717410335693914
0.0 0.10833284814176292 0.6244268733765668 0.020534495843855333 0.019054281414153218
0.0 0.10275867875848478 0.5809543899252989 0.01750036482256473 0.019837545501041887
0.0 0.05673738375921532 0.6126936654926111 0.028983850690399215 0.03576167465798252
0.0 0.02119356315500842 0.6346449820895335 0.025209793959904164 0.035960825080898484
0.0 0.03862130253804597 0.7022299081217674 0.01906616697375653 0.019066166973756404
0.0 0.06408040740260236 0.6517640047957474 0.034782737986322254 0.03883385116234905
0.0 0.07755125130897779 0.7057834391402016 0.06925717744554144 0.11054736943196863
0.0 0.7784578796944993 0.40999121310613756 0.01559605263485131 0.018166951381175966
