0.0 0.4790262457401342 0.723672811715647 0.06825261658938525 0.06697566247035114
0.0 0.44896533936477 0.6577164731660525 0.11258831622007076 0.12218911941132815
0.0 0.4729237626361458 0.6435386536553764 0.1055906826531891 0.1124483992183728
0.0 0.5105048888397776 0.6751408800607965 0.054980011189875444 0.054112943578185635
0.0 0.5377669898257824 0.5412866482637517 0.03728093386934461 0.03745434739168241
0.0 0.5248848939293298 0.5069678523192753 0.03517711872350504 0.03632795391720245
0.0 0.5682706240467654 0.4969880084280879 0.0735294078617762 0.07829039729323711
0.0 0.5881813380618894 0.4715174175093021 0.02052093812528566 0.0213249462743072
0.0 0.5465968593547593 0.437457560242945 0.07485146228959705 0.08152000046677566
0.0 0.6552680917774142 0.4531263414989224 0.027354440470160668 0.02990834870822917
0.0 0.6688645190630275 0.46693689651275094 0.016466012616721315 0.01862579921311258
0.0 0.6851826168231197 0.4513075162965973 0.08135208611512057 0.08471000250221039
0.0 0.7147072182399798 0.43242344626139584 0.06902998873097455 0.07398015655044043
0.0 0.7198896818928904 0.40416503059134806 0.04738298492942661 0.04776134170543678
0.0 0.7244613309520449 0.3689092500882536 0.06323817841368906 0.06817258136748788
0.0 0.7383456572895979 0.34084502673021216 0.06784240228382321 0.07017560240255238
0.0 0.7127099655267886 0.31622054504689545 0.0522220929431334 0.05598989583756764
0.0 0.7687998182269606 0.30154534549433626 0.09116015404786515 0.09751339491170208
0.0 0.8443611347193984 0.3467996660098165 0.0630922839941277 0.06714385447056964
0.0 0.878987134521492 0.3334171510504267 0.06572935498730681 0.06289167916723076
