0.0 0.20615976382709836 0.20139083204382574 0.08686502333736729 0.07701745970657628
0.0 0.25959921255284535 0.23071298034672205 0.06968520339219686 0.06377666521372224
0.0 0.27588068724797576 0.27784231255172 0.025750451569018784 0.025141177847977092
0.0 0.29914591475793795 0.21119870271532282 0.024271319369794375 0.023761229742875756
0.0 0.32799101256630575 0.20870529504081747 0.02300977432385276 0.023307326606221923
0.0 0.3050277485532471 0.3361744645002653 0.05423754053621682 0.05120534108731134
0.0 0.3383721699229334 0.36039424612913024 0.09811261554079209 0.08601215605777679
0.0 0.46214408831423964 0.5751049388429816 0.04132462686998173 0.037357263105058824
0.0 0.48952708212707785 0.5391913998923141 0.015523038619431384 0.015126302242939094
0.0 0.5024321463208887 0.54726390543828 0.0251492872338005 0.024369983637119175
0.0 0.5070935982149744 0.48644367038328684 0.03305907770382732 0.03167050038610425
0.0 0.5245031248543872 0.4865105060096667 0.017366009208756417 0.01671422801880479
0.0 0.6062666653988169 0.6454758535324459 0.07080453704830714 0.06585950149845665
0.0 0.6700856078599 0.6671718692507056 0.029448051845530454 0.026132469270559122
0.0 0.6662168786704515 0.7176106054927942 0.049084126256204286 0.04446498130132959
0.0 0.7470357418051481 0.7274495696028136 0.09727054585656747 0.08868403713676987
0.0 0.8016158224592355 0.7410047737438827 0.023547682436579676 0.024256140251744385
0.0 0.7718995072219885 0.7802869627989962 0.0680400811643197 0.06347761283465814
0.0 0.7447439699583507 0.8183478492861105 0.013577334223945026 0.014441652758446
0.0 0.8086983733741382 0.7970096343466491 0.06046631059858543 0.054926170483996284
