0.0 0.010794232213160712 0.7014207019589501 0.021588464426321424 0.06958310323247896
0.0 0.01100656802065153 0.6439531828713159 0.02201313604130306 0.06890017193130327
0.0 0.08854364537881021 0.6421616848882379 0.019914170857819546 0.023703998147551864
0.0 0.11133195416484915 0.6402052540814018 0.022725043191619054 0.03373011859064945
0.0 0.2983429394906821 0.5674203120334069 0.04416583709631383 0.06515564977790822
0.0 0.4333418709356193 0.5534439444878649 0.0409635207894925 0.04737707466442409
0.0 0.8492352077866835 0.513693838515979 0.05389823989593512 0.06053043765296662
0.0 0.8419822670132138 0.45262971448238054 0.09746725748512386 0.10985707747078705
0.0 0.9472906663014757 0.4732389465161547 0.03483987612617101 0.034038181891804686
0.0 0.9856468049993284 0.4745599814734746 0.025125164457212135 0.02760312845434465
