0.0 0.1742657825670802 0.25812663471057784 0.03729319377606555 0.03409635518347137
0.0 0.13364165867911332 0.2489570512772717 0.025148952043589273 0.03481266347275269
0.0 0.14277275087557972 0.25536023853047085 0.014871378448912259 0.013934930780374555
0.0 0.2568716077840142 0.29575089265810617 0.0392602974334183 0.053307012461483616
0.0 0.23590476356418813 0.3031441975825373 0.016456910949045278 0.01542358938376226
0.0 0.3142326623951953 0.2847567467187855 0.06059665073380671 0.06259871126654243
0.0 0.2918228459266945 0.32266659169188416 0.05125133125323572 0.061810585998470946
0.0 0.32146854710625494 0.35218166484869345 0.03781775498960227 0.04666557089233769
0.0 0.3305656818930929 0.37504379652201114 0.0517608822436782 0.06813257079363022
0.0 0.22137059770565568 0.2646095376637589 0.019123165217405924 0.019930447690283182
0.0 0.4459967352201453 0.32915705489162733 0.020310932166000772 0.023410896861849495
0.0 0.5212936785494884 0.3982643640391745 0.042854802896615474 0.05028180164708662
0.0 0.5963130698288857 0.4055708214455179 0.043385288539913525 0.04474152309434731
0.0 0.565923706168659 0.4498733663006851 0.03462140980168482 0.03904531775305253
0.0 0.6126390490112443 0.4993810314281742 0.048320031525096674 0.05574703027556793
0.0 0.617185151656606 0.4645838099051976 0.009451969937196547 0.009904048122007958
0.0 0.6635136967579636 0.4988237642318879 0.06685148603560309 0.08218985302027204
0.0 0.6441967320805102 0.556581298961621 0.07581365546398866 0.09987067315573273
0.0 0.7056780879926924 0.49605597072359636 0.052103347161376545 0.04900338246552749
0.0 0.7316928936563215 0.5742794290215015 0.05283212349483146 0.0554477187069542
0.0 0.8950498511282318 0.6582642038306371 0.06456719764820362 0.08675132000287222
0.0 0.8812226796222047 0.7025786181798446 0.04058631417979286 0.04378315277238698
0.0 0.6688284653896662 0.4021053895912385 0.021361238764298518 0.022588308123071887
0.0 0.4374258184684659 0.39553421637381825 0.014590928042298223 0.014784675835788796
