0.0 0.031125 0.48650000000000004 0.025249999999999998 0.03433333333333338
0.0 0.079 0.4826666666666667 0.024499999999999994 0.04133333333333339
0.0 0.119625 0.49083333333333334 0.045249999999999985 0.06633333333333336
0.0 0.20325 0.4638333333333333 0.04300000000000001 0.08766666666666673
0.0 0.28012499999999996 0.4873333333333333 0.009749999999999981 0.01266666666666666
0.0 0.284875 0.5053333333333333 0.012249999999999983 0.016666666666666663
0.0 0.2996249999999999 0.4119999999999999 0.012749999999999984 0.033999999999999975
0.0 0.345125 0.48383333333333334 0.023749999999999993 0.044999999999999984
0.0 0.350875 0.5158333333333334 0.010249999999999981 0.012333333333333307
0.0 0.447125 0.488 0.03325 0.08533333333333332
0.0 0.522375 0.504 0.03275000000000006 0.05400000000000005
0.0 0.51675 0.5418333333333334 0.007499999999999951 0.015000000000000013
0.0 0.5618750000000001 0.5441666666666667 0.015750000000000042 0.025666666666666615
0.0 0.559625 0.4715 0.05125000000000002 0.04966666666666664
0.0 0.5434999999999999 0.43633333333333335 0.015499999999999958 0.014666666666666661
0.0 0.659625 0.4816666666666667 0.03125 0.061333333333333295
0.0 0.982 0.47733333333333333 0.014499999999999957 0.029333333333333322
0.0 0.980375 0.407 0.006750000000000034 0.020000000000000018
