0.0 0.8912377450980392 0.5179738562091503 0.053308823529411686 0.06454248366013082
0.0 0.828890931372549 0.4993872549019608 0.023590686274509776 0.024101307189542398
0.0 0.7037377450980392 0.5044934640522876 0.025122549019607865 0.06209150326797386
0.0 0.6750919117647058 0.5545343137254901 0.029718137254902022 0.07066993464052285
0.0 0.6354166666666667 0.4887663398692811 0.04534313725490191 0.10253267973856217
0.0 0.556219362745098 0.5275735294117647 0.024816176470588314 0.04452614379084974
0.0 0.4428615196078432 0.4266748366013073 0.019914215686274495 0.03308823529411764
0.0 0.4235600490196079 0.4581290849673203 0.019914215686274495 0.07066993464052285
0.0 0.3152573529411765 0.4803921568627451 0.017769607843137303 0.03513071895424835
0.0 0.17738970588235292 0.40482026143790856 0.037377450980392135 0.11029411764705876
0.0 0.08318014705882343 0.4732434640522876 0.011335784313725505 0.032271241830065356
0.0 0.7310049019607844 0.516952614379085 0.02757352941176472 0.05514705882352944
