0.0 0.9872549460628346 0.6611008196824446 0.025490107874330925 0.07742787274566565
0.0 0.762831369576151 0.5746668897616106 0.024406655686713852 0.027214278654618118
0.0 0.7512745620379306 0.5273327763242541 0.03988931373677407 0.044504584368945554
0.0 0.7755064186174923 0.4891936263485944 0.04412383997575342 0.04716222647526647
0.0 0.707136073946311 0.5465630069825457 0.05272479512637562 0.06922438763638916
0.0 0.721559783602057 0.552884365575955 0.016265604171695314 0.015804077108478087
0.0 0.6656755609591395 0.5242009252659597 0.051557769562252664 0.06082677141519732
0.0 0.5440895616616797 0.5058943159738284 0.0729628318134069 0.08246259719796001
0.0 0.5545855477846081 0.42806018067651924 0.07244693789232493 0.09521560634437154
0.0 0.5257797472253964 0.47853677021627944 0.0437562593916071 0.04429470763202714
0.0 0.5199317758789725 0.43618201498765025 0.0756413827629352 0.10017923829064757
0.0 0.4934186604727565 0.48213510144771055 0.035346532248422324 0.03273121222352504
0.0 0.47346627557931253 0.495802413946296 0.03681685458500822 0.044201287596482786
0.0 0.48714836377645243 0.530774880995178 0.033645490477262285 0.04118376584314254
0.0 0.4677816221738802 0.5112433751342168 0.05417528355532425 0.056521379460011456
0.0 0.45767368242180784 0.48821167544132654 0.024967087705910884 0.02946697657227826
0.0 0.4505966518331037 0.46601368089728396 0.053206067903161236 0.05355221320057424
0.0 0.4230065130273194 0.4494149147495085 0.08029127453940327 0.09848313294787958
0.0 0.39545799297381556 0.4959354553283121 0.07132769728154403 0.07959672383085137
0.0 0.34311630006430394 0.4970003873346987 0.047878716865561055 0.054378556339202855
0.0 0.3805536404308631 0.4131031155959769 0.03828221844468471 0.04962809208210661
0.0 0.3228843147279235 0.4220774532062338 0.027116492731242503 0.03069332747117559
0.0 0.3108609028201801 0.374939662643902 0.07355130307237784 0.09270467619589001
0.0 0.3027195572159096 0.3530576669187282 0.039076704947752006 0.0491149185727251
0.0 0.13078874773472032 0.3053186360530631 0.03330099065598005 0.04026235719283883
0.0 0.16085453714302272 0.2328269372920818 0.05990817137066334 0.07863847801955975
0.0 0.136644251158483 0.21796953605513988 0.068543747665582 0.10361980447008606
