0.0 0.9063889012557039 0.5759843633794566 0.04200947874634986 0.03467484963435219
0.0 0.8313856239638882 0.583939836904003 0.0279051673577152 0.039193619975399274
0.0 0.8113908708555468 0.5589740896779629 0.017155666712179163 0.018244400720991427
0.0 0.8168489343064642 0.5113884464584771 0.030548225804518547 0.04642082161720135
0.0 0.7546176173528656 0.6000187485221468 0.034531623990757265 0.06341172611924861
0.0 0.6742785532018518 0.603587486301304 0.03115795330662674 0.04628562585012219
0.0 0.6509961109255351 0.5723185257071415 0.02554952105243391 0.03746829335943025
0.0 0.6254573622751194 0.5776368280068089 0.031630686895486204 0.04125738760498332
0.0 0.6333959675860452 0.5332480072590497 0.018305282328269 0.015955908940831987
0.0 0.7444484425163778 0.49802313816710675 0.03504731538769568 0.04467401609719285
0.0 0.6761494828847472 0.5102189606220261 0.04950085666696313 0.07454173886964316
0.0 0.6812529961440197 0.45818525669145616 0.029506037658624695 0.0387316258385596
0.0 0.6370759268277286 0.44775536183100256 0.022576092656029445 0.0384486884687123
0.0 0.7159941382991574 0.3979699508730147 0.022984356582772092 0.029688666005457665
0.0 0.5725709672154942 0.4705784536459864 0.021829371240672635 0.03369084175773163
0.0 0.5459873785061784 0.4556127760746216 0.0372847947707613 0.0598043982161921
0.0 0.46865931435863883 0.48915668057142425 0.036113667300633756 0.04465163400131872
0.0 0.4883667541754536 0.4378240471476277 0.024719535933925563 0.03497655633273494
0.0 0.39858089161127264 0.4766880603277668 0.02232358373357174 0.021807867624134336
0.0 0.343630256732397 0.3931830043233352 0.038289361884587425 0.05519338991614492
0.0 0.3284675656448425 0.4516139165396992 0.058085402180565016 0.08152183426499543
0.0 0.31013402635502474 0.5047394744630043 0.02337919619449008 0.025212853472489527
0.0 0.30356542607658304 0.4396476375154522 0.013046047014710127 0.01722907768014631
0.0 0.2446111576889359 0.4483382062865003 0.02344903558261685 0.027230953718490714
0.0 0.23352454198628822 0.4819363584893146 0.03207388699129138 0.045654411206474954
0.0 0.2223157155919181 0.5125973403025406 0.022452523057805623 0.02927143606036603
0.0 0.23820103022778213 0.385546503762962 0.02697040668201728 0.021526736637956456
0.0 0.2112964191643849 0.40570823587352345 0.04191279072817389 0.04122516924892411
0.0 0.16047815941852325 0.3863701253511299 0.017811069835369897 0.027838883074429388
0.0 0.1906678571618874 0.3029050142583496 0.028772740558292598 0.02968956919729221
