0.0 0.22774845639327948 0.8809580489331665 0.04601815649939506 0.044545449842889884
0.0 0.32907219298439616 0.7453395513891795 0.09257293894950142 0.09057879548638659
0.0 0.3519593684125715 0.6613866896622776 0.06998285265473214 0.06781959455163578
0.0 0.3933815783449811 0.6479573884552039 0.08357615371396915 0.08243462989409434
0.0 0.4755608918929486 0.6569637157643021 0.09768761337150705 0.09221252690210702
0.0 0.48736331065227917 0.6147317129773662 0.09518340119085755 0.09228731298117498
0.0 0.5255251622985833 0.5757926234336107 0.049985899762347574 0.04948560228573595
0.0 0.559297527519415 0.603126668579351 0.0368988674936197 0.03584894743706801
0.0 0.4938331792210137 0.5001703496499531 0.03661483837344559 0.03559310409022415
0.0 0.4934174126543913 0.5343305618054356 0.025430377496510836 0.025317634403190015
0.0 0.5121313647315314 0.5344023939195567 0.035378985992657264 0.03439953036943133
0.0 0.5574150995581884 0.4769902937707632 0.038940196365192414 0.03853150265190386
0.0 0.5725347328949998 0.5527334322205097 0.02217596411430134 0.021823641947673167
0.0 0.6136524228639609 0.36886433880949654 0.029015430868632786 0.028346018752039515
0.0 0.6832937891584225 0.3872205877908318 0.04787626728032057 0.045656637630563934
0.0 0.738641015269417 0.3851768583650308 0.10514718826710501 0.1016239666008244
0.0 0.7490655670878721 0.3424754475444023 0.04153548002644769 0.03998526249328427
0.0 0.8427931215624819 0.24670397673263675 0.044950343629152956 0.04466848589585043
0.0 0.8880166479414509 0.2561848374272462 0.06507087542121581 0.062069090561544804
