0.0 0.026194852941176468 0.2265114379084967 0.04258578431372549 0.059232026143790834
0.0 0.2575061274509804 0.5220588235294118 0.030943627450980365 0.07107843137254899
0.0 0.2853860294117647 0.528390522875817 0.04136029411764708 0.10825163398692805
0.0 0.3782169117647059 0.46200980392156865 0.015625 0.021241830065359457
0.0 0.4033394607843137 0.5140931372549019 0.042585784313725505 0.08782679738562088
0.0 0.4027267156862745 0.588031045751634 0.02236519607843135 0.05433006535947715
0.0 0.6265318627450981 0.4883578431372549 0.033700980392156854 0.047794117647058765
0.0 0.6363357843137256 0.5075571895424836 0.01715686274509809 0.05759803921568629
0.0 0.6513480392156863 0.5095996732026143 0.01409313725490191 0.03553921568627455
0.0 0.6717218137254901 0.5285947712418301 0.032169117647058765 0.08578431372549017
0.0 0.7280943627450982 0.48794934640522875 0.04013480392156865 0.03145424836601307
0.0 0.7406556372549019 0.5316584967320261 0.03462009803921573 0.05596405228758172
0.0 0.7477022058823528 0.5486111111111112 0.02604166666666663 0.04575163398692805
0.0 0.7636335784313726 0.5547385620915033 0.02420343137254899 0.044117647058823484
0.0 0.7754289215686274 0.5424836601307188 0.025122549019607865 0.03676470588235292
0.0 0.7870710784313726 0.5073529411764706 0.028799019607843146 0.05555555555555558
0.0 0.8146446078431373 0.5134803921568627 0.056372549019607865 0.06699346405228757
0.0 0.8167892156862745 0.45710784313725494 0.014705882352941124 0.012254901960784326
0.0 0.8455882352941178 0.5194035947712419 0.026960784313725505 0.06821895424836599
0.0 0.8630514705882353 0.5010212418300654 0.028799019607843146 0.05678104575163401
0.0 0.9018075980392157 0.5631127450980392 0.03278186274509809 0.05433006535947715
0.0 0.9580269607843137 0.4852941176470589 0.04166666666666663 0.06862745098039219
0.0 0.9652267156862744 0.5212418300653595 0.047487745098039214 0.04575163398692811
0.0 0.9880514705882353 0.4973447712418301 0.023284313725490224 0.06740196078431371
