0.0 0.248875 0.442 0.047250000000000014 0.04533333333333334
0.0 0.265375 0.41566666666666663 0.03025 0.04199999999999998
0.0 0.00975 0.46066666666666667 0.0195 0.057999999999999996
0.0 0.046125 0.4755 0.01475 0.030333333333333323
0.0 0.05650000000000001 0.44966666666666666 0.028000000000000004 0.028666666666666674
0.0 0.076125 0.5036666666666667 0.011749999999999997 0.013333333333333364
0.0 0.40575 0.5043333333333333 0.026000000000000023 0.05266666666666664
0.0 0.3995 0.45566666666666666 0.017000000000000015 0.03466666666666668
0.0 0.4191250000000001 0.3886666666666666 0.03875000000000001 0.04999999999999999
0.0 0.48075 0.46016666666666667 0.029500000000000026 0.05033333333333334
0.0 0.46725000000000005 0.5021666666666667 0.017500000000000016 0.02366666666666667
0.0 0.525625 0.3793333333333333 0.028249999999999997 0.045999999999999985
0.0 0.567 0.36466666666666664 0.019000000000000017 0.031333333333333324
0.0 0.5991249999999999 0.3898333333333333 0.024249999999999994 0.02300000000000002
0.0 0.922 0.5058333333333334 0.03849999999999998 0.08033333333333337
0.0 0.944625 0.4298333333333334 0.03025 0.04366666666666669
