0.0 0.8433870290502655 0.5189092589408459 0.07754836173402402 0.11010434158918703
0.0 0.7973678296505633 0.4610276423710514 0.035614739939903384 0.03584853512737329
0.0 0.8066260069678314 0.5313834554841125 0.07605637419066835 0.10925529081137325
0.0 0.6789106886369881 0.5942352019467607 0.02234325359185152 0.02731140132558396
0.0 0.6848941410418612 0.4551637560716075 0.03648487283034907 0.052967433546966425
0.0 0.6401675179103549 0.6156527211948102 0.060426518924499684 0.09543734824809524
0.0 0.5944578207992732 0.5963361921981165 0.06628322138445952 0.09118240884998796
0.0 0.5417483039072464 0.5497250879794737 0.05378405723811275 0.09148353121761021
0.0 0.5854472194878501 0.6533484625434836 0.014588792570017661 0.017569681210256927
0.0 0.5385486111960767 0.6250486484768492 0.02030628202823559 0.026268059308713898
0.0 0.4422255415223042 0.6062498586273671 0.02179342681707197 0.0337754301748967
0.0 0.45653954483052467 0.6272557999138154 0.028739006078718266 0.04925453377918898
0.0 0.5075153646964007 0.6223966444439666 0.008817555012910594 0.011389302075077823
0.0 0.43041247149380985 0.5240045971816559 0.03861699480585612 0.030258816853812487
0.0 0.3777249029837113 0.5012338781049872 0.022334659321648354 0.021282580978034482
0.0 0.5206900906576986 0.4221701083621687 0.022097635631165957 0.025955256224416856
0.0 0.2504721849152697 0.7338611630357755 0.03801232869335258 0.058586305190690746
0.0 0.22298973341538034 0.6888240403476492 0.0483315567586568 0.05750801786684456
0.0 0.18754181483141336 0.7024201218592669 0.02124469128112705 0.02089399849992235
0.0 0.19046874379624934 0.6550531247883714 0.028543384701237406 0.03269324927882544
0.0 0.0794399829425785 0.7039718699289297 0.04506649539161203 0.04968395034413964
