0.0 0.04090073529411764 0.5165441176470589 0.06341911764705882 0.047794117647058765
0.0 0.06832107843137254 0.4693627450980392 0.036151960784313736 0.05555555555555558
0.0 0.15196078431372548 0.4934640522875817 0.013480392156862753 0.018790849673202548
0.0 0.17264093137254902 0.4979575163398693 0.013174019607843146 0.028594771241829964
0.0 0.35784313725490197 0.48468137254901966 0.02573529411764708 0.05514705882352944
0.0 0.4810049019607843 0.5091911764705883 0.028186274509803932 0.037173202614379064
0.0 0.8595281862745099 0.5876225490196079 0.0376838235294118 0.04697712418300659
0.0 0.8697916666666665 0.5316584967320261 0.06801470588235292 0.08537581699346397
0.0 0.9572610294117647 0.5786356209150327 0.02604166666666663 0.024918300653594794
0.0 0.9908088235294118 0.5902777777777779 0.017769607843137303 0.021241830065359513
