0.0 0.9458044464518958 0.5264894697898221 0.03692539484179991 0.04231520560746349
0.0 0.911045142020626 0.565401055650123 0.03481129112900316 0.06723570827482062
0.0 0.7549451039540191 0.5424105835967447 0.026247819745257472 0.034375312169670824
0.0 0.6635280921552174 0.5210246247151218 0.04387055485376212 0.03548640477384091
0.0 0.6529232984355019 0.4970925006274124 0.013439774142325556 0.0221661344295902
0.0 0.6372776730750731 0.5498707890602678 0.02314713320007067 0.029563574587765373
0.0 0.6284548504149333 0.5041030601449998 0.022603011262551265 0.029874978168605515
0.0 0.614324046833026 0.4606246481462768 0.021032258703001072 0.03121301237147661
0.0 0.4441660767232696 0.6059442262285368 0.05060719411065423 0.08739479140010409
0.0 0.4139186926123777 0.5736432262227678 0.04124794910758672 0.051257597672390576
0.0 0.4171289366149414 0.5140089238863359 0.03335336773592068 0.06543557467439443
0.0 0.4455164680297259 0.5148277389308575 0.04294192817315173 0.05072721039022132
0.0 0.39154105270069417 0.5324189601732636 0.02431335712170951 0.05853437785608151
0.0 0.362789811221912 0.5075776552115596 0.05238281032404707 0.0718887921426391
0.0 0.3661762277844962 0.5585076752055852 0.022484983426310112 0.031040238609903126
0.0 0.3443771735380632 0.5642726203998124 0.018178025169843404 0.028016568630975458
0.0 0.37518071690463556 0.45988130397539956 0.033455028778568985 0.03508052726345168
0.0 0.3179404715404197 0.5587927635901 0.025180370549312492 0.04288974877934992
0.0 0.2461646069743171 0.5102381890906256 0.058440933013585716 0.09608405582139495
0.0 0.266274208450754 0.4414054151219635 0.04114031861089207 0.056368672837687595
0.0 0.1555604079626344 0.5150093622773287 0.020246882423225754 0.03188202947291224
0.0 0.10753625561071958 0.47937624063545886 0.05831250783779779 0.09330350153869305
0.0 0.08999525606011144 0.4064518329483975 0.027587715302098692 0.03734070621139468
