0.0 0.9834854716927266 0.4336368275964188 0.026898188768196385 0.026898188768196385
0.0 0.9890333190971716 0.5022616833526297 0.018658926082020244 0.028861207408459988
0.0 0.7796325973329803 0.3282052994367731 0.023104292790222303 0.02811434165588489
0.0 0.6924633575601579 0.2715013321622002 0.019804971161127893 0.025361570812135248
0.0 0.6446532654588488 0.44378729767493535 0.06733264683124596 0.11187653583686241
0.0 0.6842664467359528 0.5320965881531446 0.038252123209477684 0.06384891832313455
0.0 0.6546051639990148 0.5386508214540033 0.033051332898115904 0.05728175104841038
0.0 0.20442989416975482 0.48617536604526024 0.053854494143562914 0.08355042014730718
0.0 0.1747027582500309 0.5099845323106074 0.044299380322561865 0.09904555065461818
0.0 0.12010480617823752 0.5166503092630296 0.05551899877638239 0.05879830348845222
0.0 0.08625448529409724 0.5318505996547265 0.03407858128601993 0.07306587064062897
0.0 0.06599110533033142 0.5503702771915371 0.042925412580567035 0.08282361991075116
0.0 0.01726091052387252 0.5646434037804531 0.029124425743625726 0.03677613673845548
