0.0 0.5153662864912767 0.252260628650142 0.0705702047929852 0.0382614995550577
0.0 0.47926631286417565 0.2883906800569873 0.04780884792215673 0.040282388179230466
0.0 0.5166500455376852 0.2803007811296575 0.03287515723685064 0.019199029167386972
0.0 0.5503456002665776 0.28919046203227083 0.051741257269642404 0.03099759992938217
0.0 0.5486886669265042 0.3546071004634285 0.0583574258786983 0.02861873128469672
0.0 0.5039406296218389 0.4200486135014185 0.04980463529495949 0.03594493503664398
0.0 0.4891280098242238 0.3794694247791026 0.0327348135519398 0.021904054409680074
0.0 0.4819374625607644 0.5274544737619034 0.05245054550458533 0.021702203871898806
0.0 0.6793294922878059 0.7113064771620052 0.08034345584857039 0.0476676062329392
0.0 0.556000863741557 0.6478570839314117 0.10817650425193992 0.0564091469957152
0.0 0.5298523339068963 0.7104168979888767 0.071798931617716 0.07583751977245701
0.0 0.6400126203520913 0.809464676499364 0.06268954993474074 0.03175763611320226
0.0 0.6012326723686142 0.8412375529642496 0.06984577693726446 0.03909743530457788
0.0 0.5879164167722605 0.8753112333324551 0.03541857281351013 0.028809974014843198
0.0 0.608292975813348 0.9415145785628785 0.09676245821227136 0.05499978524847304
