0.0 0.9094824338474923 0.34522416215234 0.05004432698319905 0.10258196267019976
0.0 0.9407161375231589 0.35683649954412533 0.016259054493132696 0.015214728401494904
0.0 0.9214344772524244 0.40685228393580614 0.01571219341058394 0.013864539556148081
0.0 0.7833880724285989 0.4339851075119927 0.011691110704029839 0.013056767900786859
0.0 0.6651939055503853 0.543371813358567 0.013272726292703152 0.015441711252258128
0.0 0.6748366591780706 0.5819037708344106 0.02034653977045131 0.03199479233102476
0.0 0.6392865860100934 0.5968219948863067 0.013126845291166922 0.02541776006197949
0.0 0.6387877960365116 0.5614488673315272 0.011820839553769225 0.01672113890683813
0.0 0.6313654953511916 0.4707961719019493 0.05247200056928514 0.10067166633717595
0.0 0.5906211388807918 0.46284963707140914 0.030624220622720855 0.07561057533941878
0.0 0.44019549570653693 0.45102008189753406 0.021684464465019537 0.09093131761822265
0.0 0.40034437136072804 0.4461070493946011 0.05389722395284002 0.07044577586648254
0.0 0.4045008238652357 0.49828677632544827 0.006109820162390256 0.017517074394124477
0.0 0.38790917849864504 0.4758523747628094 0.018265237226407383 0.02959215868186177
0.0 0.3587483159447011 0.3774256888596064 0.019048865926634684 0.0728718260341128
0.0 0.31174607900037377 0.36959114994483333 0.026768247361289577 0.07946654860085006
0.0 0.2946339800889306 0.3759897197729263 0.011545229702493887 0.023032816710507886
0.0 0.26453739210517146 0.46297934784280526 0.03916517600941055 0.041976823179204203
0.0 0.09498827482887884 0.39777310753350364 0.047705746049677256 0.08586381478259086
0.0 0.049623289022724226 0.47088050574954265 0.04008199519759037 0.039680331316191364
0.0 0.04243878246561189 0.4371051672533734 0.024834108146993716 0.024834108146993716
0.0 0.046195407688579104 0.40872030743455146 0.02449209572495359 0.015173493676494676
0.0 0.016132725298780015 0.4134929932934614 0.02750726659076308 0.03690620141550183
0.0 0.02402599656303339 0.33539002917006844 0.039378356563500305 0.08324005241228094
0.0 0.0074746684314628276 0.44253818430207315 0.011795073180179139 0.02304166185935369
0.0 0.1898224618899381 0.36527471730805106 0.017909251962571704 0.026585191800792052
0.0 0.4322944673285396 0.37035670300094603 0.014616291935485692 0.018150934091797744
0.0 0.7631578003014574 0.34121126373228394 0.008098953762079586 0.010267938721634673
