0.0 0.006625 0.673 0.01325 0.016000000000000014
0.0 0.296875 0.5733333333333334 0.022249999999999992 0.04800000000000004
0.0 0.3045 0.526 0.018500000000000016 0.02533333333333332
0.0 0.3405 0.5768333333333333 0.025000000000000022 0.03833333333333333
0.0 0.398875 0.547 0.025749999999999995 0.03066666666666662
0.0 0.39075 0.5848333333333333 0.027000000000000024 0.035666666666666624
0.0 0.37625 0.5318333333333334 0.006000000000000005 0.013666666666666716
0.0 0.395875 0.5175 0.011249999999999982 0.013666666666666716
0.0 0.7065 0.6328333333333334 0.03200000000000003 0.04033333333333333
0.0 0.7225 0.5778333333333333 0.012499999999999956 0.021666666666666723
0.0 0.672 0.5436666666666666 0.05049999999999999 0.09466666666666668
0.0 0.631375 0.4441666666666667 0.030749999999999944 0.03966666666666668
0.0 0.87575 0.5230000000000001 0.03700000000000003 0.03933333333333333
0.0 0.893625 0.5518333333333333 0.017249999999999988 0.014333333333333309
0.0 0.8514999999999999 0.6 0.019499999999999962 0.040000000000000036
0.0 0.942625 0.5118333333333334 0.04674999999999996 0.08966666666666662
0.0 0.96575 0.4311666666666666 0.03249999999999997 0.0663333333333333
