0.0 0.03314430908391573 0.30732885785464514 0.06628861816783146 0.09895414432601857
0.0 0.0005748664833388623 0.3387670392538696 0.0011497329666777245 0.05432882954122209
0.0 0.031121579339478872 0.40491881800678226 0.062243158678957744 0.131674533565189
0.0 0.09005388045468032 0.47788863135238646 0.06159075351403215 0.0488588724832964
0.0 0.07152399286108728 0.5399882683506315 0.07373316019730183 0.09010272152253335
0.0 0.11437624714531829 0.4579387106448834 0.030881853588390767 0.03408050350251646
0.0 0.15202947288053315 0.4537630269893214 0.06402519540265333 0.08823458494878134
0.0 0.20715927468214562 0.4605635983060522 0.09335253437996546 0.13136002159487087
0.0 0.26772643292730575 0.3925169250823747 0.04413347119810032 0.06577139708777413
0.0 0.24536943181812376 0.38832773272603666 0.02312891836885375 0.030529716209380053
0.0 0.26754236858591784 0.34023230801286947 0.036083035071924174 0.039093529108748415
0.0 0.26379699352510394 0.4862308770454844 0.09528069072271339 0.1337899269437562
0.0 0.29864980162343924 0.5029472645376969 0.06302881745153527 0.05763501563555856
0.0 0.3681757458492694 0.5602745513871631 0.030801233891300073 0.04641817170732554
0.0 0.42404292569477925 0.5806842033215633 0.036087513943984795 0.038408103097370194
0.0 0.40184716397977877 0.6091051940012508 0.034844798029533997 0.04550696440995283
0.0 0.4864987916079489 0.5332272125054351 0.03718690595249641 0.05324287414889195
0.0 0.5680224403488863 0.5475164367562905 0.06273855194140354 0.07917083189240226
0.0 0.6601011642938542 0.6034540805040319 0.10468581456485526 0.13623328332574203
0.0 0.6365975700164983 0.7588819477543807 0.0335357602079811 0.039870341410465304
0.0 0.6577539739089016 0.746126315726497 0.023257944484804116 0.033669236362154464
0.0 0.7279783645923074 0.7790725727531744 0.14867596185701637 0.2239383127776211
0.0 0.8224502729020313 0.8221053818074309 0.1082930327625714 0.13344320169520696
0.0 0.8688007876907877 0.8301840622197346 0.06456645075120448 0.14271385845709905
