0.0 0.8025249684677189 0.9651500972288656 0.047770383491135715 0.06649406161795013
0.0 0.7567090699753058 0.9464663895435728 0.03475223737003874 0.042947585304139446
0.0 0.8577149223202419 0.8999250457463767 0.03520988261384228 0.03497060238218985
0.0 0.6925393850885981 0.9287077071257857 0.09177585410007738 0.1174386589448162
0.0 0.7170114168328077 0.8442050755346995 0.037374985195117616 0.04371591133391095
0.0 0.709284159192844 0.8013292806044152 0.058159518003099375 0.06509864472102411
0.0 0.6782738227093035 0.7614628396202966 0.08670559432147162 0.11631652298847817
0.0 0.6449554566430129 0.7425900167910814 0.07876397176303473 0.11806574981197082
0.0 0.5656615703941739 0.719897520087587 0.051065597097270654 0.060397526131721224
0.0 0.5098684420469237 0.6579857772628035 0.05865674791260361 0.057819267101819394
0.0 0.44217408324620533 0.7107569710588326 0.09717968841303731 0.1217657322153397
0.0 0.30503441632560957 0.6897802439451948 0.0765534942678579 0.10317342003920726
0.0 0.29685052192015626 0.5805064950549361 0.07467706484288872 0.11021017924329646
0.0 0.2667282407012499 0.5748339166041543 0.028958346648274125 0.03709387452446178
0.0 0.3388222447197152 0.5613295832859568 0.045803204238363204 0.061236779179954626
0.0 0.32664315030451413 0.6062501177499323 0.050472300647615764 0.06865759825321183
0.0 0.13941285312509105 0.6432071030069223 0.08110431021586219 0.12722557486689667
0.0 0.09535411539066205 0.6627966630386326 0.07749241928412269 0.12774126793116425
0.0 0.12282758659850956 0.44225462566600865 0.045339295210505184 0.04504019492093936
0.0 0.03598921218657886 0.48983962793739266 0.06762178153105373 0.06875836263140339
0.0 0.014379228616349736 0.4679923056075389 0.028758457232699472 0.09183690453909737
0.0 0.047067777006272474 0.45176363480411047 0.03628398530010504 0.04053120941193833
0.0 0.0050784834704473356 0.39603044755451355 0.010156966940894671 0.06262894541447311
