0.0 0.10934132586933505 0.46643752917146575 0.023473717790386178 0.04272100066746154
0.0 0.13231484648173783 0.5203272534043294 0.06567634758189404 0.06489219902023552
0.0 0.14745213818897965 0.45912889749099517 0.0742160562670156 0.06010138215716043
0.0 0.1971277079831117 0.5093830468563678 0.025649676115916703 0.021586360841867547
0.0 0.18183791063617785 0.5639925918232452 0.03974725398125467 0.07132705514623372
0.0 0.18084499562449988 0.41351175240277865 0.056516703806222646 0.053807826956856486
0.0 0.23656628233107632 0.489595711941164 0.05021278202767482 0.06589575326084735
0.0 0.27870890018614064 0.5066112463327866 0.06627727911783421 0.07939394596739663
0.0 0.31167459059463115 0.4237470682864102 0.030795377766230758 0.03186467125940162
0.0 0.40837244455918587 0.5432021379006918 0.052240801373600876 0.10157087452521613
0.0 0.5346306211304036 0.5377461128855128 0.05531174798003957 0.06315323359662584
0.0 0.570978064817765 0.6883682582546573 0.03930271517655881 0.07294981709500137
0.0 0.6042209071063435 0.661482270480857 0.04299641479076044 0.07471878842149593
0.0 0.7358025742194437 0.6367159170953919 0.02169710894875365 0.030037598195486348
0.0 0.7545952623184657 0.618344334486354 0.021907694426614444 0.025971009700663572
0.0 0.7876716742852785 0.6542674983237875 0.022986807582105806 0.036459905596058384
0.0 0.8371962206931898 0.597930389616366 0.02272512211193123 0.022368690947540903
0.0 0.8502497054829213 0.6588948850723261 0.025074930346164592 0.03790645226421474
0.0 0.6564845758390818 0.6437767636364147 0.016661064331734754 0.022862966592125833
0.0 0.5025605447377026 0.5202446182172504 0.014334623946476 0.013835620316329678
