0.0 0.107083959973475 0.6035027439928222 0.01718220657319107 0.031542501095724096
0.0 0.2841632048548496 0.5692973879867692 0.021377331111992193 0.025417685164094594
0.0 0.319073151878544 0.5468426407685444 0.01885999870806626 0.024847511339495254
0.0 0.3333478820230223 0.5148568353080698 0.01122778865301377 0.014051168593037233
0.0 0.35859295774154104 0.5796489584791114 0.02175421369650221 0.02243571919926657
0.0 0.39951710132762164 0.5664156355866443 0.029322253476934845 0.025963404927596634
0.0 0.38434518919864874 0.5908651643031896 0.01787736372434734 0.022453186385764656
0.0 0.4050886345268452 0.6136262378867965 0.05724500074288463 0.09365686617629054
0.0 0.4313451228152828 0.6306402514826086 0.044943883950978314 0.07045166134015557
0.0 0.47849394896110325 0.5578294783910032 0.04339121135727686 0.03862067283792692
0.0 0.44731412754297883 0.5425731476725343 0.02552561634805478 0.03506669338675472
0.0 0.5089082364950825 0.5886025867929539 0.03815484381689316 0.039225781035522767
0.0 0.4951923016681935 0.6515056514155365 0.018695299167987123 0.023757911474236115
0.0 0.5384554945770375 0.6469270724615275 0.030285216240082402 0.054235266765798484
0.0 0.6556203240101862 0.7004764268564401 0.06203902702091235 0.06753975000750967
0.0 0.7483667651974408 0.7809010758573254 0.03390111126022832 0.042225214186849214
0.0 0.7773704220069229 0.7690520002234439 0.030268529469814176 0.04180544405232389
0.0 0.8008443490858957 0.7783915604158015 0.06699049353518594 0.09790163598199442
0.0 0.6496611923567914 0.7599804219291912 0.055820668698422726 0.07636319171031747
0.0 0.6644181346275008 0.8045842406019228 0.03218631593290033 0.051755259655131836
