0.0 0.03211805555555555 0.4990079365079365 0.035962301587301584 0.05291005291005296
0.0 0.07056051587301587 0.5403439153439153 0.04389880952380953 0.09060846560846558
0.0 0.07651289682539683 0.4515542328042328 0.031001984126984128 0.0400132275132275
0.0 0.12375992063492064 0.49156746031746035 0.0570436507936508 0.06448412698412703
0.0 0.1277281746031746 0.5472883597883598 0.03621031746031746 0.046957671957671976
0.0 0.1589781746031746 0.4416335978835979 0.042658730158730146 0.07308201058201058
0.0 0.22631448412698413 0.6311177248677249 0.055803571428571425 0.11541005291005291
0.0 0.2769097222222222 0.5719246031746031 0.032986111111111105 0.07572751322751325
0.0 0.3289930555555556 0.48991402116402116 0.04340277777777779 0.12070105820105814
0.0 0.35553075396825395 0.4836309523809524 0.015625 0.04199735449735453
0.0 0.4126984126984127 0.5297619047619048 0.056051587301587324 0.0661375661375661
0.0 0.4193948412698413 0.48131613756613756 0.02777777777777779 0.038029100529100524
0.0 0.4485367063492063 0.4837962962962963 0.03249007936507936 0.06216931216931215
0.0 0.4486607142857143 0.4371693121693121 0.02132936507936506 0.04100529100529099
0.0 0.4833829365079365 0.503968253968254 0.051091269841269826 0.0978835978835979
0.0 0.5744047619047619 0.5320767195767195 0.016865079365079416 0.04761904761904756
0.0 0.5944940476190477 0.5768849206349205 0.02529761904761907 0.03670634920634919
0.0 0.621155753968254 0.5648148148148147 0.03893849206349209 0.04365079365079361
0.0 0.6868799603174602 0.4302248677248678 0.031001984126984072 0.03505291005291006
0.0 0.6667906746031746 0.46478174603174605 0.01661706349206349 0.024801587301587324
0.0 0.7189980158730159 0.519510582010582 0.02430555555555558 0.051587301587301626
0.0 0.7409474206349206 0.4718915343915344 0.02256944444444442 0.024470899470899476
0.0 0.7672371031746031 0.5686177248677249 0.042906746031746046 0.08366402116402116
0.0 0.7797619047619047 0.49950396825396826 0.04662698412698407 0.05522486772486768
0.0 0.8266369047619047 0.45519179894179895 0.06299603174603174 0.05654761904761907
0.0 0.8723958333333334 0.4611441798941799 0.03298611111111116 0.0625
0.0 0.9270833333333334 0.4708994708994709 0.03323412698412698 0.031746031746031744
0.0 0.9201388888888888 0.4983465608465608 0.014880952380952328 0.013227513227513199
