0.0 0.01984126984126984 0.31216931216931215 0.03621031746031747 0.06547619047619047
0.0 0.005084325396825397 0.37169312169312174 0.010168650793650794 0.029100529100529127
0.0 0.025049603174603176 0.3609457671957672 0.023809523809523808 0.01157407407407407
0.0 0.09312996031746032 0.5391865079365079 0.06473214285714285 0.04530423280423279
0.0 0.09821428571428573 0.5906084656084656 0.033730158730158735 0.05092592592592593
0.0 0.17559523809523808 0.4935515873015873 0.023809523809523808 0.0400132275132275
0.0 0.2152777777777778 0.4677579365079365 0.029265873015873023 0.04596560846560849
0.0 0.2632688492063492 0.47966269841269843 0.03993055555555558 0.07903439153439151
0.0 0.29724702380952384 0.3857473544973545 0.028025793650793662 0.05191798941798942
0.0 0.2645089285714286 0.35796957671957674 0.02653769841269843 0.03869047619047622
0.0 0.2829861111111111 0.2974537037037037 0.028273809523809534 0.04993386243386244
0.0 0.42249503968253965 0.4072420634920635 0.03794642857142855 0.0896164021164021
0.0 0.45461309523809523 0.4254298941798942 0.022321428571428548 0.0763888888888889
0.0 0.5219494047619047 0.4302248677248677 0.02604166666666663 0.0939153439153439
0.0 0.570684523809524 0.5577050264550265 0.02083333333333337 0.04133597883597884
0.0 0.6644345238095238 0.3738425925925926 0.02529761904761907 0.04133597883597884
0.0 0.7134176587301588 0.40790343915343913 0.013144841269841279 0.02215608465608465
0.0 0.7290426587301587 0.44080687830687826 0.03298611111111116 0.037037037037037035
0.0 0.9105902777777779 0.4634589947089947 0.11086309523809523 0.1253306878306878
0.0 0.9888392857142858 0.4603174603174603 0.02182539682539686 0.03373015873015872
0.0 0.9753224206349206 0.5805224867724867 0.04885912698412698 0.06646825396825395
0.0 0.9959077380952381 0.35466269841269843 0.007688492063492092 0.05985449735449733
