0.0 0.9791666666666667 0.39542483660130723 0.035539215686274495 0.05882352941176472
0.0 0.907015931372549 0.38357843137254904 0.030330882352941124 0.04166666666666663
0.0 0.897671568627451 0.32986111111111116 0.03431372549019607 0.061683006535947715
0.0 0.8584558823529411 0.3801062091503268 0.018382352941176516 0.012663398692810413
0.0 0.8246017156862745 0.32883986928104586 0.04993872549019618 0.0980392156862745
0.0 0.7610294117647058 0.33455882352941185 0.030637254901960786 0.042483660130718914
0.0 0.7354473039215687 0.36233660130718964 0.021139705882353033 0.03431372549019607
0.0 0.6622242647058824 0.3923611111111111 0.029105392156862697 0.029003267973856217
0.0 0.6390931372549019 0.3288398692810458 0.044117647058823595 0.13235294117647056
0.0 0.633578431372549 0.40482026143790856 0.019607843137254943 0.03594771241830064
0.0 0.6139705882352942 0.42401960784313736 0.01899509803921573 0.03513071895424835
0.0 0.48008578431372545 0.4042075163398693 0.04289215686274506 0.061683006535947715
0.0 0.4592524509803921 0.43627450980392163 0.018382352941176516 0.037581699346405206
0.0 0.440563725490196 0.42483660130718953 0.01715686274509809 0.025326797385620936
0.0 0.39047181372549017 0.3954248366013073 0.04503676470588236 0.09967320261437906
0.0 0.3550857843137255 0.4499591503267974 0.03247549019607843 0.044526143790849626
0.0 0.32153799019607837 0.3803104575163399 0.04381127450980393 0.10049019607843135
0.0 0.2901348039215686 0.42871732026143794 0.02941176470588236 0.07557189542483655
0.0 0.2815563725490196 0.4863153594771242 0.022058823529411797 0.04207516339869277
0.0 0.25582107843137253 0.4534313725490196 0.015931372549019662 0.019607843137254943
0.0 0.19010416666666663 0.3694852941176471 0.030330882352941124 0.06985294117647056
0.0 0.16130514705882348 0.37111928104575165 0.025428921568627416 0.060049019607843146
0.0 0.1654411764705882 0.46977124183006536 0.04227941176470584 0.08496732026143783
0.0 0.13848039215686264 0.5774101307189543 0.02941176470588236 0.0518790849673203
0.0 0.05560661764705882 0.4910130718954248 0.034007352941176516 0.07924836601307195
0.0 0.024816176470588203 0.4158496732026144 0.0490196078431373 0.1086601307189542
0.0 0.007659313725490224 0.33415032679738566 0.014705882352941124 0.059640522875817004
