0.0 0.5816259338628316 0.6118087952593333 0.034219571572791097 0.03802486677317218
0.0 0.5855248331541512 0.5784682170879636 0.03645758930254439 0.03817729001810133
0.0 0.5391883365901673 0.5607430351561341 0.05540897540972134 0.06012900503327101
0.0 0.5613556827303614 0.5260860816137776 0.009571242812985825 0.010083494089960232
0.0 0.5269527423021527 0.5526822282505512 0.024150013022588568 0.025119631511147156
0.0 0.48515721711504656 0.5615765003117352 0.03780798307180083 0.038686128118042507
0.0 0.5207315923747764 0.47040824608225656 0.11134944275655312 0.12490580690791087
0.0 0.44356917334007817 0.37196386086460925 0.09405092717992691 0.10780853290438175
0.0 0.4322267696332896 0.3292924867862615 0.09734871056046124 0.10477635407658992
0.0 0.38100793140075073 0.3534699616375782 0.02278303115338537 0.023697765576553897
0.0 0.3952608188983515 0.31753626717381395 0.07347036782783739 0.08230670235564552
0.0 0.2597742929006509 0.4481111836846436 0.03461835871032681 0.03536844093732505
0.0 0.2891801284716685 0.42096853629905856 0.06200539066566607 0.06641441058533848
0.0 0.3137012636128591 0.4301103666603405 0.008648072924031192 0.008483420727860791
0.0 0.25561407326639085 0.4257790123181636 0.01002927316461727 0.010687881949298594
0.0 0.1933178961011373 0.40890435957752946 0.027141428679576612 0.02983074788369211
0.0 0.2048051663801377 0.37680981432370875 0.03166722843892383 0.0328746778775062
0.0 0.23047865997344863 0.3389148764079253 0.044909823250653375 0.04818457248559671
0.0 0.19644067744963614 0.3531707026313296 0.02821067324461296 0.02716787600220083
0.0 0.11151820001264916 0.41129833833688556 0.05838143323819875 0.06379666102335646
0.0 0.1412199705435011 0.3963304933034534 0.0485006044782271 0.04897626637827468
0.0 0.12158189456154761 0.36798565637307523 0.038917513022422134 0.03824060954927755
0.0 0.1755013270999864 0.35302086293584567 0.01910693969751412 0.018210499962808768
0.0 0.12246518820773225 0.33079293375110463 0.04745031774170144 0.052682598642225464
0.0 0.14875716627388216 0.2966762376369143 0.03445806566286197 0.038848790894070895
0.0 0.21036153107764202 0.1980898700571775 0.06591286702591698 0.07233430267656016
0.0 0.013963088967326426 0.21377806353234305 0.02792617793465285 0.04605367032643454
0.0 0.02524511055422607 0.1844216121574549 0.05049022110845214 0.08082024539246002
0.0 0.05545102490398762 0.13855813593406682 0.031893873886175705 0.033046439259368066
