0.0 0.19674999999999998 0.6718333333333333 0.022999999999999993 0.04566666666666663
0.0 0.233375 0.643 0.01175000000000001 0.014000000000000012
0.0 0.261125 0.671 0.035250000000000004 0.06866666666666665
0.0 0.06587499999999999 0.6076666666666666 0.03874999999999999 0.07399999999999995
0.0 0.29212499999999997 0.5578333333333334 0.016749999999999987 0.039000000000000035
0.0 0.344125 0.629 0.013249999999999984 0.023333333333333317
0.0 0.357 0.569 0.013500000000000012 0.019333333333333313
0.0 0.43775 0.5973333333333334 0.014000000000000012 0.026000000000000023
0.0 0.4861249999999999 0.6381666666666667 0.012749999999999984 0.018333333333333313
0.0 0.549625 0.58 0.021750000000000047 0.05600000000000005
0.0 0.6239999999999999 0.5999999999999999 0.013499999999999956 0.02733333333333332
0.0 0.6893749999999998 0.5976666666666666 0.022249999999999992 0.02733333333333332
