0.0 0.0951140873015873 0.39186507936507936 0.03348214285714285 0.05753968253968256
0.0 0.05865575396825397 0.3993055555555556 0.03546626984126985 0.053902116402116396
0.0 0.024057539682539684 0.42294973544973546 0.032242063492063495 0.08201058201058203
0.0 0.0038442460317460315 0.4017857142857143 0.007688492063492063 0.024470899470899476
0.0 0.2238343253968254 0.5828373015873016 0.01661706349206349 0.03472222222222221
0.0 0.24590773809523808 0.5601851851851851 0.01810515873015872 0.045634920634920584
0.0 0.2741815476190476 0.5132275132275133 0.042906746031746046 0.07473544973544977
0.0 0.29749503968253976 0.43601190476190477 0.05580357142857145 0.08234126984126983
0.0 0.3501984126984127 0.4763558201058201 0.0267857142857143 0.06117724867724866
0.0 0.37351190476190477 0.38409391534391535 0.04712301587301587 0.08630952380952378
0.0 0.390625 0.4581679894179894 0.017361111111111105 0.05654761904761907
0.0 0.41480654761904756 0.4522156084656085 0.03596230158730157 0.09027777777777779
0.0 0.45287698412698413 0.4183201058201058 0.024801587301587324 0.0582010582010582
0.0 0.4792906746031746 0.44179894179894186 0.018601190476190466 0.03306878306878308
0.0 0.4937996031746032 0.5074404761904762 0.03472222222222221 0.05588624338624343
0.0 0.4763144841269842 0.5342261904761905 0.025049603174603197 0.07043650793650791
0.0 0.5467509920634921 0.5558862433862434 0.01661706349206349 0.04034391534391535
0.0 0.5012400793650794 0.5560515873015874 0.022321428571428603 0.0360449735449736
0.0 0.48660714285714285 0.61739417989418 0.04613095238095244 0.08333333333333337
0.0 0.5235615079365079 0.6001984126984128 0.024801587301587324 0.04894179894179895
0.0 0.652281746031746 0.4393187830687831 0.05704365079365081 0.12731481481481477
0.0 0.6943204365079365 0.45072751322751325 0.04191468253968256 0.09060846560846558
