0.0 0.03211805555555555 0.5009920634920635 0.035962301587301584 0.05291005291005302
0.0 0.07056051587301587 0.45965608465608465 0.04389880952380953 0.09060846560846558
0.0 0.07651289682539683 0.5484457671957672 0.031001984126984128 0.040013227513227445
0.0 0.12375992063492064 0.5084325396825398 0.0570436507936508 0.06448412698412709
0.0 0.1277281746031746 0.4527116402116402 0.03621031746031746 0.046957671957671976
0.0 0.1589781746031746 0.5583664021164021 0.042658730158730146 0.07308201058201069
0.0 0.22631448412698413 0.3688822751322752 0.055803571428571425 0.11541005291005291
0.0 0.2769097222222222 0.42807539682539686 0.032986111111111105 0.07572751322751325
0.0 0.3289930555555556 0.5100859788359788 0.04340277777777779 0.12070105820105814
0.0 0.35553075396825395 0.5163690476190477 0.015625 0.04199735449735453
0.0 0.4126984126984127 0.4702380952380953 0.056051587301587324 0.06613756613756616
0.0 0.4193948412698413 0.5186838624338626 0.02777777777777779 0.03802910052910058
0.0 0.4485367063492063 0.5162037037037037 0.03249007936507936 0.062169312169312096
0.0 0.4486607142857143 0.5628306878306879 0.02132936507936506 0.041005291005291045
0.0 0.4833829365079365 0.49603174603174605 0.051091269841269826 0.0978835978835979
0.0 0.5744047619047619 0.4679232804232805 0.016865079365079416 0.04761904761904756
0.0 0.5944940476190477 0.42311507936507947 0.02529761904761907 0.03670634920634919
0.0 0.621155753968254 0.4351851851851853 0.03893849206349209 0.04365079365079361
0.0 0.6868799603174602 0.5697751322751322 0.031001984126984072 0.03505291005291
0.0 0.6667906746031746 0.535218253968254 0.01661706349206349 0.024801587301587436
0.0 0.7189980158730159 0.480489417989418 0.02430555555555558 0.051587301587301626
0.0 0.7409474206349206 0.5281084656084656 0.02256944444444442 0.024470899470899532
0.0 0.7672371031746031 0.4313822751322751 0.042906746031746046 0.08366402116402116
0.0 0.7797619047619047 0.5004960317460317 0.04662698412698407 0.05522486772486768
0.0 0.8266369047619047 0.544808201058201 0.06299603174603174 0.05654761904761907
0.0 0.8723958333333334 0.5388558201058201 0.03298611111111116 0.0625
0.0 0.9270833333333334 0.5291005291005291 0.03323412698412698 0.031746031746031744
0.0 0.9201388888888888 0.5016534391534392 0.014880952380952328 0.013227513227513255
