0.0 0.7373454224499347 0.1997164724311144 0.09858479540164222 0.09909843380969174
0.0 0.729188696071035 0.14558755622282366 0.05776127665697517 0.05777165319047095
0.0 0.6592406831588155 0.1493474737556622 0.12731101799573974 0.12828381801098498
0.0 0.5650023034696859 0.19156862095556945 0.05911833349869 0.05859172442377064
0.0 0.5187998253992441 0.15171997073859578 0.08696430140278355 0.08764137021339435
0.0 0.5727660374679053 0.2201496238933433 0.0345501859916969 0.03468248679377017
0.0 0.5618423945792224 0.25410282668934864 0.08063363852103456 0.08163497400339381
0.0 0.5347551787653878 0.2988384011569268 0.11895602171348996 0.1205280665381262
0.0 0.5698661071908102 0.37708876715242495 0.058117257210882456 0.05901223322490812
0.0 0.5820803987712745 0.35949857346706193 0.028439894849460856 0.028746002587591468
0.0 0.6148493677155197 0.39707974435497295 0.039996897379294793 0.04012141578124612
0.0 0.4908804078980824 0.3375985491868786 0.121267915126676 0.12286071301830431
0.0 0.46308974520893764 0.36109495834641403 0.06440939688384861 0.0641863014136857
0.0 0.3870523475548021 0.3987251355304561 0.04082475101271621 0.04147069022283906
0.0 0.34799080717049613 0.43884954114187213 0.03964831043368244 0.03974429336851992
0.0 0.33213091335424805 0.4088307624378987 0.04259635080516655 0.04303735347874438
0.0 0.3646874037841903 0.5107875903817515 0.047855052321788216 0.04851915046552896
0.0 0.3209959777674978 0.5753094732896604 0.0752790836668511 0.0759587466108359
0.0 0.23746104340561003 0.6328479508192657 0.1277255609464751 0.12903041003359084
0.0 0.11300663239767633 0.552760707010704 0.03898473067904423 0.03924673814981694
0.0 0.11581057137413137 0.5758496717956552 0.03011933810849704 0.03054996424857892
0.0 0.0794730209445645 0.6234756067823014 0.158946041889129 0.20011056046573228
0.0 0.025610947873464032 0.6880429992825632 0.051221895746928064 0.12933353484652033
0.0 0.008345927797818772 0.7220969419294357 0.016691855595637545 0.10677370535604269
