0.0 0.673475278179774 0.9230700308242675 0.06238184430973681 0.036249363675049384
0.0 0.7322798918279249 0.9282723658877656 0.02212986958372065 0.026114881293408998
0.0 0.5758719143639671 0.9264088279610438 0.0283498920414893 0.010877148391317037
0.0 0.6125879202227618 0.9234348208988975 0.021317726206527943 0.01993829907625133
0.0 0.6570379219091829 0.8814627433849012 0.09587190979551952 0.053033033916369265
0.0 0.6645351571640856 0.8403091795574794 0.11226558934250741 0.06436881398567551
0.0 0.6453318593140187 0.7545820667195078 0.08678202627122988 0.04363661102979577
0.0 0.5755060345146932 0.7263922694831668 0.013093919641833152 0.01508642549667727
0.0 0.6137267301904665 0.7008375330518675 0.09495189925352299 0.050120517519528285
0.0 0.6140003869157414 0.671042383894907 0.05210247855901384 0.03401665618427385
0.0 0.6365138055725974 0.638592418427594 0.019586357197629467 0.018513469429636498
0.0 0.677234595387165 0.6326043754301998 0.03716912651590554 0.018853399619452982
0.0 0.6583836220258441 0.612946658976822 0.07487994358670336 0.04437927703947253
0.0 0.6209282475809206 0.5870565473231244 0.048477547338865445 0.032230961137827974
0.0 0.6323259946304306 0.5387452138630708 0.04680050436751437 0.033006233064746815
0.0 0.6879679850202409 0.5314690958408926 0.07228308630092839 0.0441580998113964
0.0 0.6811217259447578 0.49720536622594974 0.07071332181166312 0.035921104192460196
0.0 0.7371432993943839 0.5184840967000122 0.01666472105200656 0.016588086211435815
0.0 0.6236505892525884 0.4434489981701609 0.01904505909788301 0.01567312611276178
0.0 0.5612926516549379 0.3431491147347723 0.04463609687881864 0.029309128764632486
0.0 0.6279912692986125 0.27840947491875234 0.1104806792063524 0.06840815173291132
0.0 0.5832264487082925 0.24233224234144973 0.0732578153356176 0.05310285226546274
0.0 0.521439539873741 0.23907089560623906 0.04598816476274903 0.024913583605743028
0.0 0.5199618474425622 0.2155781933045411 0.023481545012505656 0.017887201650827578
0.0 0.511887080066316 0.25683592046593284 0.06313946542180954 0.03830977707682787
