0.0 0.35208930066812727 0.5483199485649715 0.019029032819740166 0.03301045702555194
0.0 0.3637773218628424 0.5200949897205136 0.023721428241510856 0.03003995648836799
0.0 0.4084620850253454 0.5265589092635887 0.032941287967821864 0.05028363145387671
0.0 0.406215955648526 0.48918580419158453 0.006137843793722342 0.008019958590658571
0.0 0.42176068136111855 0.5255794370481401 0.01596379617540794 0.01952637061246576
0.0 0.4510310517728307 0.5511839622359314 0.025937076898873146 0.029163559407906603
0.0 0.46319299003485426 0.4629552552236543 0.06018589368006566 0.10999471741326977
0.0 0.5681739679217268 0.4189427469733348 0.047428115472905485 0.09797634144776318
0.0 0.5961124640748778 0.39006207986334823 0.05915255700946853 0.08644322156504314
0.0 0.6260934837759086 0.4319914090055096 0.015060185071139598 0.018421104351382778
0.0 0.6307032179871883 0.397113723228724 0.03987183486588075 0.07233831511303002
0.0 0.6804648284390036 0.5609698060999232 0.023828650988913513 0.026584604798713052
0.0 0.6691336810373982 0.5263580746706513 0.038152194351155466 0.05435182528192789
0.0 0.6455923162269857 0.5227480241341588 0.006472606071658116 0.005867640601214363
0.0 0.693675235685492 0.5450674473498794 0.006251613558988844 0.008671475440763965
0.0 0.7506659715030208 0.5592853711360996 0.015578696032702677 0.025459798716617632
0.0 0.7557708903697432 0.5286852085469744 0.021027374216962214 0.025463787666883175
0.0 0.7521744604717175 0.4871839031042222 0.027513074324347797 0.03954516534761843
0.0 0.7729020618699245 0.5136088077800436 0.02186100640286981 0.0180295584233926
0.0 0.8146105805247288 0.5974658765195489 0.034055659314366715 0.05395230145340635
0.0 0.7976447518853751 0.5723982311263944 0.034233684467324554 0.03598136249305095
0.0 0.8258220389785222 0.5585819979325419 0.02903301035438355 0.026545930087003677
0.0 0.7896090467720938 0.5227762913634446 0.015087196629788857 0.011793495735150539
0.0 0.8416149848541545 0.5286331497283645 0.026451902607907196 0.045676360890898215
0.0 0.8358514015372716 0.4898601217117182 0.01833618195774822 0.034468594502915506
0.0 0.8306171892876629 0.38419197950379746 0.03799463373898315 0.061588287086290494
0.0 0.9846943500666053 0.4865279320206476 0.020752358586994424 0.04152283973889742
0.0 0.9883931661207561 0.4587878243286609 0.023213667758487766 0.07973745366476137
0.0 0.9801269962594094 0.40558453636526415 0.021271693035751715 0.025506451328858037
