0.0 0.03708293412413011 0.33799861307635887 0.04242090368538931 0.06270466588126322
0.0 0.11013835904455502 0.33500348202380914 0.0351672274110611 0.04504221690115756
0.0 0.12593814416173704 0.2828188635866419 0.041551804391272484 0.06539412135835243
0.0 0.1587606167889106 0.33745516303663764 0.019784372078081425 0.014802395398393009
0.0 0.1985910368861355 0.2906803852267362 0.06147701219474122 0.10337899462569133
0.0 0.26099802259110827 0.30407860894521943 0.03557056517575746 0.04589037401225471
0.0 0.28301678163011257 0.3347579738400762 0.025150999411242214 0.03662733854838146
0.0 0.3520508508448935 0.37345399364310705 0.03241269031311694 0.03232372644383685
0.0 0.38272612760887 0.3132126074020802 0.059866842351481986 0.13673162540953065
0.0 0.37897128125630825 0.38930027461660427 0.023828945568117876 0.03806316465294168
0.0 0.3961019609424081 0.4107390765508405 0.023121503607347604 0.03717779495361112
0.0 0.5314019086657891 0.4073355729294067 0.0500667218813412 0.06643607382888855
0.0 0.5481860764303803 0.44169560145167963 0.02281099592106739 0.03953620334573532
0.0 0.5681257023516019 0.4326123460138275 0.020106075607434493 0.027223185149846396
0.0 0.6214191468800907 0.40950260136690153 0.05680981219480408 0.10440548225968377
0.0 0.6499193408210728 0.46793120220901363 0.03764327427375702 0.04814101084881445
0.0 0.6916784120162299 0.4028729600464459 0.055692628979131076 0.10506757642961367
0.0 0.7169695031729202 0.4547357133200459 0.03837310792067272 0.07858477683530002
0.0 0.7184884540751033 0.5129492546524714 0.027006030901377653 0.0444429492802868
0.0 0.7480273576823644 0.4834345950188168 0.018195023842781488 0.021397723136866886
0.0 0.8234539569161725 0.4080921454706451 0.0385907855285369 0.07301980293995453
0.0 0.8518412842098723 0.41321201781031525 0.032534315567885 0.06269306725385548
0.0 0.8357534241517093 0.5106311990049532 0.05228667019493427 0.08947356755403651
0.0 0.8494405707401977 0.6207478476567854 0.035495334430620584 0.055067385672253444
0.0 0.9421947056600105 0.5450564694810949 0.04338122192058225 0.08279221601168818
0.0 0.9754796488396993 0.4741894384950964 0.049040702320601426 0.11380963565821883
0.0 0.9989596657802984 0.39517889114980065 0.0020806684394032438 0.06098515440425345
