0.0 0.981875 0.5595000000000001 0.028249999999999997 0.041000000000000036
0.0 0.950125 0.5178333333333334 0.025249999999999995 0.01633333333333331
0.0 0.941125 0.5563333333333333 0.013249999999999984 0.010000000000000009
0.0 0.88575 0.515 0.023499999999999965 0.024666666666666615
0.0 0.939875 0.6998333333333333 0.022750000000000048 0.05300000000000005
0.0 0.699875 0.6426666666666667 0.048249999999999904 0.08799999999999997
0.0 0.64325 0.6778333333333333 0.03849999999999998 0.07033333333333336
0.0 0.6839999999999999 0.5816666666666667 0.019000000000000017 0.028000000000000025
0.0 0.465875 0.6218333333333335 0.027750000000000052 0.061000000000000054
0.0 0.40037500000000004 0.6338333333333334 0.03125 0.06033333333333335
0.0 0.36700000000000005 0.6213333333333333 0.013499999999999956 0.013333333333333308
0.0 0.2645 0.5405 0.015499999999999958 0.03433333333333333
0.0 0.22800000000000004 0.5485 0.02749999999999997 0.05166666666666664
0.0 0.22775 0.591 0.018000000000000016 0.020000000000000018
0.0 0.2059999999999999 0.5668333333333333 0.02100000000000002 0.06433333333333335
0.0 0.23537500000000006 0.48433333333333334 0.00824999999999998 0.01733333333333331
