0.0 0.01838235294117647 0.5616830065359477 0.02450980392156863 0.022875816993464082
0.0 0.03079044117647059 0.5902777777777777 0.04993872549019608 0.04493464052287577
0.0 0.043198529411764705 0.6254084967320261 0.010416666666666664 0.02614379084967322
0.0 0.12071078431372549 0.6102941176470589 0.03982843137254902 0.06699346405228757
0.0 0.22181372549019607 0.6047794117647058 0.017156862745098034 0.0191993464052288
0.0 0.2417279411764706 0.5890522875816993 0.017769607843137247 0.039215686274509776
0.0 0.2607230392156863 0.5676062091503269 0.01838235294117646 0.020016339869281086
0.0 0.335171568627451 0.6262254901960784 0.07475490196078433 0.12745098039215685
0.0 0.3982843137254901 0.5986519607843137 0.020833333333333315 0.0404411764705882
0.0 0.38112745098039214 0.6284722222222222 0.017156862745098034 0.052696078431372584
0.0 0.5003063725490197 0.6691176470588235 0.017156862745098034 0.05555555555555558
0.0 0.5286458333333334 0.6378676470588234 0.025428921568627416 0.09354575163398693
0.0 0.5591299019607843 0.6125408496732028 0.03431372549019607 0.07720588235294124
0.0 0.6115196078431373 0.6401143790849673 0.017769607843137303 0.07516339869281041
0.0 0.6271446078431373 0.6035539215686274 0.02573529411764708 0.05351307189542487
0.0 0.6599264705882353 0.5900735294117647 0.03615196078431371 0.0951797385620915
0.0 0.6753982843137255 0.5269607843137255 0.029105392156862697 0.04656862745098045
0.0 0.6982230392156863 0.6331699346405228 0.03676470588235292 0.054738562091503296
0.0 0.7046568627450981 0.6699346405228758 0.013480392156862697 0.014705882352941124
0.0 0.7077205882352942 0.6936274509803921 0.01409313725490191 0.017973856209150374
0.0 0.7771139705882353 0.7222222222222221 0.02236519607843135 0.03349673202614378
0.0 0.788296568627451 0.633374183006536 0.023284313725490224 0.024918300653594794
0.0 0.9370404411764706 0.6779003267973855 0.024816176470588203 0.037173202614379064
0.0 0.9767156862745099 0.659109477124183 0.045955882352941235 0.03145424836601307
0.0 0.9860600490196079 0.7107843137254902 0.027267156862745057 0.06944444444444442
0.0 0.9613970588235294 0.7512254901960784 0.02573529411764708 0.11846405228758172
0.0 0.09681372549019607 0.4411764705882353 0.0196078431372549 0.017156862745098034
