0.0 0.9198948407923294 0.39675178645771647 0.04621906211224269 0.05323383118617919
0.0 0.8853768778255545 0.42350979464665883 0.03227880263020255 0.0353491648127241
0.0 0.8943794224735772 0.32579874349354104 0.030481346955168576 0.030423009367925857
0.0 0.8434576451811108 0.4647021790124829 0.08624027383686927 0.0958547656346928
0.0 0.7896928446589373 0.40867019445195985 0.03410193198371536 0.036477540679681064
0.0 0.7535140394161366 0.395634002290288 0.05234053786223769 0.054940260586124556
0.0 0.7093491654631922 0.4017198831336444 0.08280584495212695 0.0938994893342307
0.0 0.6802077247536786 0.4188438924428012 0.07829566873336191 0.09301996036779064
0.0 0.6278367081894998 0.46941438298540283 0.04675925724905716 0.05025543608462918
0.0 0.5558767911125551 0.4846999894655982 0.050845773823256946 0.05053201418416697
0.0 0.5662984847474877 0.5597439055727387 0.09067674482180232 0.09988783136936741
0.0 0.4896840756032245 0.6552773734250623 0.07322835122118765 0.08320142546368503
0.0 0.40256308011289926 0.6132574774005002 0.0738044122070095 0.08711678546553392
0.0 0.384921032331795 0.6337705588694287 0.027221118931227473 0.03026906971095711
0.0 0.4064502015663197 0.572711432583461 0.0436913809976569 0.04947352291802609
0.0 0.4353975305916709 0.6018631083846593 0.04843729760470927 0.055250364053516576
0.0 0.38092675392978875 0.7612685982357514 0.0820229450176152 0.09930213657034648
0.0 0.3764329912568785 0.8035918088415883 0.07990232532498542 0.09872790367037387
0.0 0.22003457579533986 0.685167961491401 0.03938804372758209 0.039275986713621425
0.0 0.21803578657288103 0.7725503812430581 0.05913801186769441 0.05956382852074482
0.0 0.17853446473408585 0.7996630529816455 0.07550833666448364 0.07976650319498801
0.0 0.19383278636187484 0.747263432691624 0.0326333999805426 0.034224609578783705
0.0 0.124972425949404 0.765995326821236 0.04163982359925256 0.0506267961188962
