0.0 0.6878306878306878 0.9801587301587301 0.06547619047619047 0.03621031746031744
0.0 0.6283068783068783 0.9949156746031746 0.02910052910052907 0.010168650793650813
0.0 0.6390542328042328 0.9749503968253967 0.011574074074073959 0.023809523809523836
0.0 0.4608134920634921 0.9068700396825398 0.04530423280423279 0.0647321428571429
0.0 0.40939153439153436 0.9017857142857142 0.05092592592592593 0.03373015873015872
0.0 0.5064484126984128 0.8244047619047619 0.040013227513227556 0.023809523809523836
0.0 0.5322420634920635 0.7847222222222222 0.045965608465608376 0.029265873015873023
0.0 0.5203373015873016 0.7367311507936508 0.07903439153439151 0.03993055555555558
0.0 0.6142526455026456 0.7027529761904762 0.05191798941798942 0.028025793650793718
0.0 0.6420304232804233 0.7354910714285714 0.038690476190476275 0.026537698412698485
0.0 0.7025462962962963 0.717013888888889 0.04993386243386233 0.028273809523809534
0.0 0.5927579365079365 0.5775049603174603 0.0896164021164021 0.0379464285714286
0.0 0.5745701058201058 0.5453869047619048 0.07638888888888884 0.022321428571428603
0.0 0.5697751322751323 0.4780505952380953 0.09391534391534384 0.02604166666666663
0.0 0.4422949735449735 0.4293154761904761 0.04133597883597884 0.02083333333333337
0.0 0.6261574074074073 0.33556547619047616 0.04133597883597884 0.02529761904761907
0.0 0.5920965608465609 0.2865823412698412 0.02215608465608465 0.013144841269841279
0.0 0.5591931216931217 0.2709573412698413 0.03703703703703698 0.03298611111111116
0.0 0.5365410052910053 0.08940972222222215 0.1253306878306878 0.11086309523809523
0.0 0.5396825396825398 0.011160714285714246 0.03373015873015872 0.02182539682539686
0.0 0.41947751322751325 0.024677579365079416 0.06646825396825395 0.04885912698412698
0.0 0.6453373015873016 0.0040922619047618625 0.05985449735449733 0.007688492063492092
