0.0 0.9528752588154185 0.4578679110854938 0.09424948236916308 0.10856038136510893
0.0 0.9730421324266357 0.43147560585418304 0.02111024554505181 0.02083790192348689
0.0 0.930206174336469 0.40003689667684783 0.01995080234618052 0.019468963631103786
0.0 0.8004725819846941 0.4511977459897831 0.016313872079379177 0.01667001373834881
0.0 0.6433313406562895 0.4230874104028146 0.01885243245529844 0.01941806920777972
0.0 0.6307784375933152 0.3857693431094823 0.033361332508209496 0.036399011364127765
0.0 0.5931287285904931 0.39232453048920984 0.024083419957152352 0.027288694887879994
0.0 0.6116251386911217 0.4221169876145644 0.018381364364908004 0.01965928443532866
0.0 0.6538985392285841 0.5017527762948186 0.09576981829619291 0.10833952390688939
0.0 0.6241381577594276 0.5301702608140147 0.06492881913679804 0.07666054437344821
0.0 0.5049034692920308 0.6204715485159725 0.06601772118733717 0.0840761982480378
0.0 0.4742667588702545 0.6458794045688592 0.08070415759112226 0.08501975651746141
0.0 0.4498374930523579 0.600102941853551 0.01425750594069708 0.01723233626856202
0.0 0.4479834030179998 0.6276997842204035 0.03041514430997483 0.033369025128488494
0.0 0.4762682101005012 0.7254473161262471 0.054237702314570035 0.06827387357984771
0.0 0.4412245270082627 0.7571171833415056 0.06392324268794247 0.07766612082230395
0.0 0.42352005727819775 0.7609255571886256 0.02154485958123331 0.024540639418449306
0.0 0.351888340020471 0.7044073218363649 0.05370626956977259 0.0544395023970633
0.0 0.24522999038978535 0.8494864990029727 0.08403501266439622 0.09398602960619773
0.0 0.16827615049468161 0.8127191580480243 0.05320584830543057 0.0531011007586748
0.0 0.18033774580686604 0.8447525624771512 0.03309881224914851 0.03309881224914857
0.0 0.19864975250348446 0.8664367291349853 0.02764815076911792 0.025218007684383204
0.0 0.1710047978477043 0.8785264344889283 0.04169947583857153 0.04415056843265752
0.0 0.2193521363990994 0.9394983362980446 0.07599347668721834 0.08743190879295226
0.0 0.14824853527316284 0.8589117130977681 0.021748673492390957 0.02468160480155357
0.0 0.34176333836329376 0.8259082902963749 0.028519745801566188 0.030782292811491585
0.0 0.5414363475497446 0.6920252634414699 0.02137513276419889 0.022296911175649914
0.0 0.8331893353182285 0.5394520113076238 0.011956846570059021 0.012522483322540467
