0.0 0.09625 0.6691666666666667 0.0465 0.10099999999999998
0.0 0.064625 0.6586666666666667 0.015750000000000007 0.014666666666666717
0.0 0.082125 0.6079999999999999 0.01525 0.013333333333333308
0.0 0.21912500000000001 0.5760000000000001 0.01125000000000001 0.012666666666666715
0.0 0.333375 0.4625 0.012749999999999984 0.015000000000000013
0.0 0.322375 0.42433333333333334 0.01924999999999999 0.031333333333333324
0.0 0.357375 0.4081666666666667 0.012249999999999983 0.025000000000000022
0.0 0.359125 0.4435 0.011249999999999982 0.01633333333333331
0.0 0.36975 0.5338333333333334 0.04899999999999999 0.09899999999999998
0.0 0.41075 0.5403333333333333 0.028000000000000025 0.07466666666666666
0.0 0.5615 0.5468333333333333 0.01849999999999996 0.09033333333333338
0.0 0.6014999999999999 0.5503333333333333 0.05149999999999999 0.06866666666666665
0.0 0.5954999999999999 0.49833333333333335 0.005499999999999949 0.01733333333333331
0.0 0.612875 0.5201666666666667 0.017249999999999988 0.029000000000000026
0.0 0.6455 0.6175 0.01649999999999996 0.07233333333333336
0.0 0.69275 0.6236666666666667 0.02400000000000002 0.07866666666666666
0.0 0.709625 0.6166666666666667 0.010750000000000037 0.022666666666666724
0.0 0.736625 0.5286666666666666 0.03774999999999995 0.04066666666666663
0.0 0.9083749999999999 0.5878333333333333 0.044749999999999956 0.08433333333333337
0.0 0.951125 0.5131666666666667 0.03874999999999995 0.03833333333333333
0.0 0.9595 0.5466666666666666 0.02400000000000002 0.02400000000000002
0.0 0.95675 0.5751666666666667 0.02400000000000002 0.014333333333333309
0.0 0.9866249999999999 0.5693333333333334 0.026249999999999996 0.03600000000000003
0.0 0.9815 0.6476666666666666 0.03649999999999998 0.08199999999999996
0.0 0.9942500000000001 0.54 0.01100000000000001 0.022666666666666724
0.0 0.8147500000000001 0.6236666666666667 0.017000000000000015 0.026000000000000023
0.0 0.57225 0.6271666666666667 0.014000000000000012 0.01766666666666672
0.0 0.24262500000000004 0.668 0.007750000000000007 0.010000000000000009
