0.0 0.6337611478706519 0.02697935277900898 0.04449198038260693 0.033919949437314634
0.0 0.588084874602105 0.051802796229130206 0.01984569473112563 0.02723920656868288
0.0 0.6244793313978514 0.066464585585583 0.011815597780912124 0.01451042919833953
0.0 0.5755493272214407 0.11450854547957698 0.02775329986594799 0.026785924485333068
0.0 0.7650261506285128 0.08943961079518586 0.05542727800313618 0.030344616348619236
0.0 0.672585681007694 0.3161530713845176 0.09361802039598721 0.06065815921360562
0.0 0.6984928780951646 0.37701742466522303 0.07481387744544543 0.04841834920295107
0.0 0.6103544649455748 0.3224770660714767 0.030340407577683304 0.022877797498653485
0.0 0.6166881553231491 0.5424888292141138 0.06403101088147489 0.03646081253394806
0.0 0.6185297528037756 0.6085460763588717 0.06390764967852358 0.039792363404621556
0.0 0.6012121250176001 0.6393837719089484 0.015122623420389503 0.015260819903334388
0.0 0.5064005248062408 0.7276584450817527 0.03602129865842185 0.02040509608563712
0.0 0.5087144484211468 0.7646679691171347 0.054839541841987194 0.034801051814962736
0.0 0.5503580320873023 0.771354525191233 0.022342921375338 0.02068456357999804
0.0 0.5233603354254357 0.7890228921821425 0.06627710483796367 0.030346019272264546
0.0 0.44690136270212355 0.747709800343893 0.018249886924821435 0.010718178604319117
