0.0 0.3819204787827691 0.8389431481079339 0.04621557246497221 0.03331714932714336
0.0 0.39603262450349325 0.7988178863837248 0.015552564425582949 0.014272206246460195
0.0 0.3636754553388542 0.7831004516047487 0.0696882479548091 0.05067255796117176
0.0 0.4758932276887956 0.9330694384864164 0.07532545091328108 0.055266506107025104
0.0 0.45227884240853977 0.7229887897190298 0.03861669804035006 0.025955378269025386
0.0 0.37549696812897526 0.6990447458949667 0.024055155144129814 0.018317253674727918
0.0 0.4235227704990895 0.6702494429654366 0.02067422137262509 0.017354774241566173
0.0 0.3752640401976656 0.6088569800040888 0.026579158902548583 0.019750581947227563
0.0 0.32574733860235666 0.5791075213417878 0.019589627281584976 0.016412442170428587
0.0 0.35727578072198596 0.5071302455871263 0.054771665251699075 0.03528176852505316
0.0 0.3180921592276654 0.4487885435966926 0.027583387776043022 0.019711556008103315
0.0 0.30084800676357437 0.39164030471185446 0.03016111783319314 0.027268456761841753
