0.0 0.7319796056126577 0.7993682817573582 0.03606588913278175 0.02279451445382341
0.0 0.7623593584552173 0.7599578790177037 0.05778049211132641 0.058321177746395
0.0 0.7107305703739395 0.7741700438877515 0.05485142321448144 0.06458376464571747
0.0 0.7273226488614042 0.7164876306707044 0.01960029608838565 0.022402030742832424
0.0 0.7741334025334121 0.7051259825919438 0.060271130683119734 0.03849624556171771
0.0 0.6630604489741431 0.7683836492299387 0.04811642477068867 0.0499842478736533
0.0 0.6962769592397584 0.6954903791620288 0.057028763703340535 0.0462150510019671
0.0 0.6913736252952174 0.657198882024146 0.06928759065832168 0.060243394580809406
0.0 0.6162860835796893 0.6672044243226662 0.028227335460200842 0.027490036866925527
0.0 0.6646095695464349 0.5459332766455776 0.08539176162142859 0.05137771985165396
0.0 0.6081094317976079 0.45466030754849834 0.055373012614490014 0.049966156263803296
0.0 0.7045979093950521 0.3651511143597941 0.06150769119986588 0.038307362131464684
0.0 0.6708673137615744 0.35169340473758826 0.06327282843915172 0.041399636838646225
0.0 0.5978490795854213 0.26449955583576445 0.02587673873087004 0.020125809703321396
0.0 0.57643025715151 0.25820983152166715 0.022687760857330597 0.01988602620288385
0.0 0.589301705627298 0.21877936275670598 0.03107501672870827 0.021785054453437314
0.0 0.5269871500825737 0.20549556751345743 0.01992584660173624 0.02017161279949481
0.0 0.5667299246132527 0.17049510059029405 0.03242534278046494 0.02357775966115941
0.0 0.6360353772075831 0.3203295701707911 0.019710567962130998 0.015434236121133316
0.0 0.6084677784632997 0.4856913520786029 0.012352467013735047 0.01269653969059692
