0.0 0.15701593137254904 0.6286764705882353 0.0389093137254902 0.10947712418300659
0.0 0.5021446078431373 0.5220588235294117 0.02267156862745101 0.03513071895424835
0.0 0.5580575980392157 0.528390522875817 0.08180147058823528 0.06985294117647056
0.0 0.5366115196078431 0.5996732026143792 0.015625 0.01715686274509809
0.0 0.5900735294117647 0.6687091503267972 0.015931372549019662 0.04575163398692805
0.0 0.6061580882352942 0.7083333333333333 0.018688725490196068 0.03349673202614378
0.0 0.6410845588235294 0.7124183006535948 0.03155637254901966 0.06944444444444442
0.0 0.733609068627451 0.5437091503267975 0.01930147058823528 0.022058823529411797
0.0 0.6841299019607843 0.616217320261438 0.009191176470588203 0.02410130718954251
0.0 0.6999080882352942 0.6296977124183006 0.016237745098039214 0.014297385620914982
0.0 0.7463235294117647 0.5808823529411766 0.01899509803921573 0.02941176470588236
0.0 0.9042585784313726 0.5608660130718954 0.05912990196078427 0.07189542483660127
0.0 0.8984375 0.4681372549019608 0.016237745098039214 0.018790849673202603
0.0 0.9364276960784313 0.49121732026143783 0.010723039215686292 0.017565359477124176
0.0 0.7568933823529411 0.6145833333333335 0.013174019607843146 0.024918300653594794
0.0 0.7689950980392157 0.6460375816993464 0.006740196078431349 0.011846405228758128
0.0 0.7155330882352942 0.5249183006535948 0.007659313725490224 0.011437908496731986
