0.0 0.020833333333333336 0.6045751633986928 0.03553921568627451 0.05882352941176472
0.0 0.09298406862745098 0.616421568627451 0.03033088235294118 0.04166666666666663
0.0 0.10232843137254902 0.6701388888888888 0.03431372549019608 0.061683006535947715
0.0 0.14154411764705882 0.6198937908496732 0.01838235294117646 0.012663398692810413
0.0 0.1753982843137255 0.6711601307189541 0.049938725490196095 0.0980392156862745
0.0 0.2389705882352941 0.6654411764705881 0.03063725490196076 0.042483660130718914
0.0 0.26455269607843135 0.6376633986928104 0.02113970588235292 0.03431372549019607
0.0 0.33777573529411764 0.6076388888888888 0.029105392156862753 0.029003267973856217
0.0 0.3609068627450981 0.6711601307189542 0.04411764705882354 0.13235294117647056
0.0 0.3664215686274509 0.5951797385620914 0.019607843137254888 0.03594771241830064
0.0 0.38602941176470584 0.5759803921568627 0.018995098039215674 0.03513071895424835
0.0 0.5199142156862745 0.5957924836601307 0.04289215686274511 0.061683006535947715
0.0 0.5407475490196079 0.5637254901960784 0.018382352941176516 0.037581699346405206
0.0 0.559436274509804 0.5751633986928104 0.01715686274509809 0.025326797385620936
0.0 0.6095281862745099 0.6045751633986927 0.04503676470588236 0.09967320261437906
0.0 0.6449142156862745 0.5500408496732025 0.03247549019607843 0.044526143790849626
0.0 0.6784620098039216 0.6196895424836601 0.04381127450980393 0.10049019607843135
0.0 0.7098651960784315 0.5712826797385621 0.02941176470588236 0.07557189542483655
0.0 0.7184436274509804 0.5136846405228758 0.022058823529411797 0.04207516339869283
0.0 0.7441789215686274 0.5465686274509804 0.015931372549019662 0.019607843137254943
0.0 0.8098958333333334 0.6305147058823529 0.030330882352941124 0.06985294117647056
0.0 0.8386948529411765 0.6288807189542484 0.025428921568627416 0.060049019607843146
0.0 0.8345588235294118 0.5302287581699346 0.04227941176470584 0.08496732026143788
0.0 0.8615196078431373 0.4225898692810457 0.02941176470588236 0.051879084967320244
0.0 0.9443933823529411 0.5089869281045751 0.034007352941176516 0.07924836601307195
0.0 0.9751838235294118 0.5841503267973855 0.0490196078431373 0.1086601307189542
0.0 0.9923406862745098 0.6658496732026143 0.014705882352941124 0.059640522875817004
