0.0 0.546957671957672 0.9689980158730158 0.06150793650793651 0.06001984126984128
0.0 0.43501984126984133 0.9894593253968254 0.01157407407407407 0.015128968253968256
0.0 0.43369708994709 0.9412202380952381 0.035383597883597906 0.02529761904761907
0.0 0.3814484126984127 0.9078621031746031 0.1081349206349207 0.043898809523809534
0.0 0.3470568783068782 0.8767361111111112 0.0360449735449736 0.018849206349206393
0.0 0.4072420634920635 0.8607390873015873 0.07837301587301582 0.03645833333333326
0.0 0.44874338624338633 0.8324652777777777 0.05687830687830686 0.06671626984126988
0.0 0.507936507936508 0.8640873015873016 0.06150793650793651 0.05555555555555558
0.0 0.4166666666666666 0.5161210317460317 0.09523809523809523 0.03720238095238093
0.0 0.4821428571428571 0.40513392857142855 0.08796296296296302 0.032490079365079416
0.0 0.5363756613756614 0.3852926587301588 0.07407407407407396 0.021081349206349187
0.0 0.58994708994709 0.37326388888888884 0.015873015873015817 0.011904761904761862
0.0 0.4986772486772487 0.3458581349206349 0.01388888888888884 0.014632936507936511
0.0 0.4975198412698413 0.27380952380952384 0.05522486772486768 0.027281746031746046
0.0 0.447255291005291 0.25706845238095233 0.02083333333333337 0.015625
0.0 0.49785052910052907 0.14484126984126988 0.04728835978835977 0.052579365079365115
0.0 0.5593584656084656 0.17819940476190477 0.057208994708994765 0.04092261904761907
0.0 0.5385251322751322 0.11954365079365076 0.035383597883597906 0.019841269841269882
0.0 0.5152116402116402 0.05890376984126988 0.03240740740740744 0.04489087301587302
0.0 0.5611772486772486 0.040426587301587324 0.034391534391534306 0.022321428571428603
0.0 0.5228174603174602 0.01302083333333337 0.13888888888888895 0.025545634920634885
0.0 0.5066137566137566 0.48226686507936506 0.04894179894179884 0.014136904761904767
0.0 0.5477843915343915 0.4939236111111111 0.018849206349206282 0.016121031746031744
0.0 0.6863425925925926 0.03918650793650785 0.017526455026455 0.018849206349206393
0.0 0.4971891534391535 0.6281001984126984 0.01620370370370372 0.01810515873015872
0.0 0.5062830687830688 0.6741071428571428 0.014550264550264536 0.012400793650793607
0.0 0.5277777777777778 0.837921626984127 0.031084656084656048 0.022073412698412676
0.0 0.6127645502645502 0.8136160714285714 0.02182539682539686 0.012648809523809534
0.0 0.6261574074074074 0.9952876984126984 0.026124338624338606 0.009424603174603141
