0.0 0.031001984126984128 0.453042328042328 0.06001984126984128 0.06150793650793651
0.0 0.010540674603174604 0.5649801587301586 0.015128968253968256 0.01157407407407407
0.0 0.058779761904761904 0.56630291005291 0.02529761904761904 0.035383597883597906
0.0 0.09213789682539683 0.6185515873015873 0.04389880952380952 0.1081349206349207
0.0 0.1232638888888889 0.6529431216931219 0.018849206349206338 0.0360449735449736
0.0 0.1392609126984127 0.5927579365079365 0.03645833333333333 0.07837301587301582
0.0 0.1675347222222222 0.5512566137566137 0.06671626984126985 0.05687830687830686
0.0 0.1359126984126984 0.492063492063492 0.05555555555555554 0.061507936507936456
0.0 0.48387896825396826 0.5833333333333335 0.03720238095238093 0.09523809523809523
0.0 0.5948660714285714 0.5178571428571429 0.032490079365079416 0.08796296296296302
0.0 0.6147073412698412 0.4636243386243386 0.021081349206349187 0.07407407407407401
0.0 0.6267361111111112 0.41005291005291 0.011904761904761862 0.015873015873015872
0.0 0.6541418650793651 0.5013227513227513 0.014632936507936511 0.01388888888888884
0.0 0.7261904761904762 0.5024801587301587 0.027281746031746046 0.05522486772486768
0.0 0.7429315476190477 0.5527447089947091 0.015625 0.02083333333333337
0.0 0.8551587301587301 0.5021494708994709 0.052579365079365115 0.04728835978835977
0.0 0.8218005952380952 0.4406415343915344 0.04092261904761907 0.05720899470899471
0.0 0.8804563492063493 0.46147486772486773 0.019841269841269882 0.035383597883597906
0.0 0.9410962301587301 0.48478835978835977 0.04489087301587302 0.03240740740740744
0.0 0.9595734126984127 0.4388227513227513 0.022321428571428603 0.03439153439153436
0.0 0.9869791666666666 0.4771825396825397 0.025545634920634885 0.13888888888888895
0.0 0.5177331349206349 0.4933862433862434 0.014136904761904767 0.0489417989417989
0.0 0.5060763888888888 0.4522156084656085 0.0161210317460318 0.018849206349206338
0.0 0.9608134920634921 0.3136574074074074 0.018849206349206393 0.017526455026455
0.0 0.37189980158730157 0.5028108465608465 0.01810515873015872 0.01620370370370372
0.0 0.3258928571428572 0.4937169312169312 0.012400793650793662 0.014550264550264536
0.0 0.16207837301587302 0.4722222222222222 0.022073412698412703 0.031084656084656104
0.0 0.18638392857142858 0.38723544973544965 0.012648809523809534 0.021825396825396803
0.0 0.004712301587301587 0.3738425925925926 0.009424603174603174 0.026124338624338606
