0.0 0.9655330882352942 0.7397875816993464 0.023590686274509776 0.05555555555555558
0.0 0.9171262254901962 0.7420343137254901 0.019914215686274495 0.033905228758169925
0.0 0.9877450980392157 0.659109477124183 0.02450980392156865 0.02410130718954251
0.0 0.8527879901960784 0.7526552287581698 0.05055147058823528 0.09436274509803921
0.0 0.8397671568627451 0.6674836601307188 0.02267156862745101 0.03349673202614378
0.0 0.8152573529411764 0.6325571895424836 0.03676470588235292 0.04861111111111116
0.0 0.7712928921568627 0.6098856209150327 0.04503676470588236 0.09558823529411764
0.0 0.7339154411764706 0.6068218954248366 0.03462009803921573 0.10171568627450978
0.0 0.6541053921568627 0.619281045751634 0.030637254901960786 0.04656862745098034
0.0 0.5790441176470589 0.5872140522875817 0.04105392156862753 0.03962418300653592
0.0 0.540594362745098 0.661968954248366 0.054840686274509776 0.09681372549019607
0.0 0.41007965686274506 0.6997549019607843 0.03952205882352944 0.08496732026143794
0.0 0.3578431372549019 0.6060049019607843 0.033700980392156854 0.09436274509803921
0.0 0.3287377450980392 0.613357843137255 0.01593137254901955 0.029820261437908502
0.0 0.38725490196078427 0.5716911764705882 0.023897058823529438 0.05024509803921573
0.0 0.39491421568627444 0.6166258169934641 0.02573529411764708 0.05678104575163401
0.0 0.24371936274509803 0.7265114379084967 0.03278186274509809 0.1115196078431373
0.0 0.2126225490196078 0.7620506535947712 0.028186274509803932 0.11397058823529416
0.0 0.14629289215686264 0.5547385620915033 0.03155637254901966 0.03104575163398693
0.0 0.08869485294117646 0.6327614379084967 0.046262254901960786 0.04820261437908502
0.0 0.03553921568627444 0.6321486928104575 0.05208333333333337 0.07148692810457513
0.0 0.08287377450980393 0.5943627450980393 0.022977941176470562 0.030228758169934644
0.0 0.008425245098039269 0.5674019607843137 0.016237745098039214 0.05718954248366015
