0.0 0.029052606657283875 0.7643127109297555 0.05810521331456775 0.05705674272165351
0.0 0.09870017245482399 0.8286060028707983 0.02887485217219965 0.021121572056996607
0.0 0.07160193081574753 0.8030645287504973 0.02659727361690617 0.025985172555179625
0.0 0.06303582996173489 0.7418592759107141 0.10439720777950354 0.08538806925144016
0.0 0.08311650063468773 0.7046439067120451 0.12319054300241372 0.10193703391468611
0.0 0.1524278706208393 0.6491175513860251 0.09268445237986564 0.0735392913936408
0.0 0.22534390673393498 0.670980162382351 0.017516412725485375 0.018400558703534742
0.0 0.2113228909325628 0.6266669890337455 0.10239692671135484 0.08250364220524187
0.0 0.2299291839565871 0.6029792001742289 0.05889379485930607 0.05086846982778015
0.0 0.23266052982326746 0.5631468188166884 0.024517911987800428 0.024041833384235378
0.0 0.20430566899034888 0.5326966962398479 0.03976514053801983 0.03163779866287286
0.0 0.2316014485962034 0.5290910277992458 0.08276742883733954 0.06923319425027458
0.0 0.2775173296785375 0.5323194514259598 0.05503769822763577 0.04782850794507865
0.0 0.29904136489288236 0.48699098927146256 0.05391893685212562 0.047797926234860066
0.0 0.259724107164741 0.44609823351994193 0.08044449324051281 0.06796443270419916
0.0 0.2867724799581209 0.42338156519607356 0.07567418444436927 0.060235635443044
0.0 0.2291169055306479 0.4047850624776197 0.021208015950392206 0.021174010335851867
0.0 0.3660889347563018 0.417261803740922 0.022872977920164572 0.021376730880388495
0.0 0.47866473753059147 0.37749609320992655 0.05052362796891119 0.0437225050608383
0.0 0.4669223773761351 0.28426728256789113 0.12333500850704049 0.10466592612438064
0.0 0.5250424503688399 0.28407337348634565 0.08499758825592152 0.07605411163180581
0.0 0.5758661521060101 0.3205316398982448 0.049859322057007605 0.04050777805840755
0.0 0.5918732461579221 0.30292423200157237 0.027604261959624288 0.025121852098177633
0.0 0.5721825727873311 0.3405866490152044 0.07015945812777569 0.05914163901669778
