0.0 0.9726704399481246 0.23671974095039597 0.0332585757820556 0.03244169329437935
0.0 0.9707869130618212 0.26596350523397805 0.05387106430563626 0.05284649982956757
0.0 0.9417071679662642 0.2421720623669931 0.041714573018095225 0.041529966806190866
0.0 0.9138582517333755 0.2331771200535384 0.023929313261831564 0.0239846951254028
0.0 0.9691120690968469 0.29750155880508433 0.02336306676201838 0.023219996947792587
0.0 0.8744199240504696 0.25231181226788335 0.01719774459114265 0.016680847197810877
0.0 0.8808839677293896 0.17478844139561886 0.034012236537890206 0.03313997218664272
0.0 0.8591152990061457 0.1647739664302487 0.00888620761165404 0.008900053077546766
0.0 0.8642274055754317 0.1899945924603521 0.011028002019663363 0.010751092701806964
0.0 0.8860328143660964 0.22718026463075916 0.03711195422245983 0.03633199297716444
0.0 0.8707800656008539 0.2839551108552444 0.015187982575583847 0.014818770151775185
0.0 0.8342454088797164 0.29264921883769984 0.01350609134084857 0.013233797178289874
0.0 0.8651771945324706 0.3094026856731737 0.012011614362134937 0.011582404919457723
0.0 0.8849489457731113 0.32106855289737596 0.010951351490784189 0.010706748260011167
0.0 0.9165493175204692 0.34264335793865286 0.03631575613600968 0.03543426147416684
0.0 0.742420774353348 0.4497056795393759 0.03776327538350399 0.03749559637624278
0.0 0.7244561078045594 0.41870469371662533 0.022222149630040322 0.0213360398129
0.0 0.6862650405801705 0.4228877772085014 0.014868535927111792 0.014896226858897466
0.0 0.7028774802064943 0.4367037655957181 0.01692525567389014 0.01634836126168937
0.0 0.7246780519276999 0.445172093318511 0.032568721022144254 0.03204259331821713
0.0 0.6418709509237495 0.46299232677021657 0.024904501471951335 0.02446144656338123
0.0 0.6533508486531905 0.49393773597470214 0.008502954967258725 0.00867833086856773
0.0 0.6753761997011216 0.5638917765326813 0.017219013256450588 0.016780573503177854
0.0 0.6715394611909936 0.5451051526136519 0.008055896326940148 0.008157429743487654
0.0 0.5680833399304694 0.5441438913478279 0.05082672848463765 0.04959909717547473
0.0 0.5973781902138339 0.5719863581547711 0.0239846951254028 0.023929313261831453
0.0 0.554177772683805 0.579056570055486 0.06357515533790337 0.06117065942785049
0.0 0.5234677228197636 0.5784406823171511 0.09228607751903972 0.08993234831726049
0.0 0.5178331570878464 0.6157642248824046 0.03736317447440468 0.036564752607918694
0.0 0.46246361207174824 0.6190879157154564 0.025551818901247136 0.024661093928808997
0.0 0.42328914083931546 0.6316390163606768 0.01095977562313627 0.011061309039683609
0.0 0.41217185209224505 0.6348197075973822 0.008439148971335353 0.008379151952466524
0.0 0.41625697565073294 0.6188207779138654 0.005514001009831571 0.005375546350903315
0.0 0.3847013514342924 0.599213294934879 0.024436174166324987 0.023840819132933788
0.0 0.4498681510857885 0.693906762524912 0.05978116249281873 0.05818893391514468
0.0 0.37114112823643897 0.6566809013407399 0.05524635342485523 0.054254095035869865
0.0 0.3989689841384475 0.6770364289873262 0.03908760303975539 0.038349178192138345
0.0 0.38404127095044394 0.6994468964289783 0.0644989654162002 0.06266674876305056
0.0 0.37749753320463214 0.7312009587434819 0.017678916429724634 0.017046640153952852
0.0 0.37646116586774636 0.7524757084725351 0.04763309533762966 0.04722696167144047
0.0 0.4250401732866914 0.7887310237613528 0.017001906202769035 0.016392705703484944
0.0 0.33144407098535006 0.8310455239097252 0.038861655184866506 0.03918010090040136
0.0 0.3734171198595787 0.8751865862030209 0.059696087831587585 0.05779002869367633
0.0 0.329068611071786 0.9549825315285643 0.09975445868085908 0.09003493694287146
0.0 0.2841515641054755 0.9309676431604373 0.02338433542732621 0.023319723253159674
0.0 0.2565151261912365 0.9013352320583872 0.039637001274864525 0.03840475481040384
0.0 0.24689894502378548 0.9144855669319322 0.036498749991427604 0.035977237442798016
0.0 0.2038162570122571 0.8476066804623626 0.012935424440431775 0.013078494254657569
