0.0 0.24441193863024732 0.24218536326442616 0.015441242709428316 0.03405329531087592
0.0 0.39034876217918846 0.3708005195238122 0.02114887344341443 0.026385484853313323
0.0 0.41052943355831695 0.4107636203934703 0.01831889558987898 0.02607917514912661
0.0 0.4063138842013009 0.4483064045103782 0.01100951778114756 0.014668836597703239
0.0 0.46520850006921144 0.40186861561893267 0.0220024159088138 0.022885699761085898
0.0 0.4960223629659498 0.4365462825800632 0.03025623831904528 0.025902910761418596
0.0 0.4952835201247731 0.4055197665778727 0.017518568035888582 0.023449188186858205
0.0 0.5270135021664888 0.39569878134564596 0.0530467299954257 0.1002393243882489
0.0 0.5607271374563171 0.3942351673943236 0.0420793473566996 0.07513940011316927
0.0 0.5647560487413634 0.4877075348284029 0.04474531260895098 0.03856232564304629
0.0 0.5274259577552436 0.4848452676655443 0.024591834694244863 0.036957808626054134
0.0 0.6098577520347416 0.4757247010058501 0.038607594716635996 0.039995612198777786
0.0 0.6314959733904337 0.4097424137188573 0.018281208365186985 0.024842745553493972
0.0 0.6692162803766615 0.4376522292331279 0.02740737682782801 0.05844849506481864
0.0 0.8074256906182868 0.4519218184396438 0.06224835295812248 0.06937771548003291
0.0 0.9376256594014605 0.4278543108585749 0.03327020437831141 0.04405888571677774
0.0 0.9581133684626186 0.45472779867837826 0.029129989445343396 0.04408272323023532
0.0 0.9765928118727331 0.4588781433826943 0.046814376254533885 0.10378029462525817
0.0 0.8344173759824025 0.39334059458027537 0.053823806044676625 0.08044850502030698
0.0 0.8725233710003372 0.3599385868593309 0.029952476537308925 0.05531534143826461
