0.0 0.022941468253968252 0.5205026455026456 0.045882936507936505 0.04365079365079361
0.0 0.04327876984126984 0.4869378306878307 0.04439484126984128 0.08167989417989419
0.0 0.10602678571428571 0.5472883597883598 0.021081349206349215 0.03108465608465616
0.0 0.10478670634920634 0.5246362433862434 0.005208333333333329 0.00562169312169325
0.0 0.13256448412698413 0.5130621693121693 0.031994047619047616 0.07043650793650791
0.0 0.14955357142857142 0.5180224867724867 0.01339285714285715 0.044642857142857206
0.0 0.1671626984126984 0.544808201058201 0.015873015873015872 0.022817460317460236
0.0 0.1943204365079365 0.4799933862433863 0.043898809523809534 0.08366402116402116
0.0 0.20176091269841273 0.5532407407407408 0.03645833333333334 0.06746031746031744
0.0 0.29216269841269843 0.5790343915343915 0.026289682539682557 0.0535714285714286
0.0 0.3191964285714285 0.5087632275132274 0.022817460317460292 0.02215608465608465
0.0 0.3253968253968254 0.5545634920634921 0.030753968253968256 0.054894179894179884
0.0 0.34089781746031744 0.5307539682539683 0.01215277777777779 0.02314814814814814
0.0 0.33469742063492064 0.49851190476190477 0.013144841269841279 0.02083333333333326
0.0 0.3568948412698413 0.5914351851851851 0.02132936507936506 0.03009259259259256
0.0 0.39099702380952384 0.5610119047619049 0.026041666666666685 0.04662698412698407
0.0 0.404265873015873 0.515542328042328 0.0064484126984126755 0.027116402116402094
0.0 0.41803075396825395 0.5773809523809523 0.03794642857142855 0.07804232804232802
0.0 0.5436507936507935 0.5443121693121693 0.005456349206349187 0.015211640211640232
0.0 0.56671626984127 0.5560515873015873 0.016865079365079416 0.03273809523809512
0.0 0.581969246031746 0.4659391534391535 0.04092261904761907 0.07870370370370372
0.0 0.6143353174603174 0.4584986772486772 0.024801587301587324 0.09093915343915349
0.0 0.6687748015873016 0.4841269841269841 0.0379464285714286 0.07539682539682535
0.0 0.6653025793650794 0.5572089947089947 0.018601190476190466 0.02182539682539686
0.0 0.793030753968254 0.45684523809523814 0.017609126984126977 0.027447089947089998
0.0 0.8307291666666666 0.4889219576719577 0.025545634920634885 0.05654761904761907
