0.0 0.5556551317069418 0.035438912045176324 0.056874386701356805 0.04210290085134588
0.0 0.5920334236453326 0.07860262107525404 0.09525631496776199 0.054544658844561
0.0 0.5031761572855011 0.0737627058324187 0.04347193262862892 0.03561782551813525
0.0 0.5371755809220558 0.12550609987711883 0.07091536440157797 0.06443032183328051
0.0 0.5920063104833135 0.1361905171837793 0.050995805240006575 0.04162852153024349
0.0 0.4833455682523955 0.15442055588307804 0.07770863602924555 0.05119201752776242
0.0 0.663284707302101 0.24419983632836662 0.12131664597194525 0.06936424939702879
0.0 0.5984020552740148 0.28725730071600586 0.07916375460081593 0.04191078784737362
0.0 0.5106896069412163 0.3290297267922069 0.12506754952325755 0.05769516284150017
0.0 0.5012401992004789 0.3546116556429679 0.043579992097749154 0.020594118994561372
0.0 0.5401114040109366 0.4169433121976034 0.07243654843975555 0.06364571295828564
0.0 0.491211279690248 0.41772584412661207 0.04111208813762107 0.03217714059907795
0.0 0.4901454020149748 0.4469536287229864 0.06564521723760319 0.03977710299294984
0.0 0.4438463155652994 0.441432250211072 0.04328577196085431 0.02613643716913422
0.0 0.5059506647939811 0.4839855244492519 0.10334863382934334 0.06256492167760558
0.0 0.5228336771557425 0.5777406439416033 0.049310460512981324 0.022505617897351726
0.0 0.5648804167183537 0.603106486619037 0.03949882674322658 0.0295550948051706
0.0 0.5496715197397626 0.6281109560726059 0.04804350856452666 0.04393631493793826
0.0 0.40811508257974183 0.677058890211534 0.03854809491059391 0.03501734951229851
0.0 0.4448497465056913 0.6613006636274879 0.02663078320972828 0.01949723638460099
0.0 0.4928560793665799 0.7197493075408721 0.05415024469616447 0.030371755279073653
0.0 0.442930130947616 0.7357727197871445 0.02702309856886337 0.025365809912520687
0.0 0.5357624436183648 0.7735783418065464 0.08824284696134554 0.05271922489278258
0.0 0.46564076949900535 0.7776443996965933 0.060463201048988724 0.0529693740811783
0.0 0.41597998762940186 0.8188104138132164 0.06375779525972602 0.06937816548558384
0.0 0.41634920173720014 0.8649533879690939 0.06603352068605589 0.04030951849847586
0.0 0.41941250128498586 0.9204196349552426 0.035535750634530405 0.03683275914818984
0.0 0.44749840306628463 0.9168488960489567 0.014931661932270301 0.016372782503003003
