0.0 0.9849992922765878 0.49809656083768405 0.03000141544682433 0.08770416963789779
0.0 0.9900125847123591 0.5612487553999336 0.01997483057528171 0.03469156637678927
0.0 0.9818562412199425 0.5413514898976499 0.030739271382629108 0.028102738301471586
0.0 0.8303962046775695 0.6753325367817403 0.09358701929902125 0.0894006323120482
0.0 0.8003724455565557 0.7211330862022892 0.06853774256936584 0.07224314041315494
0.0 0.7753494059886801 0.591980085199767 0.05132198133488908 0.05481360622615172
0.0 0.7507432272965805 0.5482696417789733 0.06075474993835317 0.06435326130587904
0.0 0.6998233454548572 0.5358871010717008 0.0947047090755273 0.10313092628760495
0.0 0.7140229309520121 0.4309956804148597 0.0638980409200175 0.069046406193359
0.0 0.7584105033914028 0.420980549066941 0.052927025760116986 0.05554574442856386
0.0 0.7707697728065755 0.35506992622381967 0.06269498151571451 0.06736235764587195
0.0 0.5858324052232495 0.3896867818832291 0.10049984292348357 0.11163385086756072
0.0 0.5467358994436347 0.3909992023968195 0.07625104167311669 0.0879016675857992
0.0 0.48113735399184393 0.3624403448527861 0.09242988925012174 0.10705552208546176
0.0 0.37277059601216034 0.45824419826178814 0.04948399329403935 0.05390196764624933
0.0 0.37499520024215166 0.2395236549906069 0.053676978375239215 0.057132974441080786
0.0 0.31226480564179293 0.24746363626068324 0.028381378683807856 0.03032314966925498
0.0 0.28143361964167424 0.27069554322935563 0.05778689058302344 0.05865979680583899
0.0 0.09979660086761684 0.20283035378576822 0.1948333202750663 0.19795084249940792
0.0 0.029062580046751413 0.1623220339916469 0.04247672503531014 0.045750528976305715
0.0 0.01425880354715331 0.280995963919591 0.02851760709430662 0.09779046335240937
