0.0 0.8647433826589991 0.2707300556661262 0.06765936165382747 0.06723910407894834
0.0 0.8293565489374652 0.25336938592456193 0.0882778220882603 0.10363443263768451
0.0 0.8097155917660982 0.33932034970172187 0.03764378088803144 0.04176384713299902
0.0 0.7981901296267936 0.3194462072994765 0.008157663309966479 0.008327913981246104
0.0 0.7682375772882236 0.3250646876920697 0.07004376463974071 0.08587707706874803
0.0 0.7566021305681714 0.3386977632926631 0.037735804237961634 0.05060675498670297
0.0 0.756558331835207 0.371160546340086 0.028017414102805782 0.030877625380303697
0.0 0.6975732777408452 0.33134143130656984 0.08889966698755813 0.10527778156466017
0.0 0.7319361370064681 0.39751055127716306 0.07270861759439429 0.0854774179403679
0.0 0.6696882971919762 0.46954537929193496 0.05516442885277595 0.06640097315723259
0.0 0.6077790733166524 0.425036048765562 0.03436579613404467 0.034093395059997145
0.0 0.6279544453940631 0.4672698223791777 0.06021592495472561 0.07015856415745719
0.0 0.60160722202169 0.4557095285465445 0.024603381733612872 0.029132049589651543
0.0 0.5889589552549831 0.4249591592187235 0.02427763160705454 0.02744429409285576
0.0 0.6217465913433695 0.5159858311282174 0.0373328584383823 0.04094217266951078
0.0 0.5759729387688008 0.5091506979787845 0.05106924087664666 0.059547724306373284
0.0 0.5394912661544278 0.4780057470347663 0.021290085814314796 0.029802619378297257
0.0 0.562163753708219 0.5380231216689519 0.08002247961687137 0.0965367947309973
0.0 0.43740841872927816 0.5797552851158837 0.013721554761354615 0.017739470603554297
0.0 0.42438999896332247 0.6025034911541107 0.03448441754932152 0.04102204332646009
0.0 0.36144345701578384 0.5346488585828233 0.0832677517285666 0.09882866308352656
0.0 0.32989960179717465 0.5463156594573298 0.07447081731937333 0.10171092472411708
0.0 0.2980189976759706 0.5982452580896153 0.0785537761416123 0.09397848695954836
0.0 0.34153280300929756 0.6582159347090835 0.030104905188890307 0.03143286042487181
0.0 0.17763179405352308 0.6441215743559311 0.032266534659523005 0.036318500635978745
0.0 0.16351035811590617 0.6922186529203778 0.05609719620172243 0.06886599654769598
