0.0 0.020832312044118173 0.5784772455735159 0.025294311595554286 0.023718428612087616
0.0 0.03423217094483333 0.6066209016520774 0.051478626478885126 0.04665248484201834
0.0 0.04786045285845261 0.64129651267741 0.011323995248032015 0.026491868963898546
0.0 0.12479712783797042 0.6234824126943437 0.042145436339150355 0.06834449093928352
0.0 0.22564557400369142 0.6144376572271462 0.017817374335678704 0.019787228065012097
0.0 0.24499798135733294 0.5980241642690372 0.019129290588957126 0.039812754746957
0.0 0.2632319624102938 0.5759273327186936 0.019070668764811227 0.020646551748277897
0.0 0.3396836806228367 0.6319089227661827 0.07916348345531865 0.1299857096721183
0.0 0.40179421099190193 0.6021465281161391 0.022233973785175387 0.04114456958677515
0.0 0.38569000925300373 0.6325481829696535 0.018988042276811945 0.05326349716721168
0.0 0.5062166308470224 0.6690036269189612 0.01908797734495754 0.056121227456423894
0.0 0.5334466317185883 0.6367822894222002 0.0286826915869689 0.09437731346023515
0.0 0.5630269386625075 0.6104055847948413 0.036991010310475136 0.07835793862647489
0.0 0.6163482996184053 0.6361313165137208 0.02038561715992948 0.07573850695419548
0.0 0.630686013184597 0.5990471197649986 0.027589786021061546 0.0543797967399946
0.0 0.6629767272503788 0.5844292785131873 0.0394562859247406 0.09638505870247349
0.0 0.6762333796325828 0.5208143684575741 0.0307151258392796 0.04755737522507941
0.0 0.7027560650079494 0.6261609403522216 0.03865528930865647 0.05599000212678962
0.0 0.7104708376062622 0.6626783330244792 0.013986108856748558 0.01516802109434856
0.0 0.714360724909338 0.6862495964192241 0.014712691139460277 0.01845541322519384
0.0 0.78471106600221 0.7124016893540284 0.02352220127461413 0.03425790409948071
0.0 0.792781707337286 0.6232171092977242 0.024140952234567248 0.025716835218033918
0.0 0.9429908450497493 0.6625176442742438 0.026100172324411752 0.03801778738687833
0.0 0.979235794832964 0.6423516747317588 0.04152841033407206 0.03304113249081542
0.0 0.9891455067031854 0.6936683700034033 0.02170898659362941 0.07035497356639753
0.0 0.9698952040820918 0.734946781199302 0.029859739711795563 0.11929109902352819
0.0 0.09500422210494772 0.4553032500875829 0.020195475249185135 0.017831650773985186
