0.0 0.5115776937683563 0.4280826196472392 0.025593378348209517 0.07640484178096729
0.0 0.8037658489862549 0.5858380398972258 0.03425429541264968 0.044994929959411456
0.0 0.8009437423060604 0.5377211871174237 0.028548071119691598 0.0420151744360161
0.0 0.6293023224899061 0.5607620518300893 0.01961288693589991 0.03142758493733777
0.0 0.6131939027828432 0.5405800213223102 0.008696056592895629 0.02480700841303829
0.0 0.47428385395815964 0.5743887020405136 0.01664930593074948 0.051597678340597475
0.0 0.45988177977541467 0.6018267950404165 0.012164764183951515 0.01918748677221882
0.0 0.44053127453012425 0.6102472409437548 0.02210503396184027 0.05060902564363112
0.0 0.44124400648287027 0.6603469025877551 0.0330096688214393 0.037719023968865506
0.0 0.5124824250032463 0.5677988209278355 0.027554974305891267 0.0403611154962612
0.0 0.24054423533625968 0.5497716940902961 0.01936053034605567 0.024482986822203512
0.0 0.2153174030925199 0.6349080585832628 0.014155298576831954 0.02944004773953135
0.0 0.1284762082087579 0.691897438667074 0.0364835439902092 0.04036669648019231
0.0 0.04760166958188694 0.5276603463817415 0.021356025613541663 0.042672054175576624
0.0 0.4053256363316037 0.5900532733314563 0.03797143223448696 0.04003693887809512
0.0 0.3857120259348239 0.6226137711317299 0.02358920155016392 0.044326888251988605
