0.0 0.8407611107216684 0.7515696578240427 0.013761796105696944 0.031838741998465814
0.0 0.7012488482281221 0.6345080959049967 0.01935426011799868 0.024440316081048796
0.0 0.681452659051784 0.5975631122097993 0.016683934940159184 0.024221102210703505
0.0 0.6845451511552052 0.5623290897715523 0.010051994780572504 0.01360610617643887
0.0 0.6304778047791582 0.6071308424410311 0.020249319334759486 0.021107208292382218
0.0 0.6008495584029411 0.5753743806713009 0.027984487793491164 0.02375632078806378
0.0 0.6022460738019042 0.604396915166044 0.01599224612214989 0.021752357694761026
0.0 0.5727714962786135 0.6143098622266562 0.04769521976494051 0.09353100121508029
0.0 0.5412504161923181 0.6164457859911521 0.03794348189886265 0.0700530400270355
0.0 0.5353556413685688 0.5290517039905274 0.04137930183538163 0.03537407913202095
0.0 0.5703598435953917 0.5308824221021841 0.02234837920695054 0.03435882461367168
0.0 0.49341489980557696 0.5412918734779492 0.03553548058800199 0.03688359180712375
0.0 0.4746618381488852 0.6035397827393905 0.016679136256526617 0.023052025656011277
0.0 0.43872327439315006 0.5782746339085416 0.024476231180937613 0.05462490026311495
0.0 0.3090416935774386 0.5680594237030616 0.05717297624241263 0.06409736568608337
0.0 0.1877276711253779 0.5935438942522331 0.030383348158631807 0.040861848998169026
0.0 0.16794153573785042 0.5688571337251254 0.026464921329578006 0.04098775582648051
0.0 0.14264131275155142 0.565584540930768 0.057704026392819144 0.096615418399288
0.0 0.28510987852062464 0.6235019375871604 0.04892458310316955 0.07478380739723212
0.0 0.25020347565263495 0.6556304622390912 0.026962837116101146 0.05159650575641683
