0.0 0.018125 0.5595000000000001 0.028250000000000004 0.041000000000000036
0.0 0.049875 0.5178333333333334 0.025249999999999995 0.01633333333333331
0.0 0.058875 0.5563333333333333 0.013250000000000005 0.010000000000000009
0.0 0.11425 0.515 0.023499999999999993 0.024666666666666615
0.0 0.060125000000000005 0.6998333333333333 0.022750000000000006 0.05300000000000005
0.0 0.300125 0.6426666666666667 0.048250000000000015 0.08799999999999997
0.0 0.35675 0.6778333333333333 0.03849999999999998 0.07033333333333336
0.0 0.316 0.5816666666666667 0.019000000000000017 0.028000000000000025
0.0 0.534125 0.6218333333333335 0.027750000000000052 0.061000000000000054
0.0 0.599625 0.6338333333333334 0.03125 0.06033333333333335
0.0 0.633 0.6213333333333333 0.013499999999999956 0.013333333333333308
0.0 0.7355 0.5405 0.015499999999999958 0.03433333333333333
0.0 0.772 0.5485 0.02749999999999997 0.05166666666666664
0.0 0.77225 0.591 0.018000000000000016 0.020000000000000018
0.0 0.794 0.5668333333333333 0.02100000000000002 0.06433333333333335
0.0 0.7646249999999999 0.48433333333333334 0.00824999999999998 0.01733333333333331
