0.0 0.9114849640520195 0.7377724829697941 0.029679168610791895 0.031004908071438075
0.0 0.9069157467633385 0.7110523526559466 0.04845346192499611 0.05011625379089124
0.0 0.8824714392507741 0.7357598633025842 0.03829462320114252 0.038594225339141586
0.0 0.8577242639507203 0.7467359403613738 0.022172835685490888 0.02208295504409108
0.0 0.902315975506405 0.6822013483900076 0.021397135776183185 0.021629327433132395
0.0 0.8195869999948182 0.7329582426983389 0.015226543628370726 0.0160654296147682
0.0 0.8330528920098772 0.8036489479562166 0.030304770573873707 0.031720390675919474
0.0 0.8139981329457431 0.8149731981232125 0.008225378056498922 0.008202907896149081
0.0 0.81625477310453 0.7912756231220208 0.009833432653223784 0.010282835860222495
0.0 0.832707892042307 0.7549516480396521 0.03328535433809343 0.034551173371139665
0.0 0.8131693042059471 0.7042010125391377 0.013558271726819449 0.014157476002817804
0.0 0.7787159468454967 0.6997464992016535 0.012128197149535946 0.012570110303084636
0.0 0.8055466807591312 0.6813339428392144 0.010548024626026109 0.011244599596874072
0.0 0.8226041993243679 0.6686841819660083 0.00980376931665039 0.010200742149499287
0.0 0.8495823592891909 0.6457713834978922 0.032420664419065215 0.0338512646280108
0.0 0.6790083001805707 0.5641687266621205 0.034539230159294054 0.03497365325939272
0.0 0.6654885981071159 0.594430566933088 0.019397223382248585 0.020835313644644304
0.0 0.6299489664350147 0.5942866352858251 0.013768586977871644 0.01372364665717174
0.0 0.6438915255897717 0.5799653028001825 0.014898465662703586 0.01583472234395067
0.0 0.6631256006208657 0.5700603374461349 0.029412198581630133 0.03026606467492754
0.0 0.5852186985658376 0.5616983815502417 0.022438915082973687 0.02315796021417149
0.0 0.592778123742532 0.5321166517570901 0.008077061373631178 0.007792439342531932
0.0 0.6062552483200663 0.46562606083522823 0.015346087606343928 0.016057642684091822
0.0 0.6045478252037295 0.48328096835170953 0.0075701127568437165 0.007405331580944141
0.0 0.5094665325005286 0.4941998893867908 0.04538299751937652 0.047375351737070526
0.0 0.5337158017461676 0.4657447726289811 0.02208295504409119 0.022172835685491
0.0 0.4932877811365094 0.4634307014376231 0.05565959895784528 0.059561916805283666
0.0 0.4650957871969506 0.4669759739214596 0.08224309298483978 0.08606302024432821
0.0 0.4562921103228491 0.4331866738002377 0.03349388832578731 0.034789667572633576
0.0 0.4050324821263579 0.43549954780735817 0.022466797156188933 0.023912377472034563
0.0 0.36777652102112907 0.4277528372330188 0.010252281891969806 0.010087500716070341
0.0 0.35724065616835227 0.42590506686449925 0.0077184294397113495 0.00781580013456118
0.0 0.36255056623969273 0.4402270612273855 0.004916716326611892 0.005141417930111136
0.0 0.3354227536444833 0.4613256801902889 0.021812422488212913 0.02277863938325997
0.0 0.38618831080443905 0.36789158110556713 0.05318952633712959 0.05577359477737176
0.0 0.3173740123743938 0.4097735749092316 0.04976488315598565 0.05137524464773091
0.0 0.34099990623614856 0.3883483623667928 0.03516305085901761 0.036361459411013985
0.0 0.3250934686913658 0.3691797340533817 0.05724155274471321 0.060215103964354255
0.0 0.3159936037673685 0.34060226517698 0.015524067625785232 0.016550204948432068
0.0 0.3129766769289818 0.32113106595330615 0.04347920018859536 0.04413832489219327
0.0 0.35415042504111593 0.28306609875965727 0.014928128999277035 0.0159168160546741
0.0 0.2639423805369274 0.2532170923847854 0.036300054597282305 0.03578324090923379
0.0 0.2982741035857882 0.20853836425807915 0.05271135042523639 0.055804742500077054
0.0 0.2493872332449224 0.13612414858388142 0.0889179618544026 0.09302251114499022
0.0 0.21074377505833045 0.16588075337862898 0.021516679754156554 0.021621540502456293
0.0 0.1881937769983349 0.1958216747987576 0.03504172561768615 0.03704156988883017
0.0 0.1780718629100692 0.18465672577200531 0.03304804764550506 0.03389442368535245
0.0 0.14492475581521017 0.2503607588974335 0.012129978412893927 0.011897786755944606
