0.0 0.717706194504552 0.9753439843937717 0.01715236183806823 0.014667335362572587
0.0 0.5917301396051552 0.6955073525236238 0.04984527509843795 0.026576390827887986
0.0 0.5438957104593162 0.6922743264278199 0.026929566434707786 0.02075465216226402
0.0 0.5911972495492449 0.6517454209713224 0.040472981639295025 0.028424368424770696
0.0 0.5561141854575118 0.5963663002062443 0.032907980162330874 0.02846505403947508
0.0 0.5945350466170363 0.6009721838208881 0.03800185669483713 0.03017025810539642
0.0 0.5430958261746148 0.6202920337239275 0.014161196440701795 0.007233243842350245
0.0 0.5270158872336438 0.6020706003802223 0.014644739565431886 0.012460928420299333
0.0 0.6132493548280886 0.2821433313495634 0.04310920469243962 0.03557882143336194
0.0 0.5570094802027783 0.27127703013298643 0.022725864428194686 0.014442442843209224
0.0 0.527639265228609 0.3247092449802318 0.09891550498629448 0.05900447371318274
0.0 0.43230389835931965 0.3743258596259128 0.042330242414748365 0.03427273232753525
0.0 0.4882943649858082 0.12372876723178189 0.04257397251066852 0.04046546519812677
0.0 0.5153587913939948 0.10327409638850127 0.01586119324168833 0.018496827382365466
0.0 0.5672005808480521 0.14078372540531464 0.041625995057180676 0.0231012522398496
0.0 0.47101574449309264 0.05816651175415857 0.09359136982296434 0.05480989603871428
0.0 0.3885620637221834 0.04256948436301383 0.06904474194749488 0.03847138591563948
