0.0 0.047193140097802164 0.3117315579365415 0.04976475240682329 0.051727931134617766
0.0 0.201478047356233 0.4296734424472415 0.0459165648348549 0.048108020158904585
0.0 0.15512424743582598 0.4117108718109337 0.0329464823165499 0.03500097168284655
0.0 0.2241163382682616 0.367437396365245 0.0258111117585072 0.034668243693207756
0.0 0.34734344567682146 0.41997441629863164 0.046206322109662135 0.06446844981007582
0.0 0.3411129922282923 0.3889154210567268 0.04107480876827779 0.05760203433715205
0.0 0.5147201482057899 0.36317571399475534 0.05603141567487668 0.07986349232391654
0.0 0.5171606949094463 0.4149582315119115 0.036817371925721765 0.04129159321232312
0.0 0.603041946798155 0.3907395386624393 0.06001821780726968 0.0702450093195014
0.0 0.5859137077757435 0.4261315715242041 0.04354528294945659 0.035053393568764246
0.0 0.6036600180552629 0.4618851517471839 0.06494658994917779 0.09457689214309895
0.0 0.6516799324276266 0.3990272253700883 0.07512836976545434 0.09284263363485579
0.0 0.6756733144646427 0.4269277562551391 0.05369597658156333 0.07693453408033979
0.0 0.7017762612696757 0.41056667040649036 0.06677598981332644 0.09115593029337876
0.0 0.6505548756151529 0.30771406625297604 0.029964599697367644 0.03284088481018271
0.0 0.6387271892858877 0.34745806631007664 0.0584373632170041 0.061541924926074354
0.0 0.7705345736217277 0.38020813224058986 0.04199428934151339 0.05349942979277389
0.0 0.7801617700239873 0.4414230861256862 0.06434974257119896 0.07754412983474801
0.0 0.8712815946844226 0.40915417167041584 0.07316275767808433 0.08023933216199464
0.0 0.9068020660560381 0.4035342221473712 0.04532866613827424 0.06167327043014459
0.0 0.9146975395315318 0.3457451364164996 0.06607458093072827 0.09136762779580132
