0.0 0.21987725381311293 0.7074090258719741 0.02837868849866171 0.04812307995041054
0.0 0.252727209711359 0.6743389165042325 0.013364120979059091 0.015324042189343023
0.0 0.2836739581441118 0.6987594255374183 0.04333272734459209 0.07244118680103062
0.0 0.08217494228299263 0.6596209506295792 0.047454864381656525 0.07816029667610425
0.0 0.3006929442110099 0.5826644275499978 0.021364911404698317 0.04074635448417241
0.0 0.3609553341776513 0.6469850214523621 0.015987133159760636 0.024770483768810747
0.0 0.3664441074047142 0.5858651474876534 0.015749225938332778 0.02083050315017987
0.0 0.45003861760565056 0.604176295514015 0.01705561191955529 0.027508525041069376
0.0 0.503016955183434 0.638828820437973 0.014883269954001632 0.019746778142483823
0.0 0.5589783599995959 0.5733770650595815 0.02839359250811302 0.058227948709101196
0.0 0.635232496611263 0.5841912813792776 0.01672133526055719 0.028771221220080356
0.0 0.6998395202030825 0.5739312827413372 0.02540649564951092 0.029834465791263365
