0.0 0.04598673581198545 0.3654036398831878 0.0308815195866754 0.02982779396895041
0.0 0.048838705673422536 0.396888811428938 0.06238825042668475 0.05916121572240207
0.0 0.04961127755957648 0.4346682834208712 0.018349133237235415 0.02849124230783795
0.0 0.129066354731366 0.44477307400219507 0.0596697225905759 0.0771879109852528
0.0 0.22818580679989917 0.47162794543088654 0.022630770223623142 0.02394792724577932
0.0 0.2523673048498867 0.4628179506881997 0.029589017189756817 0.043419165922396474
0.0 0.2774831401280021 0.4482080277148288 0.024070876304192856 0.02512460192191779
0.0 0.3305295555569827 0.5283456774037372 0.11253932187123178 0.14652197304286074
0.0 0.4000813544486591 0.5218707840952299 0.032929357644270574 0.045574065056969704
0.0 0.37407156251520113 0.5451301101958206 0.03328768484694833 0.056206217032465644
0.0 0.47591294105477244 0.6221893135510692 0.03419742146113469 0.05895997347767057
0.0 0.5131467559649643 0.6011108292012116 0.05425014619466667 0.09817733288357466
0.0 0.5505614337939595 0.5864188570913471 0.057607965925489 0.08526826339076832
0.0 0.5922417255996677 0.6296406114943076 0.04102570605381295 0.07803781837640134
0.0 0.6189206700280622 0.599402929158134 0.04180887892947349 0.05972221443079728
0.0 0.654779279027468 0.5968504149576608 0.06509658235800586 0.1031624202983189
0.0 0.6897582550637421 0.5409934011688246 0.042845017248298145 0.054106709787733465
0.0 0.6779489153047977 0.6505374310361013 0.05282039805277228 0.06441137984774636
0.0 0.6724482536955423 0.687989778427798 0.017660640114638304 0.018450934327931878
0.0 0.6678608893692897 0.7117813353461242 0.01929042976910955 0.021793028111206314
0.0 0.7255912912458817 0.7613962579888727 0.03219522396260632 0.0393737297333574
0.0 0.7646272621420251 0.6793908312719128 0.030351150120291992 0.03140487573801698
0.0 0.8937058728083014 0.7695933022959012 0.035725247991021614 0.043694047975066264
0.0 0.9378925126644584 0.7641197840349607 0.0542639027682712 0.04491208791096235
0.0 0.9304511550915292 0.8168569862303799 0.048352638161299755 0.0755519306688246
0.0 0.8938337307795736 0.8479564919437785 0.06247289630884778 0.12227182511473766
0.0 0.15985724133545692 0.2743052511100901 0.02434132102366568 0.02276073259707828
