0.0 0.12628275751482065 0.07718589430290931 0.06871611876206896 0.04516490304714678
0.0 0.06391460638136295 0.0948385014506273 0.02605635032422704 0.02964773805788086
0.0 0.22511965257968622 0.03560121352324419 0.030519481577181373 0.014772627668083849
0.0 0.1886113049250976 0.05300707920277432 0.024438988614044477 0.023195815937010464
0.0 0.15941447896982738 0.11344912179386009 0.10526761181694583 0.06666019368016737
0.0 0.16781163208798736 0.1586042970137077 0.12355517964773705 0.08038946169516716
0.0 0.2210303405833964 0.23905362590296855 0.09473346349913042 0.05584978476745556
0.0 0.3036935714074518 0.24067757767150025 0.01537087046790303 0.017166564334729906
0.0 0.27446956116836874 0.2818398187372366 0.10395291318378025 0.06354980118017478
0.0 0.285837504718527 0.31251699110661435 0.05786688792786859 0.04156751282897808
0.0 0.275425111111346 0.3546128997849953 0.022478761967648753 0.021511849885511247
0.0 0.23598617488395532 0.37667691409112636 0.04059549546634861 0.024088924921285948
0.0 0.2630128871345888 0.38947598790724264 0.08259317663846982 0.05510524744627332
0.0 0.31156455867895516 0.40139599348300126 0.05391451240212647 0.039272700872614585
0.0 0.318758142843262 0.4554200719610555 0.052288871065698406 0.039857144295358415
0.0 0.26451346044280594 0.4846392629803431 0.0798957950931144 0.05454888551136533
0.0 0.2849335610226301 0.517117648967378 0.07723861540695515 0.045883037886208455
0.0 0.21913561139399526 0.517187621882306 0.019231619107915543 0.01916255395919153
0.0 0.36491624505233616 0.5498034035040812 0.02156249311035241 0.018523626566491425
0.0 0.46810950986349775 0.628332823008473 0.04959562933346573 0.03578259958864349
0.0 0.4249865464103698 0.7208329841742458 0.12223220138832602 0.08431543473878877
0.0 0.4850205573627988 0.7403473962342416 0.08203099588472412 0.06386686177028267
0.0 0.5496897301723037 0.7195373527399627 0.05042855093127785 0.03143563503214708
0.0 0.5603905730090878 0.7430634305081413 0.02640335507356295 0.021361599216702665
0.0 0.5525452511118671 0.6975755903508833 0.06975593673804559 0.04737882855143338
