0.0 0.421957671957672 0.9924355158730158 0.046957671957671976 0.015128968253968256
0.0 0.34970238095238093 0.9866071428571428 0.05985449735449738 0.0267857142857143
0.0 0.3351521164021164 0.9497767857142857 0.05654761904761907 0.049851190476190466
0.0 0.37549603174603174 0.9280753968253967 0.008267195767195756 0.007440476190476164
0.0 0.44758597883597884 0.8957093253968254 0.019510582010582034 0.015625
0.0 0.43882275132275134 0.8723958333333334 0.025793650793650813 0.020585317460317443
0.0 0.32258597883597884 0.8849206349206349 0.030753968253968256 0.031746031746031744
0.0 0.34457671957671965 0.857390873015873 0.0224867724867725 0.011904761904761862
0.0 0.48015873015873023 0.8263888888888888 0.03505291005291006 0.020337301587301515
0.0 0.4482473544973545 0.8059275793650793 0.01620370370370372 0.01909722222222221
0.0 0.4333664021164021 0.8203125 0.012896825396825407 0.01909722222222232
0.0 0.4267526455026456 0.8430059523809523 0.01091269841269843 0.014880952380952439
0.0 0.4184854497354497 0.8023313492063493 0.10218253968253965 0.03670634920634919
0.0 0.3644179894179894 0.8328373015873016 0.08267195767195767 0.036210317460317554
0.0 0.3146494708994709 0.8359375 0.01620370370370372 0.010664682539682557
0.0 0.3533399470899471 0.8160962301587302 0.01091269841269843 0.011160714285714302
0.0 0.41418650793650796 0.7689732142857143 0.08763227513227512 0.04241071428571419
0.0 0.3811177248677249 0.7332589285714286 0.05191798941798942 0.02356150793650802
0.0 0.3931878306878307 0.7166418650793651 0.05621693121693122 0.027529761904761973
0.0 0.3682208994708995 0.705109126984127 0.028108465608465583 0.029265873015873023
0.0 0.3976521164021164 0.6925843253968255 0.017526455026455 0.010664682539682557
0.0 0.4252645502645503 0.6922123015873015 0.046957671957671976 0.0401785714285714
0.0 0.4131944444444444 0.668030753968254 0.03869047619047622 0.02256944444444442
0.0 0.4457671957671958 0.6581101190476191 0.05026455026455029 0.02703373015873023
0.0 0.427579365079365 0.6383928571428572 0.04100529100529099 0.03670634920634919
0.0 0.47949735449735453 0.6352926587301587 0.06349206349206354 0.04885912698412698
0.0 0.46445105820105814 0.5802331349206349 0.010251322751322733 0.013144841269841279
0.0 0.41187169312169314 0.5665922619047619 0.0400132275132275 0.02157738095238093
0.0 0.4793320105820106 0.5398065476190477 0.0843253968253968 0.05282738095238093
0.0 0.5115740740740741 0.5230654761904762 0.09457671957671954 0.029265873015873023
0.0 0.577876984126984 0.5078125 0.08300264550264547 0.03993055555555558
0.0 0.5400132275132276 0.4892113095238096 0.06349206349206349 0.03844246031746035
0.0 0.5054563492063492 0.5042162698412698 0.059193121693121686 0.01736111111111105
0.0 0.4912367724867725 0.47656249999999994 0.04265873015873012 0.03645833333333337
0.0 0.4499007936507936 0.4681299603174603 0.06117724867724866 0.04439484126984128
0.0 0.40922619047619047 0.5212053571428572 0.06183862433862436 0.04439484126984128
0.0 0.4216269841269841 0.3723958333333334 0.04100529100529099 0.01909722222222221
0.0 0.44923941798941797 0.34077380952380953 0.10218253968253965 0.058531746031746046
0.0 0.44031084656084657 0.3086557539682539 0.10284391534391535 0.03844246031746035
0.0 0.31679894179894186 0.3179563492063492 0.03306878306878308 0.03323412698412698
0.0 0.37648809523809523 0.34722222222222215 0.03935185185185186 0.024801587301587324
0.0 0.3478835978835979 0.3323412698412699 0.02843915343915343 0.026289682539682557
0.0 0.35763888888888895 0.31882440476190477 0.023478835978835988 0.009672619047619069
0.0 0.3224206349206349 0.3363095238095239 0.021825396825396803 0.011408730158730118
