0.0 0.48846726190476186 0.4280753968253968 0.025545634920634885 0.07638888888888895
0.0 0.19618055555555558 0.5856481481481481 0.034226190476190466 0.044973544973545
0.0 0.19903273809523814 0.5375330687830688 0.02852182539682535 0.04199735449735442
0.0 0.3706597222222222 0.560681216931217 0.019593253968253954 0.03141534391534384
0.0 0.38678075396825395 0.5405092592592593 0.00868055555555558 0.024801587301587324
0.0 0.5256696428571429 0.574404761904762 0.01661706349206349 0.051587301587301626
0.0 0.5400545634920635 0.6018518518518519 0.012152777777777679 0.019179894179894186
0.0 0.5593998015873016 0.6102843915343916 0.022073412698412676 0.050595238095238027
0.0 0.558655753968254 0.6603835978835979 0.03298611111111116 0.037698412698412564
0.0 0.4874751984126984 0.5677910052910053 0.027529761904761862 0.04034391534391535
0.0 0.7594246031746033 0.5499338624338623 0.019345238095238027 0.02447089947089942
0.0 0.7845982142857142 0.6350859788359788 0.014136904761904767 0.029431216931216864
0.0 0.8714037698412699 0.6921296296296297 0.03645833333333326 0.04034391534391535
0.0 0.9523809523809523 0.5279431216931216 0.021329365079365004 0.04265873015873023
0.0 0.5946180555555556 0.590112433862434 0.03794642857142849 0.040013227513227556
0.0 0.6142113095238095 0.6226851851851851 0.02356150793650791 0.0443121693121693
