0.0 0.9816176470588236 0.43831699346405223 0.02450980392156865 0.022875816993464082
0.0 0.9692095588235294 0.40972222222222227 0.04993872549019607 0.04493464052287577
0.0 0.9568014705882353 0.3745915032679738 0.01041666666666663 0.02614379084967322
0.0 0.8792892156862745 0.3897058823529411 0.03982843137254899 0.06699346405228757
0.0 0.7781862745098039 0.3952205882352941 0.017156862745097978 0.0191993464052288
0.0 0.7582720588235294 0.4109477124183007 0.017769607843137192 0.039215686274509776
0.0 0.7392769607843137 0.43239379084967317 0.018382352941176516 0.020016339869281086
0.0 0.664828431372549 0.3737745098039216 0.07475490196078427 0.12745098039215685
0.0 0.6017156862745099 0.40134803921568635 0.02083333333333337 0.0404411764705882
0.0 0.6188725490196079 0.3715277777777778 0.017156862745097978 0.052696078431372584
0.0 0.4996936274509804 0.3308823529411765 0.01715686274509809 0.05555555555555558
0.0 0.47135416666666663 0.36213235294117657 0.025428921568627416 0.09354575163398693
0.0 0.4408700980392158 0.3874591503267973 0.03431372549019607 0.07720588235294124
0.0 0.3884803921568627 0.35988562091503273 0.017769607843137303 0.07516339869281041
0.0 0.37285539215686264 0.3964460784313726 0.02573529411764708 0.05351307189542487
0.0 0.3400735294117647 0.4099264705882352 0.03615196078431371 0.0951797385620915
0.0 0.3246017156862745 0.4730392156862745 0.029105392156862697 0.04656862745098045
0.0 0.30177696078431376 0.36683006535947715 0.03676470588235292 0.054738562091503296
0.0 0.2953431372549019 0.33006535947712423 0.013480392156862697 0.014705882352941124
0.0 0.2922794117647059 0.3063725490196078 0.01409313725490191 0.017973856209150374
0.0 0.22288602941176477 0.27777777777777785 0.02236519607843135 0.03349673202614378
0.0 0.21170343137254893 0.366625816993464 0.023284313725490224 0.024918300653594794
0.0 0.0629595588235295 0.3220996732026144 0.024816176470588203 0.037173202614379064
0.0 0.02328431372549017 0.34089052287581706 0.045955882352941235 0.03145424836601307
0.0 0.01393995098039219 0.2892156862745098 0.027267156862745057 0.06944444444444442
0.0 0.03860294117647051 0.24877450980392157 0.02573529411764708 0.11846405228758172
0.0 0.9031862745098039 0.5588235294117647 0.019607843137254832 0.017156862745097978
