0.0 0.1816698059957198 0.7414776772248513 0.036161430418168994 0.04966179351336819
0.0 0.21293343382263263 0.7116569969823673 0.015421799701188288 0.016761909273138142
0.0 0.24099729506958611 0.735057198166762 0.05498871272359174 0.07489182155144058
0.0 0.055274462741572425 0.6937588970841533 0.05996292524992558 0.08095797521047421
0.0 0.2596668764982671 0.627913570260441 0.02821354879471849 0.04146574345066778
0.0 0.31389654437492187 0.6890159565589531 0.019859052240624175 0.02586472847047372
0.0 0.32050922052549335 0.6325219379361015 0.01878123732635789 0.022255595475857648
0.0 0.39750695669529 0.65157679805199 0.02142342998884006 0.028570681039239543
0.0 0.44572874333509505 0.6850079947113707 0.017762066679393618 0.021087523765343508
0.0 0.4992155005224868 0.6257612311593334 0.038388303802240675 0.05878774950858956
0.0 0.56959925164844 0.6376863539161524 0.021398231412366076 0.029637423595465506
0.0 0.6297177829002717 0.6297939911943129 0.029472105918187053 0.032499760877036876
