0.0 0.049640436151175166 0.5066652662774882 0.021416294766328725 0.03451946174321441
0.0 0.24770401446442675 0.5275246421595046 0.025016912632209065 0.028703566391807378
0.0 0.2882391138309467 0.5489226879277451 0.022356340340270286 0.02781969470690404
0.0 0.3069740510106107 0.5827614918737629 0.013221959590097643 0.015798175470298825
0.0 0.3286114912127705 0.5090855532164613 0.025054004603046742 0.025675849815509133
0.0 0.3748899575764572 0.5197684537599527 0.03326625425373453 0.03020144570659855
0.0 0.35588179737781683 0.4943060858803935 0.021062026510485055 0.025237272937017996
0.0 0.37654784167573563 0.46729934230249787 0.07000519900830404 0.10322950035986522
0.0 0.40382374611404975 0.4460933309490963 0.054599407841159575 0.07787418579332267
0.0 0.46259401734130867 0.5217340380478945 0.04925110481105566 0.04489818832381903
0.0 0.42973494184667566 0.5414725919185117 0.030426940035528816 0.039132773010002064
0.0 0.49314104715930807 0.4849963563152492 0.04392772091787073 0.044904906251740206
0.0 0.47209231313739514 0.4170892875139054 0.0220583415516451 0.026677763129937082
0.0 0.520124407714994 0.41802862989324957 0.03758786819976212 0.05944128566629703
0.0 0.6439574053322396 0.34801509833780153 0.07186835196911345 0.07688753118398833
0.0 0.7383794435951886 0.2507462155141921 0.03989865085447142 0.047494045949547536
0.0 0.7714118061100913 0.2610353082916671 0.0361068314938644 0.0466337825905489
0.0 0.7963532717787011 0.2485363451455725 0.08054516950077484 0.10875029163746108
0.0 0.6317647189119462 0.28311295363329636 0.06650115817716973 0.08524534958139268
0.0 0.6437753624838917 0.23264176672322084 0.039254364759848004 0.057110205860553154
