0.0 0.9048859126984128 0.6081349206349206 0.033482142857142905 0.05753968253968256
0.0 0.941344246031746 0.6006944444444444 0.03546626984126977 0.053902116402116285
0.0 0.9759424603174603 0.5770502645502645 0.03224206349206349 0.08201058201058209
0.0 0.996155753968254 0.5982142857142856 0.007688492063492092 0.02447089947089942
0.0 0.7761656746031745 0.41716269841269843 0.01661706349206349 0.03472222222222221
0.0 0.7540922619047619 0.4398148148148148 0.01810515873015872 0.045634920634920584
0.0 0.7258184523809523 0.48677248677248675 0.042906746031746046 0.07473544973544977
0.0 0.7025049603174602 0.5639880952380953 0.05580357142857151 0.08234126984126988
0.0 0.6498015873015873 0.5236441798941799 0.02678571428571419 0.06117724867724861
0.0 0.6264880952380951 0.6159060846560847 0.04712301587301593 0.08630952380952372
0.0 0.609375 0.5418320105820106 0.01736111111111116 0.05654761904761907
0.0 0.5851934523809524 0.5477843915343915 0.035962301587301626 0.0902777777777779
0.0 0.5471230158730158 0.5816798941798942 0.024801587301587324 0.05820105820105814
0.0 0.5207093253968255 0.5582010582010581 0.018601190476190466 0.033068783068783136
0.0 0.5062003968253967 0.49255952380952384 0.03472222222222221 0.055886243386243484
0.0 0.5236855158730158 0.46577380952380953 0.025049603174603252 0.07043650793650791
0.0 0.4532490079365079 0.4441137566137566 0.01661706349206349 0.04034391534391535
0.0 0.4987599206349206 0.4439484126984126 0.022321428571428603 0.0360449735449736
0.0 0.5133928571428572 0.38260582010582006 0.04613095238095244 0.08333333333333337
0.0 0.47643849206349204 0.39980158730158727 0.024801587301587324 0.04894179894179895
0.0 0.3477182539682539 0.560681216931217 0.05704365079365081 0.12731481481481477
0.0 0.3056795634920635 0.5492724867724867 0.04191468253968256 0.09060846560846558
