0.0 0.528390522875817 0.946078431372549 0.07965686274509798 0.05943627450980393
0.0 0.5731209150326797 0.9797794117647058 0.040849673202614345 0.0404411764705882
0.0 0.6215277777777778 0.9269301470588236 0.10906862745098045 0.07077205882352933
0.0 0.6601307189542482 0.8285845588235294 0.03104575163398693 0.05177696078431371
0.0 0.7224264705882353 0.8246017156862745 0.07475490196078427 0.04810049019607843
0.0 0.6339869281045751 0.813265931372549 0.026960784313725505 0.021752450980392135
0.0 0.6176470588235294 0.7806372549019608 0.07679738562091509 0.037377450980392135
0.0 0.6053921568627451 0.7285539215686274 0.11519607843137258 0.0533088235294118
0.0 0.5236928104575164 0.6965379901960784 0.05882352941176472 0.023590686274509776
0.0 0.5273692810457518 0.7181372549019607 0.02614379084967322 0.01409313725490191
0.0 0.4765114379084967 0.7141544117647058 0.030637254901960786 0.02573529411764708
0.0 0.6096813725490197 0.6688112745098039 0.1172385620915033 0.05453431372549011
0.0 0.6131535947712419 0.6317401960784313 0.040849673202614345 0.049632352941176405
0.0 0.6417483660130718 0.5497855392156863 0.04166666666666663 0.016237745098039102
0.0 0.6415441176470589 0.49249387254901966 0.029820261437908502 0.02604166666666674
0.0 0.6746323529411764 0.5030637254901961 0.03880718954248363 0.021446078431372584
0.0 0.5778186274509802 0.4518995098039215 0.04697712418300648 0.02083333333333337
0.0 0.5635212418300654 0.3734681372549019 0.06658496732026142 0.03982843137254899
0.0 0.5833333333333334 0.27159926470588236 0.11601307189542487 0.0646446078431373
0.0 0.7316176470588234 0.24096200980392163 0.0326797385620915 0.02236519607843135
0.0 0.713031045751634 0.22610294117647062 0.029820261437908502 0.012867647058823484
0.0 0.7193627450980392 0.1516544117647058 0.2009803921568627 0.07843137254901966
0.0 0.7267156862745097 0.05193014705882343 0.11111111111111105 0.07015931372549022
0.0 0.718545751633987 0.007352941176470618 0.1413398692810458 0.01409313725490191
