0.0 0.08467270157727541 0.4440625479018899 0.04050602194473174 0.061319845805119566
0.0 0.04945167068820566 0.45606462016032423 0.04201302871844792 0.057963141161288034
0.0 0.0196593995176981 0.4839038815240176 0.0393187990353962 0.08543613695192509
0.0 0.0003804924183799241 0.465472920118105 0.0007609848367598482 0.025248116329240955
0.0 0.2365630174544042 0.6171770224513471 0.02088455354793134 0.03654856531915096
0.0 0.25558687824546694 0.5919095206703688 0.023743985990272498 0.04756186690267494
0.0 0.2776800366761414 0.5417465501519665 0.052034406907620234 0.0795715965510887
0.0 0.29101726347956935 0.4621985301633923 0.0657913390752991 0.08875091797284024
0.0 0.3484096436008477 0.49553607261243826 0.03432472842080547 0.06407919826933228
0.0 0.359839535374616 0.401063137035474 0.05768384426564355 0.09158677385266695
0.0 0.386204533799736 0.47237031294788095 0.024389282603566875 0.05829221219059033
0.0 0.4094364551594538 0.4634005908679933 0.04711619853482485 0.09410823384848388
0.0 0.44290302805117476 0.4249525514592116 0.03197933262306313 0.060875500456728626
0.0 0.4720799163968562 0.444893664014852 0.02264307702885532 0.035159981412250074
0.0 0.4947928103491215 0.5081664424735143 0.04152650014930681 0.059836943133015685
0.0 0.4808442219022271 0.5369525634043464 0.03377636740962797 0.07304368458953481
0.0 0.5534582321169484 0.5495090383432923 0.02159718421835355 0.04212490740712094
0.0 0.508335422439204 0.5554422128762839 0.02671057847141206 0.038583756343660736
0.0 0.5015965902021844 0.6181448813753789 0.05632250883636658 0.08850883439366719
0.0 0.5360730274650481 0.5964033363169006 0.030805587989426453 0.05169093701771932
0.0 0.643361047263981 0.4205044001840024 0.07272245989925918 0.13351885261860486
0.0 0.6865068264441427 0.4264920841873865 0.05306248019681792 0.09519080409292918
