0.0 0.093 0.5898333333333334 0.014499999999999999 0.03700000000000003
0.0 0.124125 0.6348333333333334 0.05124999999999999 0.05033333333333334
0.0 0.1265 0.576 0.0605 0.04400000000000004
0.0 0.181375 0.6126666666666667 0.02074999999999999 0.016000000000000014
0.0 0.177625 0.6655 0.024749999999999994 0.06166666666666665
0.0 0.14850000000000002 0.528 0.04450000000000001 0.04133333333333333
0.0 0.21375 0.5871666666666666 0.036000000000000004 0.054333333333333345
0.0 0.2555 0.5948333333333333 0.049000000000000016 0.06433333333333335
0.0 0.27012499999999995 0.5128333333333335 0.023749999999999993 0.025000000000000022
0.0 0.381 0.604 0.030999999999999972 0.08866666666666667
0.0 0.4955 0.5753333333333334 0.04149999999999998 0.05066666666666664
0.0 0.557 0.7063333333333335 0.02400000000000002 0.06333333333333335
0.0 0.582375 0.6755 0.027249999999999996 0.06433333333333335
0.0 0.698125 0.6281666666666668 0.015249999999999986 0.025000000000000022
0.0 0.711875 0.6078333333333334 0.016249999999999987 0.02100000000000002
0.0 0.748875 0.6345000000000001 0.015249999999999986 0.031000000000000028
0.0 0.783625 0.5736666666666665 0.017750000000000044 0.01733333333333331
0.0 0.8070000000000002 0.627 0.017000000000000015 0.03200000000000003
0.0 0.6268750000000001 0.6495 0.011750000000000038 0.019000000000000017
0.0 0.462875 0.5653333333333335 0.011249999999999982 0.010666666666666713
