0.0 0.16499352295486577 0.9668988415291649 0.03072671712228031 0.033967544750088896
0.0 0.19413019513909893 0.9683581447911231 0.05050936516486787 0.05457413202008554
0.0 0.1739034744903401 0.936894907245024 0.04061875153569117 0.04135114196005474
0.0 0.16817098032280814 0.9083298979523557 0.023700031401093002 0.023480314273784053
0.0 0.22551226101682054 0.9702844757917116 0.02265108896917989 0.023218691548061665
0.0 0.1915758687316265 0.8714982999613272 0.01565457359397887 0.017705266782196638
0.0 0.11416929127317679 0.8690845629516231 0.03133171228097248 0.034792257036090124
0.0 0.10673772932901038 0.8464172257114131 0.008784422739659736 0.008729493457832582
0.0 0.13110071473851645 0.8543383213308979 0.01017351301692665 0.011272098653472007
0.0 0.16540099008041284 0.8801286985194692 0.03461250935056531 0.03770685889350123
0.0 0.2232852537910102 0.8714931462373794 0.014041253170800017 0.015506034019526993
0.0 0.23603432125155605 0.8363472684767503 0.012625084781915596 0.013705360657851773
0.0 0.24908993958383394 0.8688426848113378 0.010764969119810008 0.012467776856455282
0.0 0.2583816171901058 0.8897226300594838 0.010178026035529641 0.011148443347811177
0.0 0.27612968796225823 0.923427005966666 0.03357710597446084 0.03707427025079679
0.0 0.4017979387772017 0.7633727013812321 0.03652226821730287 0.03758423433263003
0.0 0.3731781325559535 0.7420834922244544 0.01968787465192623 0.023203348688871084
0.0 0.3816538732475297 0.7047869279843744 0.014709430589932904 0.014599572026278484
0.0 0.3934309702583123 0.7227865055439273 0.015237704432375376 0.017526424508511496
0.0 0.3993297357220354 0.7453097500516647 0.030767334289706794 0.03285464699914287
0.0 0.4263613775156872 0.6654361953025606 0.02342615805054904 0.025183895069021522
0.0 0.4556629002118773 0.6803055177002248 0.008806987832674307 0.008111216929528986
0.0 0.5223467971680776 0.7100359756935634 0.01586977770268505 0.01760920496054852
0.0 0.5042022911509852 0.7041071617066558 0.008183940599570727 0.007781125866170635
0.0 0.5150044092050021 0.6016776743981807 0.047008850967965865 0.05187924728998328
0.0 0.5392132415898917 0.6338138600682133 0.02348031427378383 0.023700031401093113
0.0 0.5511134855542372 0.5918909263734948 0.05664815633961329 0.06618754161694795
0.0 0.5539930836943867 0.5614480732071306 0.0850451531991836 0.09438313110981844
0.0 0.5915469526613082 0.5601153991725486 0.03481417440346268 0.03798176298883482
0.0 0.6011242458908482 0.5057313293061806 0.022955132665710254 0.02648891646326429
0.0 0.617987848744194 0.4684127815221047 0.011043355488957074 0.010640540755557093
0.0 0.6223965660712512 0.45777888145135315 0.008161375506555935 0.008399402394474065
0.0 0.6061092088148454 0.4600016438752035 0.005086756508463353 0.005636049326735948
0.0 0.5903017776475342 0.4265650160061546 0.022587906708739114 0.024949865827311346
0.0 0.6765525334784491 0.5017737258399906 0.05492343123559551 0.06124029864573072
0.0 0.6486789214438676 0.41968210617491586 0.051943585628164035 0.05588018415911805
0.0 0.6656496666253496 0.4495168719482194 0.03666075100975941 0.03959031270721358
0.0 0.6895099101868464 0.4372989234087329 0.05897478436795445 0.06624375932976229
0.0 0.7216587295008482 0.43443435479539855 0.015842699591067655 0.018351136794512612
0.0 0.7428176391570113 0.43582622046451014 0.04589814705984607 0.04750940599344583
0.0 0.7731562366794401 0.48799056098507 0.01523319141377244 0.01765007981417216
0.0 0.8256388773647532 0.4002290548841829 0.03905507431714428 0.03779170083511735
0.0 0.8645270953265395 0.44675579996082215 0.054062614800771014 0.06162454593232414
0.0 0.952040785974156 0.4123675939530895 0.09196494725813498 0.10199869607191514
0.0 0.9298364858466655 0.36480712397077736 0.022866293077886013 0.023122629726413213
0.0 0.9036689617825232 0.3341078018026385 0.035979034534817655 0.04086774061744425
0.0 0.9177673380779767 0.3260911005775735 0.03464861349938886 0.03671761644821564
0.0 0.8565169896705476 0.27588383593231003 0.013091597148151113 0.012523994569269392
