0.0 0.3459821428571429 0.47784391534391535 0.013888888888888895 0.031084656084656104
0.0 0.36235119047619047 0.5036375661375662 0.019345238095238082 0.027116402116402094
0.0 0.4052579365079365 0.4895833333333333 0.02529761904761907 0.04662698412698407
0.0 0.40947420634920634 0.5267857142857143 0.004960317460317443 0.007275132275132323
0.0 0.4185267857142857 0.48826058201058203 0.013144841269841279 0.017526455026455
0.0 0.4429563492063492 0.4580026455026455 0.021825396825396803 0.025793650793650813
0.0 0.4701140873015873 0.5428240740740741 0.042906746031746046 0.10416666666666669
0.0 0.5811011904761905 0.5681216931216931 0.031746031746031744 0.09391534391534395
0.0 0.6135912698412699 0.591765873015873 0.04613095238095233 0.07969576719576721
0.0 0.6359126984126984 0.5453042328042328 0.012400793650793607 0.016534391534391513
0.0 0.646453373015873 0.5788690476190477 0.02852182539682535 0.06845238095238093
0.0 0.6672867063492063 0.4088955026455027 0.0200892857142857 0.023478835978835988
0.0 0.662078373015873 0.44494047619047616 0.030009920634920584 0.04993386243386244
0.0 0.6395089285714286 0.4525462962962963 0.005704365079365115 0.004960317460317443
0.0 0.6830357142857143 0.42228835978835977 0.004960317460317443 0.007936507936507908
0.0 0.7367311507936508 0.398478835978836 0.011656746031746046 0.023809523809523836
0.0 0.7470238095238095 0.42774470899470896 0.01736111111111116 0.022817460317460292
0.0 0.7506200396825397 0.46924603174603174 0.02157738095238093 0.036375661375661394
0.0 0.7664930555555556 0.43964947089947093 0.019593253968253954 0.014880952380952384
0.0 0.7931547619047619 0.3498677248677249 0.025793650793650813 0.050264550264550234
0.0 0.7807539682539683 0.3774801587301587 0.029265873015873023 0.031415343915343896
0.0 0.8108878968253969 0.3862433862433863 0.025545634920634885 0.0224867724867725
0.0 0.7813740079365079 0.427744708994709 0.013640873015873023 0.009589947089947093
0.0 0.8315972222222222 0.41302910052910047 0.019345238095238138 0.042989417989417966
0.0 0.8325892857142857 0.4522156084656085 0.012896825396825351 0.03273809523809523
0.0 0.8456101190476191 0.5572089947089947 0.02852182539682535 0.05753968253968256
0.0 0.9797867063492065 0.4298941798941799 0.014136904761904767 0.03968253968253971
0.0 0.9914434523809523 0.45601851851851855 0.01661706349206349 0.07804232804232802
0.0 0.9892113095238095 0.5104166666666666 0.017609126984126977 0.022817460317460292
