0.0 0.6297347531798002 0.5559477906635509 0.014992951886058314 0.031103885063876735
0.0 0.6148133682148986 0.5299248830012708 0.020170598721713673 0.0274515012155353
0.0 0.5721053859150855 0.5418220387833492 0.026868645366794452 0.046852399020049895
0.0 0.5696075534425425 0.5051429085129018 0.005186135881390719 0.00735491534763566
0.0 0.5590311348486088 0.5425353307650824 0.013666087600615495 0.017771277304578947
0.0 0.533734765891897 0.5711410115602555 0.02254525396881457 0.02626316162523412
0.0 0.5108293829313104 0.4867400688463918 0.04667581290011219 0.10407101234609006
0.0 0.40307107388398034 0.45703751878020954 0.035276382822416075 0.0935236027729901
0.0 0.37224120231013463 0.43241328201153223 0.048761078500056954 0.08020838076060621
0.0 0.34829931572493156 0.4770067259309383 0.01289253547227881 0.016765355947716
0.0 0.33943742243200103 0.4436173708031783 0.03099242944028724 0.06840387523300967
0.0 0.31151679895553197 0.6094346904072245 0.020740299002695417 0.02391601179255398
0.0 0.31821301832297644 0.5743058969495678 0.03163676123010367 0.05030375592171066
0.0 0.34068729533822917 0.5678387855671068 0.005814079547331319 0.005116971861752528
0.0 0.2966576069146592 0.5956035774919411 0.005215257573870091 0.008003688316184698
0.0 0.24293697060131814 0.6165950869515523 0.012483004499932893 0.023869096697717973
0.0 0.23412907617047854 0.587433676754042 0.01803498881495086 0.023147111842527712
0.0 0.23242875935706578 0.546564823774724 0.022767911185276712 0.03663260848734151
0.0 0.21555501237343824 0.5748984934977983 0.019875137274053156 0.015460121932054927
0.0 0.18544808232473947 0.6617954557502814 0.027515394401842252 0.050442491616429774
0.0 0.1988284061460459 0.6352552160473386 0.03009148425106667 0.03210535089829403
0.0 0.16965455019187342 0.6253321171004755 0.026048993454507396 0.023183106302684053
0.0 0.20043343011645476 0.5859211688509005 0.013803207017276442 0.010007842951348045
0.0 0.15051927515958677 0.5981449388784763 0.02086951934121578 0.043022052460716
0.0 0.15127157598615906 0.5596614579532178 0.014092596664432577 0.032682134946530494
0.0 0.14312192684892908 0.45609541587534774 0.03051192151437948 0.05769912125194793
0.0 0.006851798464000568 0.5750761489593381 0.013703596928001136 0.0395488542896959
0.0 0.002740129304090344 0.5489363468716979 0.005480258608180688 0.07728689281234624
0.0 0.0046679378244280124 0.49567305592064426 0.009335875648856025 0.02315803247720738
