0.0 0.5721786108353396 0.8272211019832041 0.0446459413593403 0.028783500899587366
0.0 0.5534403480191656 0.7894954568651139 0.0145553106669557 0.01298073018014212
0.0 0.5833362572803669 0.7701218242685659 0.06725492345808093 0.04386948733910678
0.0 0.4912353513216445 0.9311351411974844 0.0726194294543504 0.04795100182760237
0.0 0.4889584573122834 0.7217894059101538 0.03759385830784617 0.022023006827132763
0.0 0.5615198070211492 0.6889405959000667 0.023088618121906324 0.0160321648291486
0.0 0.5108235367280318 0.6664651181650991 0.019596462810811954 0.01551421710425771
0.0 0.5508073107698264 0.6002699562573227 0.025586097490090665 0.017188334893750712
0.0 0.5958663782875412 0.5650229746649512 0.01857329540870345 0.014666003089573332
0.0 0.5561460161733527 0.49810402261533915 0.05355570851157243 0.0295870944345194
0.0 0.5875802984938332 0.43600832372821513 0.026673160247976058 0.016992406143861993
0.0 0.5975958377993427 0.37774729838900556 0.028289929510043055 0.024732543965760245
