0.0 0.6497090942488524 0.15771105752835596 0.10027442938729136 0.1093330200598912
0.0 0.45225665195373194 0.46146607111047605 0.04002545309685168 0.04162479906220218
0.0 0.40511160057106643 0.49248970918427704 0.1078787585600216 0.10634495956046419
0.0 0.37586421643113715 0.4237977054510841 0.023055152115847855 0.023251793013226996
0.0 0.29034483463405264 0.40493564420610184 0.041652064203143824 0.045480007005457956
0.0 0.25250921467547305 0.38473427707839647 0.03590758918440756 0.03780845119240611
0.0 0.22297634266474317 0.40401340078725234 0.06890398441121942 0.07376756927306388
0.0 0.26001781053807327 0.5934096929715093 0.029035348390606786 0.029389302005889295
0.0 0.2515822614484609 0.5057732818575491 0.02255713285406069 0.024471104255217813
0.0 0.2307697655425918 0.5055182682430365 0.02169116944309607 0.021442090973082528
0.0 0.22635254713586822 0.572932780766641 0.03352066081056415 0.03485781891274242
0.0 0.11752050641992517 0.6897657905867765 0.0917224239877159 0.09336109813254223
0.0 0.18154713572058942 0.7574730203011372 0.02457644750650284 0.024904182335468095
0.0 0.13745688960383215 0.7640841746576861 0.019540623180827887 0.020418952522454847
0.0 0.1965691785692524 0.5537540564478993 0.026150400754976266 0.027657980968216478
0.0 0.1670481906153448 0.5372899953319665 0.012799779210741213 0.013455248868671776
0.0 0.2860105681473701 0.596280842822781 0.013245636256374094 0.013730683803242605
