0.0 0.08016523183324675 0.4323977748802128 0.03315611917071426 0.022899888836627025
0.0 0.007448912539668229 0.3225770671360152 0.014897825079336457 0.04387168978886896
0.0 0.12295127749743137 0.38970507296967183 0.023516206955473906 0.05428489795773578
0.0 0.14309864179370888 0.4153204240684384 0.022851458377777634 0.02447086316737046
0.0 0.1433362979253138 0.5140597735931497 0.029803489640831737 0.06234581446026649
0.0 0.17527486073421966 0.4409026030048926 0.02665449054069513 0.029045040468189176
0.0 0.18549534851944668 0.4592139998503553 0.016822782266151137 0.013121285604224986
0.0 0.18924977180286345 0.40881266126883614 0.0213313450354905 0.024030353018145045
0.0 0.19950439463844966 0.43280301672565086 0.01629631319006375 0.023005275889805055
0.0 0.229300337142388 0.3681556124487083 0.02681879852800606 0.041624785175711
0.0 0.25486326637317747 0.3871971473637151 0.025344964828842853 0.024650934204731745
0.0 0.4067173896722239 0.4439066338900277 0.031672749829044444 0.05388172980060191
0.0 0.4125434143526906 0.37012869563926265 0.04954819053348891 0.09188405860427012
0.0 0.44038174577565775 0.41373681333064016 0.044827580547424195 0.023081287658607563
0.0 0.34840925109593823 0.41569987857834545 0.014722683290081529 0.014954026831452027
0.0 0.3318845682113351 0.4367782078924635 0.013730778324054005 0.02182780227201775
0.0 0.47407560896513834 0.39091729256851615 0.0185109619099757 0.01588906844111132
0.0 0.5561296134123459 0.36961841723931793 0.013573707251313905 0.03339213729537727
0.0 0.5921899784939619 0.27544310015485907 0.029746214768910484 0.06498754757099995
0.0 0.6446835071894006 0.3237876455566019 0.028251850198443673 0.0820777808239544
0.0 0.6660673592755588 0.366525074286016 0.04590049014313935 0.058547270404720575
0.0 0.605734349024611 0.4213464929424448 0.03844022194736574 0.0685919968393065
0.0 0.6171035331347238 0.46597684571700254 0.03402769706461917 0.059012799532621285
0.0 0.644003895720181 0.45668177871623716 0.02169322641038518 0.04621564179564658
0.0 0.7177626582213867 0.46455617173423125 0.0474391153426762 0.052374444225244454
0.0 0.6960891235406598 0.5219329803961035 0.031133546223987674 0.03267583649979022
0.0 0.7273201062206491 0.3261749965976331 0.045695400127102936 0.06944667037446284
0.0 0.7390834275989028 0.4040299251195445 0.04005839219029972 0.04291162920053443
0.0 0.7703900876595626 0.36550823235268826 0.033370185401493724 0.05334284447313736
0.0 0.7278801204108913 0.2679835119619348 0.026981367215144658 0.037006254007861616
0.0 0.7104560918465088 0.2627248782432219 0.012129380638197351 0.02369655770671697
0.0 0.8401891970043742 0.45738602498570424 0.04736332861350545 0.06162951366467945
0.0 0.7975613717768979 0.4519423000316201 0.044999125449305954 0.05980511209701078
0.0 0.8212327706479987 0.4968539410669379 0.02133134503549039 0.02403035301814499
0.0 0.8510434361865196 0.2918408878290326 0.019787222221554934 0.023257375342110864
0.0 0.8660516241861208 0.282736223202116 0.016228043089345556 0.01175540128951802
0.0 0.8735966553258083 0.30391444195501394 0.02234899877333829 0.03468732097975913
0.0 0.8722146816281888 0.36634280264263336 0.06198621570276808 0.08550614240875765
0.0 0.9173960369858509 0.37243762537637815 0.037004871548992124 0.1002387728568987
0.0 0.9470861262468082 0.40003745029950927 0.028159570626077213 0.0704954386968587
