0.0 0.12504936813253778 0.32623943807841715 0.042016576630339794 0.04419824297688962
0.0 0.25027806430808736 0.45561023385067384 0.03871777899188192 0.04115312747175148
0.0 0.21024945138300682 0.4327615488857932 0.02771803527461622 0.030001174474493908
0.0 0.27959952982146374 0.40166306401455787 0.020766214916354164 0.030609081689160156
0.0 0.3853531858072149 0.46679157302470115 0.03686007107549466 0.0571546417410741
0.0 0.3839150071721342 0.4374569168923346 0.03272813295200788 0.0510947194043575
0.0 0.5466333854405898 0.4377488040804566 0.04447700238981955 0.07096141710840104
0.0 0.5417447028025058 0.48556276849686025 0.030689460877189156 0.035661630690256296
0.0 0.6238200721763792 0.4751763140198979 0.049644762711883894 0.061009722284608436
0.0 0.6032449336871806 0.5052691786283718 0.03810203061571904 0.028665055256224536
0.0 0.6145956399778948 0.5404930052743397 0.05129110189267494 0.08421904279757808
0.0 0.6672744644359019 0.48946869188227526 0.06150015644861673 0.08118588999422882
0.0 0.6854336984873128 0.5183519820668331 0.04257081977645771 0.06839566094840799
0.0 0.7116184650384823 0.506943224123687 0.0535324556810427 0.08062570751959153
0.0 0.6788095309440914 0.40559111067933407 0.025077437336025632 0.028273832215854555
0.0 0.662495414711561 0.4404036521224486 0.049234263794441846 0.052684340807590324
0.0 0.7788392110697095 0.4885708241081809 0.03416665492890636 0.0469522344482215
0.0 0.7792416868682037 0.5460221868140713 0.052935761211220345 0.06759858851710154
0.0 0.8672280515608302 0.5289756229789353 0.06122303487555725 0.06908718100846956
0.0 0.9005693053508911 0.5287111926567087 0.0363655573935695 0.05452919813926327
0.0 0.9157614557311692 0.4768124090320833 0.052817094262154196 0.08092507463398213
