0.0 0.07195921003067664 0.46241542332017666 0.045294229610962994 0.06177763473188802
0.0 0.1359039593134178 0.4887252277823868 0.036834813149462894 0.0448596288004397
0.0 0.1330506023102502 0.5402089852394023 0.04477534600956683 0.06415057659030332
0.0 0.17990148272540168 0.5022860498370281 0.01963783126354915 0.015589275619813048
0.0 0.20015203508413232 0.5567416765115445 0.06692845305600495 0.10097969784528438
0.0 0.2599416031022793 0.5650380069118095 0.037291406584075065 0.04567770041752828
0.0 0.2894377199878444 0.5449050764859815 0.026797982494846495 0.0361241196027382
0.0 0.36330490016429345 0.5328679648225856 0.03300362120086786 0.032931325564372615
0.0 0.37106132267707337 0.5963259404107994 0.06888743091306626 0.13135086084499292
0.0 0.3923549058706128 0.5275018502822069 0.0257353394497013 0.03730264128894689
0.0 0.4145164389457048 0.5139974366302299 0.024996484598750757 0.03641919516500591
0.0 0.533637126442479 0.5608190010480409 0.05267866566704371 0.0659810627821763
0.0 0.5596734344707344 0.535721105937259 0.02495495782089463 0.038546537482008425
0.0 0.5744507326115502 0.5502467103985709 0.021210931881436523 0.026994582801059264
0.0 0.6143245215250388 0.5880325382374652 0.06276093443113673 0.10143909995611433
0.0 0.6585623773318959 0.5453407616706947 0.03942080512778978 0.047951690234233624
0.0 0.6746081978631315 0.6166666988186666 0.06180622078405662 0.10193029903893991
0.0 0.7138691651205367 0.5787702819895815 0.04322280765880304 0.07590043535467206
0.0 0.734062892066304 0.527535621909823 0.02930092091746128 0.04347086567053715
0.0 0.7507559873032219 0.5633231391724375 0.01886156208816736 0.021464205001997527
0.0 0.7933884462302079 0.6546855989690618 0.042849267779903055 0.07082767910357868
0.0 0.8202696834025709 0.6593254083927352 0.03624110089920407 0.060749321671105694
0.0 0.8375097454885417 0.567554676489239 0.057082605355165184 0.08730218141019452
0.0 0.8853169935338769 0.4741397888186876 0.0381671791288678 0.05407221915783078
0.0 0.943233095720996 0.5714213123297658 0.04824122298611133 0.0802681899535228
0.0 0.9555618223818384 0.6472395844101566 0.06834798504454676 0.11056863675779327
0.0 0.95393525986943 0.7261702678174936 0.026274785318221028 0.058084865376146544
