0.0 0.022941468253968252 0.4794973544973545 0.045882936507936505 0.04365079365079361
0.0 0.04327876984126984 0.5130621693121693 0.04439484126984128 0.08167989417989419
0.0 0.10602678571428571 0.45271164021164023 0.021081349206349215 0.031084656084656104
0.0 0.10478670634920634 0.4753637566137566 0.005208333333333329 0.005621693121693139
0.0 0.13256448412698413 0.4869378306878307 0.031994047619047616 0.07043650793650791
0.0 0.14955357142857142 0.48197751322751325 0.01339285714285715 0.04464285714285715
0.0 0.1671626984126984 0.45519179894179895 0.015873015873015872 0.022817460317460292
0.0 0.1943204365079365 0.5200066137566137 0.043898809523809534 0.08366402116402116
0.0 0.20176091269841273 0.44675925925925924 0.03645833333333334 0.06746031746031744
0.0 0.29216269841269843 0.4209656084656085 0.026289682539682557 0.05357142857142855
0.0 0.3191964285714285 0.49123677248677255 0.022817460317460292 0.022156084656084707
0.0 0.3253968253968254 0.44543650793650796 0.030753968253968256 0.054894179894179884
0.0 0.34089781746031744 0.46924603174603174 0.01215277777777779 0.02314814814814814
0.0 0.33469742063492064 0.5014880952380952 0.013144841269841279 0.020833333333333315
0.0 0.3568948412698413 0.4085648148148149 0.02132936507936506 0.030092592592592615
0.0 0.39099702380952384 0.43898809523809523 0.026041666666666685 0.04662698412698413
0.0 0.404265873015873 0.484457671957672 0.0064484126984126755 0.027116402116402094
0.0 0.41803075396825395 0.4226190476190476 0.03794642857142855 0.07804232804232802
0.0 0.5436507936507935 0.4556878306878307 0.005456349206349187 0.015211640211640232
0.0 0.56671626984127 0.4439484126984127 0.016865079365079416 0.03273809523809523
0.0 0.581969246031746 0.5340608465608465 0.04092261904761907 0.07870370370370372
0.0 0.6143353174603174 0.5415013227513228 0.024801587301587324 0.09093915343915349
0.0 0.6687748015873016 0.5158730158730159 0.0379464285714286 0.07539682539682535
0.0 0.6653025793650794 0.44279100529100524 0.018601190476190466 0.021825396825396803
0.0 0.793030753968254 0.5431547619047619 0.017609126984126977 0.027447089947089998
0.0 0.8307291666666666 0.5110780423280423 0.025545634920634885 0.05654761904761907
