0.0 0.8813045716799228 0.7130555480641054 0.07809027042920613 0.07830993971787892
0.0 0.8322139358568004 0.8050028843782995 0.01744512693749356 0.016920361414552998
0.0 0.7968592820389578 0.7784714918807507 0.03830242037476794 0.03979128999799442
0.0 0.7431677155005454 0.796945629456588 0.09308873188699318 0.10257112284803394
0.0 0.701249841341411 0.803882700110143 0.03405384032451586 0.03659224099362324
0.0 0.7240609015274002 0.7515998629812839 0.07079744387646436 0.07698479550741388
0.0 0.7274224531553874 0.7057249913023278 0.08025616787085399 0.07880390979573959
0.0 0.783824750676418 0.681280710680346 0.07488810957512815 0.07576678672981918
0.0 0.4822407519054456 0.5485224635721717 0.08093860419592563 0.08950570645416323
0.0 0.4399310522747707 0.43833182870365206 0.07341414805459767 0.08160293098234339
0.0 0.4565938255190019 0.3881286020849567 0.05731881657576765 0.06514148402239206
0.0 0.47848361685223095 0.3428502873959701 0.01758141734619839 0.01816720211599243
0.0 0.4068325571865854 0.3927045534581989 0.018408003206775103 0.01829816856243882
0.0 0.3544939029984029 0.35249107980751376 0.051028505145734926 0.05515340623303444
0.0 0.3138517809670852 0.3790082153482055 0.023075610266885482 0.02384445277724012
0.0 0.26217541558341173 0.2787850186077072 0.06465292245118204 0.06387187609145673
0.0 0.32114166980076286 0.2536693622234118 0.061943175750111046 0.0643473340761408
0.0 0.26720078685706955 0.23519857500487956 0.0343886682197837 0.03668299190147695
0.0 0.21042385854041948 0.21737647582169747 0.05066091324229288 0.04881813198731583
0.0 0.22335552725291558 0.1738802512346835 0.03560250136359147 0.03738426337171491
0.0 0.1818455400383487 0.18578298124857984 0.09744379118241736 0.11417526866965921
0.0 0.5091975219288544 0.4647192754638866 0.03802066805516163 0.043158488640230086
0.0 0.5410122417154983 0.4418286915006562 0.022301115700423035 0.02270384272965642
0.0 0.29376851264386594 0.08339471738477477 0.023504464966638272 0.023309203376706944
0.0 0.6084325646317224 0.5545557237657817 0.02221724467968178 0.02193655614415535
0.0 0.646613108038778 0.5742414079122016 0.01718368618537447 0.017500986269013086
0.0 0.7763594322841705 0.6521431824266488 0.03354078651017256 0.03487100609157978
0.0 0.8073395430365132 0.5773374724918003 0.021505981472624613 0.02286060875277307
0.0 0.9452791589791465 0.6712231879158876 0.021642271881329278 0.024107449454212615
