0.0 0.007625 0.636 0.01525 0.030000000000000027
0.0 0.02975 0.654 0.027499999999999997 0.04600000000000004
0.0 0.032 0.6175 0.026999999999999996 0.030333333333333323
0.0 0.044 0.5916666666666667 0.017 0.016000000000000014
0.0 0.053375 0.6736666666666666 0.01475 0.01733333333333331
0.0 0.08375 0.5761666666666667 0.007000000000000006 0.01633333333333331
0.0 0.024125 0.5295000000000001 0.01525 0.031000000000000028
0.0 0.031375 0.5073333333333333 0.006250000000000002 0.006000000000000005
0.0 0.046 0.5276666666666666 0.0049999999999999975 0.010000000000000009
0.0 0.058125 0.5678333333333333 0.018250000000000002 0.032333333333333325
0.0 0.10875 0.5945 0.007000000000000006 0.013666666666666716
0.0 0.139125 0.5741666666666667 0.006750000000000006 0.011666666666666714
0.0 0.130625 0.6073333333333333 0.004250000000000004 0.01200000000000001
0.0 0.125875 0.6291666666666667 0.005249999999999991 0.009666666666666712
0.0 0.12037499999999998 0.666 0.016749999999999987 0.03266666666666662
0.0 0.31200000000000006 0.6125 0.02350000000000002 0.02833333333333332
0.0 0.30175 0.5791666666666668 0.007000000000000006 0.02300000000000002
0.0 0.33000000000000007 0.5546666666666666 0.01050000000000001 0.010000000000000009
0.0 0.328875 0.5756666666666668 0.006249999999999978 0.01666666666666672
0.0 0.3205 0.5968333333333333 0.017500000000000016 0.027000000000000024
0.0 0.388 0.5495000000000001 0.013000000000000012 0.02100000000000002
0.0 0.4025000000000001 0.5781666666666667 0.007500000000000007 0.0043333333333333
0.0 0.437875 0.6401666666666667 0.007749999999999979 0.015666666666666718
0.0 0.42700000000000005 0.625 0.006500000000000006 0.004666666666666708
0.0 0.49475 0.5505 0.02350000000000002 0.04566666666666663
0.0 0.49524999999999997 0.5898333333333334 0.01599999999999996 0.017000000000000015
0.0 0.528875 0.5636666666666666 0.02124999999999999 0.06466666666666665
0.0 0.5487499999999998 0.5413333333333333 0.04149999999999998 0.08400000000000002
0.0 0.5791249999999999 0.562 0.01824999999999999 0.03266666666666662
0.0 0.618125 0.5246666666666666 0.00924999999999998 0.02533333333333332
0.0 0.653 0.5050000000000001 0.008499999999999952 0.00666666666666671
0.0 0.662625 0.49916666666666665 0.005249999999999977 0.006333333333333302
0.0 0.6485 0.4915 0.0024999999999999467 0.0050000000000000044
0.0 0.655375 0.456 0.011249999999999982 0.02200000000000002
0.0 0.679875 0.5651666666666668 0.026249999999999996 0.05500000000000005
0.0 0.705375 0.4843333333333334 0.028750000000000053 0.04666666666666669
0.0 0.7015 0.5176666666666667 0.020000000000000018 0.033333333333333326
0.0 0.727375 0.5218333333333334 0.027249999999999996 0.06033333333333335
0.0 0.754375 0.5381666666666667 0.006249999999999978 0.01766666666666672
0.0 0.7702500000000001 0.5515 0.029000000000000026 0.03633333333333333
0.0 0.764 0.6101666666666667 0.006000000000000005 0.017000000000000015
0.0 0.856125 0.5713333333333334 0.029749999999999943 0.02400000000000002
0.0 0.859875 0.6304999999999998 0.023249999999999993 0.057666666666666644
0.0 0.94875 0.654 0.04500000000000004 0.09066666666666667
0.0 0.95875 0.6036666666666668 0.015499999999999958 0.01666666666666672
0.0 0.955875 0.5643333333333334 0.015750000000000042 0.038000000000000034
0.0 0.971625 0.5661666666666667 0.02024999999999999 0.02966666666666662
0.0 0.952375 0.49116666666666664 0.010249999999999981 0.007666666666666655
