0.0 0.9957213123813317 0.4584435901295617 0.008557375237336684 0.08669338912021729
0.0 0.9484356595346186 0.5212663698167097 0.022628388424777213 0.033046603406618025
0.0 0.9500352478378814 0.4973986154004115 0.005564005888932355 0.005994510640248141
0.0 0.9208963925160185 0.4848370662823455 0.0346418419632627 0.07467878383562587
0.0 0.9029196241916366 0.48984802027330593 0.014696686062420361 0.04724284526188949
0.0 0.8840076796939518 0.5178630541775066 0.017030270530384417 0.024262750352488593
0.0 0.8562090806102356 0.449173983981361 0.047364442853030986 0.08877899992960431
0.0 0.847419578920006 0.5263079620503395 0.03931048128054426 0.07159833762922407
0.0 0.7517699265674185 0.5523383793990844 0.0284098583485205 0.05682317193535891
0.0 0.7241724339206155 0.4778978894745646 0.02434376636545743 0.02365495876335233
0.0 0.7170443485435456 0.5261084300020851 0.03313392967467532 0.058275407151514025
0.0 0.7010075533863553 0.5008044732451589 0.013112021761546466 0.024563448146544875
0.0 0.7079608147354397 0.46688931258877964 0.01412817716197401 0.022135565536446578
0.0 0.6833583043521663 0.56457874383054 0.022877097274030755 0.032003798001924544
0.0 0.6477942253610247 0.5320615810005164 0.028058813482885303 0.049497950098408516
0.0 0.6343902299102547 0.4839486652345449 0.007148670189805806 0.02867390775559253
0.0 0.619079564535389 0.5489720551306064 0.041015934410194466 0.08277489528782045
0.0 0.48705578341950495 0.5124854876978011 0.005949162760028048 0.016109074891079378
0.0 0.46258483222424673 0.5245657806117898 0.018204193956066927 0.03473557640659086
0.0 0.4476644700552125 0.4293571276074775 0.04416247262717615 0.08351060689743395
0.0 0.41363454897574226 0.4210947630016302 0.027322685317842377 0.09620344552835941
0.0 0.35590465206219385 0.44741455652373685 0.040981822404734136 0.07998555287393927
0.0 0.3586233198295656 0.5245149127143724 0.019893987892651732 0.023251924952914504
0.0 0.22524450561652226 0.4170472646241123 0.018920472499049934 0.029166485580364387
0.0 0.18508276815250588 0.4503819453146093 0.027663731800759483 0.059951588149439294
