0.0 0.034466911764705885 0.7397875816993464 0.023590686274509803 0.05555555555555558
0.0 0.0828737745098039 0.7420343137254901 0.01991421568627451 0.033905228758169925
0.0 0.012254901960784314 0.659109477124183 0.024509803921568627 0.02410130718954251
0.0 0.14721200980392157 0.7526552287581698 0.05055147058823528 0.09436274509803921
0.0 0.16023284313725494 0.6674836601307188 0.022671568627450983 0.03349673202614378
0.0 0.18474264705882354 0.6325571895424836 0.03676470588235295 0.04861111111111116
0.0 0.22870710784313725 0.6098856209150327 0.04503676470588236 0.09558823529411764
0.0 0.26608455882352944 0.6068218954248366 0.0346200980392157 0.10171568627450978
0.0 0.34589460784313725 0.619281045751634 0.030637254901960786 0.04656862745098034
0.0 0.42095588235294124 0.5872140522875817 0.04105392156862747 0.03962418300653592
0.0 0.45940563725490197 0.661968954248366 0.054840686274509776 0.09681372549019607
0.0 0.5899203431372549 0.6997549019607843 0.03952205882352944 0.08496732026143794
0.0 0.6421568627450981 0.6060049019607843 0.033700980392156854 0.09436274509803921
0.0 0.6712622549019608 0.613357843137255 0.01593137254901955 0.029820261437908502
0.0 0.6127450980392157 0.5716911764705882 0.023897058823529438 0.05024509803921573
0.0 0.6050857843137256 0.6166258169934641 0.02573529411764708 0.05678104575163401
0.0 0.756280637254902 0.7265114379084967 0.03278186274509809 0.1115196078431373
0.0 0.7873774509803921 0.7620506535947712 0.028186274509803932 0.11397058823529416
0.0 0.8537071078431373 0.5547385620915033 0.03155637254901966 0.03104575163398693
0.0 0.9113051470588236 0.6327614379084967 0.046262254901960786 0.04820261437908502
0.0 0.9644607843137256 0.6321486928104575 0.05208333333333337 0.07148692810457513
0.0 0.9171262254901961 0.5943627450980393 0.022977941176470562 0.030228758169934644
0.0 0.9915747549019607 0.5674019607843137 0.016237745098039214 0.05718954248366015
