0.0 0.030446964569008417 0.28703821855521716 0.03962245447647694 0.06729959840441196
0.0 0.012562660781527374 0.34569828152484133 0.011693447776560617 0.02959758890508357
0.0 0.033068388585044906 0.33602186314386584 0.024388316288561085 0.012817080974057149
0.0 0.09162692397129002 0.5176136983731096 0.06703753823488756 0.04866429297199293
0.0 0.09398460198271266 0.5692325849356059 0.03637625278878759 0.05263852944700931
0.0 0.17639026900006075 0.4764039500135876 0.025892366140238987 0.04121643452971718
0.0 0.21738141219901527 0.45274507100033035 0.031655880454176166 0.047449052978026096
0.0 0.2646757190606984 0.46717125661345277 0.044054533213918445 0.0810355758068938
0.0 0.3035732043597754 0.37518433466522555 0.030732337680879462 0.053327520153120145
0.0 0.2723499972147825 0.34571402496764925 0.028546766924279543 0.04003981821638819
0.0 0.29400179957268446 0.286260037581332 0.03087507275130591 0.05135928661887362
0.0 0.4275091569045099 0.40327290283314343 0.04263282942228741 0.09149784341934786
0.0 0.4586203716981284 0.42313389454716116 0.026330138148193794 0.07746248879471784
0.0 0.5256088559414067 0.4314833454495448 0.030972084306799652 0.09516116669333824
0.0 0.5675337805047038 0.5613625331541726 0.022990296575189917 0.04237993412922347
0.0 0.6708764369065943 0.3827155279914253 0.027448334633345728 0.042616034978033346
0.0 0.7179896591241444 0.419319258229946 0.014298205161626942 0.022820263602714164
0.0 0.7318526416272022 0.45300300281459666 0.03489871047168647 0.038729727569055794
0.0 0.9119481961297304 0.48522485266499116 0.11733625782931378 0.13101846174849063
0.0 0.9892322393376944 0.48622603798329955 0.021535521324611118 0.034837225033582164
0.0 0.9703986590486424 0.6055479796088239 0.05230602916320981 0.06895922593340809
0.0 0.998739252843359 0.3810929636175582 0.002521494313281969 0.06017735061192997
