0.0 0.030625 0.5425 0.03275 0.03633333333333333
0.0 0.2 0.45866666666666667 0.03 0.03400000000000003
0.0 0.152375 0.4671666666666667 0.02124999999999999 0.025000000000000022
0.0 0.21 0.5223333333333333 0.012500000000000011 0.028666666666666618
0.0 0.3375 0.49516666666666664 0.02100000000000002 0.054333333333333345
0.0 0.32575 0.5236666666666666 0.018500000000000016 0.048666666666666636
0.0 0.48675 0.5806666666666667 0.024500000000000022 0.06800000000000006
0.0 0.49875 0.5316666666666666 0.022499999999999964 0.03066666666666662
0.0 0.5762500000000002 0.5708333333333333 0.03500000000000003 0.05366666666666664
0.0 0.5665 0.5338333333333334 0.034499999999999975 0.019000000000000017
0.0 0.590125 0.503 0.027249999999999996 0.08133333333333331
0.0 0.62425 0.5720000000000001 0.041000000000000036 0.07333333333333336
0.0 0.652375 0.5498333333333332 0.023249999999999993 0.06566666666666665
0.0 0.67425 0.5703333333333334 0.03149999999999997 0.07599999999999996
0.0 0.606125 0.659 0.018750000000000044 0.02400000000000002
0.0 0.60225 0.6188333333333333 0.038000000000000034 0.04366666666666663
0.0 0.73425 0.6121666666666667 0.02200000000000002 0.04300000000000004
0.0 0.754875 0.5555 0.036250000000000004 0.06033333333333335
0.0 0.835875 0.6033333333333334 0.04574999999999996 0.058666666666666645
0.0 0.8687499999999999 0.6153333333333333 0.021499999999999964 0.05133333333333334
0.0 0.8655 0.672 0.03049999999999997 0.07666666666666666
