0.0 0.031001984126984128 0.546957671957672 0.06001984126984128 0.06150793650793651
0.0 0.010540674603174604 0.43501984126984133 0.015128968253968256 0.01157407407407407
0.0 0.058779761904761904 0.43369708994709 0.02529761904761904 0.035383597883597906
0.0 0.09213789682539683 0.3814484126984127 0.04389880952380952 0.1081349206349207
0.0 0.1232638888888889 0.3470568783068782 0.018849206349206338 0.0360449735449736
0.0 0.1392609126984127 0.4072420634920635 0.03645833333333333 0.07837301587301582
0.0 0.1675347222222222 0.44874338624338633 0.06671626984126985 0.05687830687830686
0.0 0.1359126984126984 0.507936507936508 0.05555555555555554 0.06150793650793651
0.0 0.48387896825396826 0.4166666666666666 0.03720238095238093 0.09523809523809523
0.0 0.5948660714285714 0.4821428571428571 0.032490079365079416 0.08796296296296302
0.0 0.6147073412698412 0.5363756613756614 0.021081349206349187 0.07407407407407396
0.0 0.6267361111111112 0.58994708994709 0.011904761904761862 0.015873015873015817
0.0 0.6541418650793651 0.4986772486772487 0.014632936507936511 0.01388888888888884
0.0 0.7261904761904762 0.4975198412698413 0.027281746031746046 0.05522486772486768
0.0 0.7429315476190477 0.447255291005291 0.015625 0.02083333333333337
0.0 0.8551587301587301 0.49785052910052907 0.052579365079365115 0.04728835978835977
0.0 0.8218005952380952 0.5593584656084656 0.04092261904761907 0.057208994708994765
0.0 0.8804563492063493 0.5385251322751322 0.019841269841269882 0.035383597883597906
0.0 0.9410962301587301 0.5152116402116402 0.04489087301587302 0.03240740740740744
0.0 0.9595734126984127 0.5611772486772486 0.022321428571428603 0.034391534391534306
0.0 0.9869791666666666 0.5228174603174602 0.025545634920634885 0.13888888888888895
0.0 0.5177331349206349 0.5066137566137566 0.014136904761904767 0.04894179894179884
0.0 0.5060763888888888 0.5477843915343915 0.0161210317460318 0.018849206349206282
0.0 0.9608134920634921 0.6863425925925926 0.018849206349206393 0.017526455026455
0.0 0.37189980158730157 0.4971891534391535 0.01810515873015872 0.01620370370370372
0.0 0.3258928571428572 0.5062830687830688 0.012400793650793662 0.014550264550264536
0.0 0.16207837301587302 0.5277777777777778 0.022073412698412703 0.031084656084656048
0.0 0.18638392857142858 0.6127645502645502 0.012648809523809534 0.02182539682539686
0.0 0.004712301587301587 0.6261574074074074 0.009424603174603174 0.026124338624338606
