0.0 0.9335507330533344 0.7180443848731537 0.0356690066219576 0.035310181102735205
0.0 0.9085485964458957 0.7359423740898354 0.06812769410838115 0.06813237021973906
0.0 0.8841420780269797 0.7618269828620818 0.025655209522190248 0.0291089051447061
0.0 0.8242423572681018 0.7146709547804198 0.07702182144908032 0.08298729570615326
0.0 0.7398513909206123 0.6653571343556551 0.027004818996596347 0.027453350895624506
0.0 0.7296843531545516 0.6430708881324478 0.04032450359732087 0.045034088537115435
0.0 0.7228281973568382 0.6162787253860817 0.02857939605987636 0.028938221579098866
0.0 0.6330490061949874 0.6337925798472387 0.1456566019668606 0.1572287249617843
0.0 0.5910083700957345 0.582286208547272 0.04373876308597524 0.04804466931664453
0.0 0.592593611893207 0.6154592196056193 0.04841432894794928 0.0562187839910373
0.0 0.47232702990390213 0.5978155545531174 0.05024197004135744 0.05867436974308471
0.0 0.4617690904631129 0.5584841483506916 0.08162714620791717 0.09658568504050269
0.0 0.4467578184978117 0.5232937176791329 0.0788133385465894 0.08823250842617858
0.0 0.3896103301125772 0.52387304637481 0.06330056305730919 0.07590430941999748
0.0 0.39231245054247016 0.485587293869149 0.05630326937363661 0.06240330320041809
0.0 0.37010465360546385 0.4595568667180181 0.09187995911718527 0.10484253099909613
0.0 0.38464568938800237 0.3985367890115963 0.05475879564027264 0.05859374337696255
0.0 0.31821538865348087 0.4796804277753523 0.06655808917156592 0.07050516988301292
0.0 0.29648012147393454 0.5084154597208388 0.020975629882893976 0.021244749022310883
0.0 0.28340256389769247 0.5274108917299214 0.023590559507942144 0.024442770116095525
0.0 0.21120282692473932 0.5213699981897284 0.04061569851200936 0.043060197361712294
0.0 0.24077438080155644 0.44014083862591435 0.03592207065208594 0.03628089617130836
0.0 0.09340771953973001 0.41279405235013106 0.04507031056243188 0.04778392855155167
0.0 0.06762168017365211 0.3791638393024634 0.059568823042537744 0.05638424655943852
0.0 0.03681284113908004 0.41941968951542374 0.06780133354693602 0.07706351726186544
0.0 0.0445347323827725 0.465023029997115 0.089069464765545 0.11818017956835258
0.0 0.9193309546881488 0.5799772269493788 0.02780414886020277 0.02726591058136907
