0.0 0.9961875118888428 0.3448754699826586 0.007624976222314284 0.01646667505121102
0.0 0.7056335740853457 0.4340274556223237 0.023963750173334852 0.0487699610659969
0.0 0.6963093443514341 0.4810555728429152 0.019400098447153513 0.025982976418669035
0.0 0.6621628708234 0.4289590650580641 0.026363931831996035 0.03920857177641668
0.0 0.602751608534529 0.45667134240982166 0.026837417498994598 0.03157387847849952
0.0 0.6122334793070006 0.41915506777113654 0.028266625382225574 0.03661564134609879
0.0 0.6248158842537577 0.47264275874537665 0.006488159997285359 0.013873827965327157
0.0 0.6046875554750314 0.4862602273067482 0.011734756201691843 0.014062847191618044
0.0 0.2984163690823567 0.3598180318639239 0.033431400762172825 0.04145930072743559
0.0 0.28044654113635603 0.4142063144585338 0.013271975071374675 0.022102665033163826
0.0 0.3296836747409758 0.45016901437819956 0.05387560541169517 0.09642347522758793
0.0 0.36669997146251254 0.551067153122297 0.03215820874826125 0.040748061711092354
0.0 0.12532169874265886 0.4634865358133031 0.038392155389933125 0.04063996738020664
0.0 0.10849639344823778 0.4340283308805407 0.017754868591018658 0.014945103603176635
0.0 0.15232825843432696 0.38740954695582824 0.020927503816678517 0.04067613773122514
0.0 0.05808801572108477 0.47223821775444624 0.04994801838350865 0.091291703204612
0.0 0.032073713216760974 0.5520200001444422 0.03486717180708071 0.0674604456660477
