0.0 0.5249339008387786 0.9624009154296967 0.07912200843717926 0.07404475366202856
0.0 0.40693155922541907 0.9901428187588517 0.01591141029415044 0.01884191226496401
0.0 0.40389618370169045 0.9389134175584234 0.04364474502385518 0.03533029757177952
0.0 0.3472334881795789 0.9052213709744814 0.12541073864655988 0.07245724954604504
0.0 0.3096268256981006 0.873298731842016 0.04280940708888237 0.02863395569517946
0.0 0.3730582589715169 0.8542623315315057 0.09200135465946518 0.057448691887314385
0.0 0.41621564171748077 0.8228078403583732 0.07637258393190693 0.08448257775811197
0.0 0.4802010541553897 0.8544199803466863 0.07863100503321335 0.07372411801231615
0.0 0.37143543307093047 0.48764406773013613 0.11010501035644205 0.06226286190269503
0.0 0.4372822180959019 0.3674625082340464 0.10124799824650488 0.055518537260088596
0.0 0.49425692297481594 0.3445410560427763 0.08376362995757086 0.04007870522986151
0.0 0.5507925291157308 0.3299459720397191 0.01971166055474005 0.016440402540808863
0.0 0.4528546852223073 0.30389884706621384 0.018253530525426664 0.018866891403038932
0.0 0.4491908268473259 0.22735634557034318 0.0652076717713096 0.042172563256542395
0.0 0.3951983761011864 0.2112598166301581 0.025871554478096748 0.02157802833481176
0.0 0.44518607706848823 0.09026280080389207 0.062806798555331 0.06716847590723944
0.0 0.5116905841227779 0.12364209147670654 0.0705707793089711 0.057144991210127435
0.0 0.4875652553276556 0.06199967368673885 0.04234308585440588 0.02953065863317439
0.0 0.4607367078911726 0.013027604556199127 0.04515544534763849 0.026055209112398253
0.0 0.4658980884406027 0.4486217440360875 0.05539348438833325 0.026701825557809866
0.0 0.5100527377842964 0.4596212349494425 0.023880927515826655 0.021631937631248765
0.0 0.46080643587417575 0.6039486165060062 0.021542311970848216 0.023109789769190203
0.0 0.47202650670526436 0.6525429465723738 0.018424020130482943 0.01665208870627022
0.0 0.5004068356004876 0.8259378841984275 0.03830617029027955 0.030877688550310256
0.0 0.5899196214684144 0.7972324764564703 0.026216038374507367 0.018651254217290747
0.0 0.609528491940637 0.9839998852059024 0.028490197741774193 0.004486090842731549
