0.0 0.17335198300461369 0.7160020025691725 0.04702577560556365 0.04740075245034836
0.0 0.350876581421737 0.6707891603429297 0.043529898503531284 0.0439484773070119
0.0 0.31047225194247446 0.6945915641559134 0.03141218869553741 0.031804606323800444
0.0 0.3180538630457215 0.6176355664577835 0.027288443388284234 0.02898019938568508
0.0 0.42900657631044736 0.5571578006194152 0.049740590748994395 0.05322874744466621
0.0 0.40237512703668515 0.5436044604298207 0.044324975568709624 0.047481757378292744
0.0 0.48485757977759847 0.400059376072737 0.060940772775412044 0.06549281726326389
0.0 0.5246105662837127 0.428537757457012 0.035908119924003 0.03676271831444278
0.0 0.5569127915902335 0.35081055293803853 0.05962031603564033 0.06157368378521655
0.0 0.5730900478076849 0.3841864469025732 0.03737422382130684 0.03575223095781932
0.0 0.6099310670317558 0.39196218874945177 0.07137877694387718 0.07703831118260457
0.0 0.5914923691360552 0.3196592631416044 0.07644648072920424 0.07982999272400598
0.0 0.626174695928272 0.31821856851657515 0.058548516415562135 0.06298719581080459
0.0 0.6293315646431106 0.2893303853814564 0.07113982259027507 0.07579651177899688
0.0 0.5232510377638074 0.26708799219312335 0.028941718331315203 0.029491103010883646
0.0 0.545749299679992 0.29908602521299654 0.055516532914157146 0.05610951955242144
0.0 0.647075274729277 0.22068548149217024 0.04332384335715478 0.04552138207542816
0.0 0.6980125327007568 0.24936133239172256 0.06474734972469087 0.0672675429373139
0.0 0.7274203184139683 0.16304879386142607 0.07068511032420499 0.07203677104377781
0.0 0.7440347768197821 0.13347233453224167 0.04821515694796741 0.05133705719059356
0.0 0.705881125778582 0.09383107838002855 0.07082481040254329 0.07565590742604872
