0.0 0.5115327380952381 0.5719246031746033 0.025545634920634885 0.07638888888888895
0.0 0.8038194444444444 0.41435185185185186 0.034226190476190466 0.04497354497354494
0.0 0.8009672619047619 0.46246693121693117 0.02852182539682535 0.04199735449735448
0.0 0.6293402777777778 0.439318783068783 0.019593253968253954 0.031415343915343896
0.0 0.613219246031746 0.45949074074074076 0.00868055555555558 0.024801587301587324
0.0 0.47433035714285715 0.425595238095238 0.01661706349206349 0.05158730158730157
0.0 0.4599454365079365 0.39814814814814814 0.01215277777777779 0.019179894179894186
0.0 0.44060019841269843 0.3897156084656085 0.022073412698412676 0.05059523809523808
0.0 0.44134424603174605 0.3396164021164021 0.032986111111111105 0.037698412698412676
0.0 0.5125248015873016 0.4322089947089947 0.027529761904761862 0.04034391534391535
0.0 0.24057539682539683 0.45006613756613756 0.019345238095238082 0.024470899470899476
0.0 0.21540178571428573 0.36491402116402116 0.014136904761904767 0.02943121693121692
0.0 0.12859623015873015 0.30787037037037035 0.03645833333333333 0.04034391534391535
0.0 0.047619047619047616 0.47205687830687837 0.02132936507936508 0.042658730158730174
0.0 0.4053819444444444 0.40988756613756616 0.03794642857142855 0.0400132275132275
0.0 0.38578869047619047 0.3773148148148148 0.02356150793650791 0.0443121693121693
