0.0 0.9796336401249166 0.42453254419604447 0.02959579406712365 0.04191541027028173
0.0 0.9492846549635664 0.4672304681594792 0.02577841183346341 0.01716273252798689
0.0 0.9390112566902942 0.42905053510664737 0.013574735616899702 0.010434441290604557
0.0 0.8850392305498495 0.47219975831795896 0.024306078311297385 0.02543336345406988
0.0 0.9329971459714266 0.28567116778951485 0.024497276999528306 0.05372617034427596
0.0 0.6950276569254212 0.3507753155910257 0.051145362360107804 0.08955357758171828
0.0 0.6372662001972765 0.31750822695845815 0.04081413141710022 0.07157291174132485
0.0 0.6811868656174114 0.4122687959037233 0.01991924026364933 0.02861543993646687
0.0 0.4618484408357408 0.37936693956693646 0.029760153393791233 0.06188777996281125
0.0 0.3959861080734707 0.36954843035667456 0.03323608733511868 0.06133769553709356
0.0 0.3630445636737658 0.3831497272640387 0.013935278367728676 0.01377423763304686
0.0 0.26328508792144145 0.46734191677945147 0.016631463348341036 0.034829066367384975
0.0 0.2265395809688581 0.4605582806749977 0.029200385556588937 0.052551292085450674
0.0 0.22487854112642613 0.4180900166812593 0.018654158225998696 0.020586647042180384
0.0 0.2039429686880175 0.4429655485238939 0.023124556020548914 0.06499514703781811
0.0 0.23604111593201987 0.5244446843103168 0.008820989998924 0.017597710039082393
