0.0 0.6081349206349206 0.0951140873015873 0.05753968253968256 0.03348214285714285
0.0 0.6006944444444444 0.05865575396825397 0.053902116402116285 0.03546626984126985
0.0 0.5770502645502645 0.024057539682539684 0.08201058201058209 0.032242063492063495
0.0 0.5982142857142856 0.0038442460317460315 0.02447089947089942 0.007688492063492063
0.0 0.41716269841269843 0.2238343253968254 0.03472222222222221 0.01661706349206349
0.0 0.4398148148148148 0.24590773809523808 0.045634920634920584 0.01810515873015872
0.0 0.48677248677248675 0.2741815476190476 0.07473544973544977 0.042906746031746046
0.0 0.5639880952380953 0.29749503968253976 0.08234126984126988 0.05580357142857145
0.0 0.5236441798941799 0.3501984126984127 0.06117724867724861 0.0267857142857143
0.0 0.6159060846560847 0.37351190476190477 0.08630952380952372 0.04712301587301587
0.0 0.5418320105820106 0.390625 0.05654761904761907 0.017361111111111105
0.0 0.5477843915343915 0.41480654761904756 0.0902777777777779 0.03596230158730157
0.0 0.5816798941798942 0.45287698412698413 0.05820105820105814 0.024801587301587324
0.0 0.5582010582010581 0.4792906746031746 0.033068783068783136 0.018601190476190466
0.0 0.49255952380952384 0.4937996031746032 0.055886243386243484 0.03472222222222221
0.0 0.46577380952380953 0.4763144841269842 0.07043650793650791 0.025049603174603197
0.0 0.4441137566137566 0.5467509920634921 0.04034391534391535 0.01661706349206349
0.0 0.4439484126984126 0.5012400793650794 0.0360449735449736 0.022321428571428603
0.0 0.38260582010582006 0.48660714285714285 0.08333333333333337 0.04613095238095244
0.0 0.39980158730158727 0.5235615079365079 0.04894179894179895 0.024801587301587324
0.0 0.560681216931217 0.652281746031746 0.12731481481481477 0.05704365079365081
0.0 0.5492724867724867 0.6943204365079365 0.09060846560846558 0.04191468253968256
