0.0 0.01264652429438215 0.7092852161673335 0.0252930485887643 0.048178281863362926
0.0 0.0030718849446557672 0.642956019277354 0.0061437698893115344 0.06476513765334158
0.0 0.0207746148415395 0.6136530915509874 0.041549229683079 0.07216387544150149
0.0 0.0441036388223463 0.6395277344109975 0.010259004536039007 0.010618379975531611
0.0 0.10488694738950904 0.6886301811109681 0.02250517407881747 0.024194238644432597
0.0 0.12152835637365605 0.670475776582478 0.029689579762943397 0.0319536450317468
0.0 0.058500374561167995 0.5735665751010305 0.041750632344609795 0.041319381817218614
0.0 0.09261363313197038 0.5806488569815306 0.02055523917886154 0.025155244804366816
0.0 0.18058821498094474 0.6863556467397174 0.03361168391154834 0.04000856673451647
0.0 0.18436217477726083 0.6490621742210205 0.02408849435185062 0.02283068031362656
0.0 0.16502105552201385 0.642371586028661 0.02260962580856518 0.01991431001237076
0.0 0.1420497272430752 0.6466875808044454 0.018003932548492918 0.016278930438928363
0.0 0.1742239105903079 0.6212065719688956 0.07806874833145805 0.10653128313927174
0.0 0.12314089387850699 0.5871664798551712 0.06890596838088586 0.08910286808036982
0.0 0.09814982514463444 0.5446615460806017 0.016651750083648387 0.019059565528248723
0.0 0.13295080890860836 0.569909867345582 0.014723015959580088 0.014615203327732473
0.0 0.2017202668979547 0.6024972041468717 0.07659246551066856 0.09625030205091367
0.0 0.21842838071866327 0.5573617208668313 0.043997374526028254 0.05632395210062435
0.0 0.23848101166546531 0.560575158036406 0.04941954799380621 0.06188987574419935
0.0 0.23748639558929008 0.5333990082172169 0.03838025978403958 0.03787713416874994
0.0 0.26169407814053647 0.5537534892907 0.017243297500962596 0.020226113648751154
0.0 0.27437072213586083 0.5779388085950662 0.05643383247491052 0.05938071107874987
0.0 0.290298809780802 0.5564798307727081 0.03720698926250987 0.04421481033261554
0.0 0.3136147758359306 0.5807694726102215 0.04632012907070426 0.056418578920446216
0.0 0.3228698567690985 0.5559116822639754 0.05070968028067824 0.05257843256603967
0.0 0.3488221900561066 0.6003122567343613 0.07148364723213396 0.07784459251115294
0.0 0.3906509037000669 0.5624196106179455 0.016177064431676547 0.014919250393452432
0.0 0.37916692135450925 0.5099489900869262 0.036923625589447284 0.04493769789013213
0.0 0.43295843907770326 0.5574641090319326 0.08430016341633884 0.09799236766100683
0.0 0.46214153202484337 0.5784119474687942 0.06810551750407612 0.0964961772239914
0.0 0.5052446043322578 0.6300638908530689 0.07233477182412734 0.0910582322216914
0.0 0.5047161424562038 0.5883528153477098 0.06229708078317814 0.07318615659980399
0.0 0.4760289359369233 0.5645871117147443 0.04178269100640153 0.05996708824472685
0.0 0.49405794784504775 0.5396796812261202 0.051230386779726744 0.05392570257592122
0.0 0.4830088353221824 0.49945393767504503 0.06651133934513881 0.0738066607668385
0.0 0.4180110089046167 0.4873184230893295 0.06680711305379594 0.07438993482708978
0.0 0.5547934294984473 0.4317057272711958 0.03518000842649105 0.04470345757304489
0.0 0.595029772840639 0.44191573884151497 0.09731679231974621 0.11629181552495538
0.0 0.6193620743247154 0.41967802830146494 0.07989561644827448 0.10789096318474789
0.0 0.5559240427607237 0.31491091532755144 0.044098206960474506 0.04402633187257615
0.0 0.5568077428009115 0.3806393858732941 0.03947131292451456 0.04579632065958439
0.0 0.5571391962571437 0.3487578743226473 0.03590341336723801 0.03683778950991867
0.0 0.5734225220662188 0.3513162915406728 0.01903034978849938 0.025031919628025923
0.0 0.5422522641123392 0.3280764652549202 0.01982200992501615 0.024350140462622794
