0.0 0.16095123933109096 0.38341945291147594 0.1031358041000455 0.11661162874212266
0.0 0.4706923066947209 0.5315764480333904 0.041610468056093586 0.04398970192922447
0.0 0.5056480181665459 0.57205985202285 0.11343437135627166 0.11115264706810501
0.0 0.44469840192494836 0.6079985697881951 0.024127282058319488 0.02441981081321276
0.0 0.43750010716099696 0.690682436854498 0.04282630905113555 0.048520868813055396
0.0 0.4231740327275839 0.7287229278029539 0.03722717715096474 0.040054955114931845
0.0 0.4449256482477139 0.754101836407557 0.07116911534789183 0.07840432655224872
0.0 0.6183412192934525 0.6959819519475743 0.030362226633011136 0.030888778391818916
0.0 0.5370279632003278 0.7146956830706361 0.02322799911889617 0.026075278999855955
0.0 0.5393500706490026 0.7342844852054939 0.022795207103313953 0.022424670680449288
0.0 0.6032429006612016 0.7301374926373124 0.03484858295159721 0.036837778484870576
0.0 0.7264261630817508 0.8180258991234265 0.09579969740628702 0.09823743703039645
0.0 0.7821695268530467 0.7495264861597064 0.025693380017239198 0.026180927942061172
0.0 0.7938089257718124 0.7901441561939493 0.020293017128736213 0.021599645567258685
0.0 0.5888866737790056 0.7604854436241755 0.02708434949422034 0.029327069948400952
0.0 0.5770491087120686 0.790252697578921 0.01327502357458421 0.014250119424228047
0.0 0.6178398622510632 0.6712032683305478 0.01377987865864816 0.014501449587384418
