0.0 0.400527348092041 0.08655534236711218 0.020805085433405535 0.03183992497110416
0.0 0.2848791355564013 0.014684560125026697 0.04211966059105626 0.027683103601886583
0.0 0.36122746216486595 0.13247735741557262 0.05308572042191917 0.019981201808823068
0.0 0.3883068816017965 0.15060930554473936 0.023092555107469437 0.021350212022569648
0.0 0.4867759276440107 0.1433043348715397 0.06077741765815553 0.025764618523502647
0.0 0.4162720166263688 0.18073750110142484 0.027441127616460337 0.024869097348274916
0.0 0.435310582465392 0.1895294653753045 0.012069739230635423 0.01605223771040626
0.0 0.38534325712521506 0.19712268757335108 0.022752676176390096 0.01984877103489041
0.0 0.41004679843185726 0.20551491560620788 0.0220641866148511 0.014845908120266205
0.0 0.3478641352411745 0.240161725963852 0.04010439917787534 0.024174405258791443
0.0 0.36880259614896516 0.264195540841867 0.023103469731694692 0.023850188196651745
0.0 0.4369453699472581 0.411274441449924 0.052121748212229646 0.028226757333603913
0.0 0.36382797066359174 0.4227187700935807 0.08918797479641799 0.04363814843403785
0.0 0.40943504608050385 0.44714488924739004 0.0201897238541755 0.04358690242282981
0.0 0.40436731144860705 0.3552911388150944 0.014059897008098288 0.013810990853112659
0.0 0.42412187046856975 0.3372047210095167 0.021053281520993006 0.012341566096494005
0.0 0.3892558027328787 0.4824833255789791 0.01474292925752474 0.017563865680695845
0.0 0.37428661824975334 0.5659244740131975 0.03271547115035245 0.011392510539912193
0.0 0.283140795430873 0.6090728141950291 0.0634429674480872 0.025526263171934627
0.0 0.3353536807553833 0.6577203242144489 0.08076412950174183 0.022851964108405842
0.0 0.37959960325434405 0.675777325257269 0.05584950182987786 0.04224263202399381
0.0 0.4296524967811527 0.6114331886243294 0.06648004857935147 0.03403927971288401
0.0 0.4750208705999063 0.619360192670812 0.05713043225977393 0.03024856752131999
0.0 0.4678076680224095 0.6468919468167755 0.04508033935274397 0.018696286924261396
0.0 0.481292916233285 0.7198337674123857 0.04952496055491673 0.04421496258188884
0.0 0.5368466317466591 0.6938409805199253 0.030792984043085947 0.029133609676514793
0.0 0.3440460258060001 0.7399331582609983 0.06684503114614881 0.041290665900952095
0.0 0.42257201850152887 0.7457153806868273 0.04049557684281324 0.03742573426465656
0.0 0.38655413540593797 0.7798729548848017 0.0514627281360987 0.02997383008900134
0.0 0.2860673163533241 0.7449363322737794 0.035439959911100494 0.02465402652838733
0.0 0.27949315885597903 0.7279648723130068 0.023045622223300977 0.010600314474016659
0.0 0.4834949293342537 0.8424503223349611 0.05885493055088886 0.043505717660105137
0.0 0.47481109892417966 0.800362833524044 0.05717845660636478 0.04124846268728122
0.0 0.5213996099495417 0.8205346273322237 0.022752676176390096 0.019848771034890467
0.0 0.31926248523837525 0.8659175601515127 0.022079467088766402 0.018345874763981085
0.0 0.3113307778827202 0.8815773380370464 0.010734235679613291 0.015546421342669814
0.0 0.33302343315623884 0.8874826874448913 0.03342033264822941 0.020145337715659628
0.0 0.39516385798481685 0.8813363331133979 0.08191146739841515 0.05660600830820395
0.0 0.404691928410477 0.925920159890322 0.09846337167126407 0.030429022641843773
0.0 0.4344789189406062 0.9534153764064562 0.06910084840995978 0.023551022047579417
