0.0 0.9741698793719024 0.3459017594006175 0.022286912555446348 0.04874596245367252
0.0 0.9571125927579648 0.2754471925958927 0.03581725806154945 0.06330718003373242
0.0 0.9184598268793597 0.2668362056787713 0.05808169875366942 0.06364840795303645
0.0 0.9033352335193229 0.31007771884236596 0.008641892787420113 0.009329140836724537
0.0 0.8826422371002998 0.3863425400271892 0.018484149426927554 0.02171421525865902
0.0 0.858245083092293 0.38133335397028423 0.024366089337177765 0.02869575204779662
0.0 0.8524364678753356 0.26456812831553583 0.036165247302880954 0.03534054964371547
0.0 0.8286848118175645 0.29059387140526716 0.01527516508351423 0.024071940114612833
0.0 0.819269195941031 0.4293560809254956 0.025569262172180918 0.037802277449802524
0.0 0.7940687839432661 0.4010375301297099 0.02139645081657171 0.018991082644005786
0.0 0.8059493212534706 0.38408991912821544 0.020879259165271113 0.01572489879548672
0.0 0.8273291246113315 0.37400832372412546 0.016404559767628668 0.013105769130966727
0.0 0.7858620841462944 0.3722043214138276 0.05223586274375691 0.10666590824867928
0.0 0.8075365466501149 0.31403112250729026 0.04869450442380452 0.08731784479472154
0.0 0.8028148596560244 0.2643901884139832 0.013067682002848136 0.017672243933188725
0.0 0.7892688988851293 0.30570768934946163 0.012730102938044663 0.012523928523253347
0.0 0.7522421054276669 0.37317545319324974 0.055594386616728886 0.09318685491368922
0.0 0.7117954033506524 0.34609928454210737 0.03139146884612143 0.054964076937268236
0.0 0.6972705790390918 0.3606197436369887 0.03598323861103525 0.05983074592190407
0.0 0.6819749659000603 0.337763761464581 0.033301856095451 0.03233970882642456
0.0 0.6742073002703715 0.3687916610957028 0.013274558663368463 0.018978717472596385
0.0 0.6781584048757747 0.39612248029160874 0.0470282552079786 0.052663689212276155
0.0 0.6523866859562308 0.38798287319465113 0.028342847086362255 0.04174418404780156
0.0 0.6476824721759865 0.4217063590564668 0.03456236606141605 0.053874036246874535
0.0 0.6253632968970368 0.40682610311049267 0.04266781719469204 0.04624150705107588
0.0 0.6304211584644729 0.45859005670533726 0.0581879460668453 0.07035223653953632
0.0 0.5736859753732112 0.45234016118873366 0.014586374916895961 0.012181006744329925
0.0 0.5519896197423869 0.4025412535588958 0.027569868592326907 0.04289550009181892
0.0 0.5360842402559187 0.4733606564442221 0.06536567408826333 0.09154982476676765
0.0 0.5245918031229735 0.5078242317019938 0.043697408286597184 0.0979900041816586
0.0 0.5198962227302604 0.5756967643564267 0.052420680418518495 0.0882263037872868
0.0 0.4956020941749463 0.5412081623294501 0.047899466944010205 0.06872308283793882
0.0 0.5050177506315081 0.504729783994648 0.026405195763009703 0.061179947057821205
0.0 0.47548036409767364 0.4950102086300189 0.04268144923170358 0.04783580960148792
0.0 0.4606866996426898 0.45550174923434705 0.05341656371543396 0.06736769911631679
0.0 0.5067474931004217 0.4070267618941841 0.05352000204569418 0.0680209358860207
0.0 0.36170868860943994 0.4425485756346671 0.025275388201327853 0.04348746150789906
0.0 0.33479435584633765 0.4747668559353656 0.07379267614398316 0.11007937314726468
0.0 0.30167512775908356 0.4709713834576232 0.05405404759448973 0.10759067063531613
0.0 0.2915441616569584 0.3475248151961511 0.037997064190625096 0.0378596145807642
0.0 0.329785198022332 0.40190228754790874 0.030650959514373022 0.0427465251821334
0.0 0.31061366292024417 0.3759771596890721 0.030414009796913888 0.0322008547251057
0.0 0.29878885181075965 0.3877264229168955 0.01322564848115415 0.024702690904540525
0.0 0.31055070782345096 0.350206914073914 0.014681799175976173 0.02334112459721388
