0.0 0.025131470069068976 0.5096658716864909 0.008761100604135513 0.017428454490869827
0.0 0.0052919421849249165 0.5206945393159039 0.010583884369849833 0.03492681599966696
0.0 0.048993478033988735 0.48844248262924816 0.008502748011097294 0.01469371507305045
0.0 0.08211380773700566 0.5063520731850455 0.008052601745897947 0.0126184399540884
0.0 0.07018356546679272 0.47316225056622496 0.00552107761582199 0.012718076825342428
0.0 0.06319704902330096 0.45123176213917715 0.006320546378595832 0.010422062057139747
0.0 0.05398815378270731 0.41399102615368677 0.02034240123289735 0.03512333509331039
0.0 0.2556880180329103 0.45029167985833185 0.026844887420565844 0.0313333385404817
0.0 0.24840577080864484 0.4854689653605663 0.009406982086731186 0.024265303035418573
0.0 0.27975053096470914 0.5078574609792841 0.011736858681557827 0.011272536151911261
0.0 0.27656228610264016 0.48643038056414345 0.00802424921700351 0.0176976352513053
0.0 0.26592282141130974 0.46553477504771196 0.020562547433952805 0.029384675497236
0.0 0.3397316714512948 0.5075368497027272 0.01536638133204632 0.022795541806390096
0.0 0.35182452666052705 0.47673360873652204 0.008111277576304476 0.005170568221876726
0.0 0.38209585646189925 0.40972370865519564 0.00946565791713766 0.01681743130320701
0.0 0.3724126276465093 0.4263311332625281 0.007118044368752019 0.005415528426714888
0.0 0.44910982654849224 0.49616914518098215 0.028524179275314476 0.049109144756308454
0.0 0.445811889442019 0.4557832976569498 0.018055434287535865 0.018984079346828886
0.0 0.4828303291077746 0.4793602634664619 0.02805750511692684 0.06837617810789637
0.0 0.5053763867979059 0.5003381719207118 0.050697488870520946 0.09016490389047188
0.0 0.5345245453829596 0.4762011439275344 0.021880692155420878 0.03526865842689442
0.0 0.5781370456711055 0.510709089103823 0.011940476989424909 0.026876185026386556
0.0 0.6158076599934332 0.5274990248044131 0.00936286337689518 0.007660347434858217
0.0 0.6262435063768966 0.532548775890396 0.00599760563729812 0.007003637784865346
0.0 0.612500697228119 0.5417796131078765 0.003048229316152451 0.005369841964384836
0.0 0.6229905161845067 0.5775197663286716 0.013668590811491521 0.02365152519889091
0.0 0.6375396253082195 0.463192756963147 0.03224861337557472 0.05894715883024754
0.0 0.6715218839675907 0.5436190488948722 0.0340050797265361 0.05064330370553494
0.0 0.6643185583380936 0.5098102247838873 0.023739953046624462 0.03612188717053061
0.0 0.6904504008250011 0.50303036693922 0.03379084584333358 0.06451351988827586
0.0 0.7165572277980641 0.48366426800056317 0.008121131439392859 0.01872316253298767
0.0 0.7315457104295796 0.4684525656310348 0.03326034524893329 0.0400704090170817
0.0 0.7194524078722235 0.4088938123289393 0.00780016147071283 0.01801525712293539
0.0 0.817691368333326 0.43979318036331716 0.03283460996739296 0.02749490087645856
0.0 0.8158048974815983 0.37875284119648717 0.029430384123566133 0.061391251580898976
0.0 0.9046719024149642 0.34604254256209954 0.05493271583900472 0.09734084021338352
0.0 0.9198035804253843 0.396691926849549 0.017510376572564823 0.018593795808406754
0.0 0.9206658902378622 0.43730786965175605 0.019833579137291668 0.04049593170656002
0.0 0.9366403275166445 0.4339018412993729 0.02364110005161746 0.03238584102662606
0.0 0.924165094023461 0.5126813702065413 0.011254418342228734 0.00885541860572192
