0.0 0.9727704617883881 0.7619085888530611 0.030616930059495395 0.06348776760393915
0.0 0.9706785581334922 0.8254103435653746 0.025521601211319855 0.020509039474337354
0.0 0.9890347829969184 0.6580666009739418 0.007724313652631598 0.029702468960940087
0.0 0.9810810500318223 0.696905925581933 0.018813766577725488 0.020548884102065568
0.0 0.930456899229535 0.738934732738242 0.044093083871374006 0.0979781225439369
0.0 0.8855144210140086 0.7415908589100453 0.054140466862582004 0.11438760312439189
0.0 0.7964244609461091 0.7099223948568457 0.03508133851144868 0.08935195885608715
0.0 0.7753910435825924 0.6316554811236004 0.01469666867187902 0.012190387803387881
0.0 0.7431170310800406 0.6691648333916427 0.04101162359681021 0.09740294313786435
0.0 0.7112492401665258 0.6655811379608324 0.029708762967978197 0.05245808162043786
0.0 0.6736519492834199 0.685412331653301 0.01750088225114821 0.018850418103412814
0.0 0.661957132303061 0.7281381432037238 0.015206481683157413 0.03824498658967346
0.0 0.6434077823893147 0.7054410827856075 0.03771032331590474 0.07607569968742522
0.0 0.6206201926108865 0.6620568967685878 0.028284350562579275 0.04872017918258542
0.0 0.5675231617406025 0.6679490490235457 0.029396484347277485 0.046747659590678614
0.0 0.5525111020183945 0.7264486311051399 0.037860099471434205 0.0732372178843691
0.0 0.5167954540899651 0.7146769245959256 0.028988550960915793 0.07275207074149459
0.0 0.5322411072611659 0.7772967515868852 0.015815165611398174 0.015911561029417043
0.0 0.46684029889115175 0.6462834028285469 0.014441727592348741 0.018683125985180182
0.0 0.3677952561508383 0.5666141157011618 0.025636276293660776 0.04491535989743989
0.0 0.289952634689599 0.62945079703977 0.05887897500631056 0.11180005949868455
0.0 0.25723233700230386 0.576932184776121 0.04760478314806388 0.07295677808703349
0.0 0.2617858987695318 0.5104967444936824 0.02056954706828773 0.04707828702348421
0.0 0.2368792754934909 0.5058618508214558 0.016216666695156368 0.02325353221053572
0.0 0.28200816986560384 0.5026022583238041 0.032780643936419496 0.06401275937454187
