0.0 0.5803273757417677 0.9822975742640497 0.060537586679024424 0.035404851471900534
0.0 0.5957899358917778 0.912359355677289 0.043140343199718156 0.03238942578940596
0.0 0.6499094623716026 0.9057302935429152 0.0633317643079011 0.03737459434426438
0.0 0.6017016644998869 0.8640355918254192 0.013572489332374094 0.0189963755934327
0.0 0.6546068340240918 0.8328044336352047 0.10042826908902269 0.05480951142904944
0.0 0.6520945629701487 0.7690248698412847 0.04397172031176899 0.0327365273424336
0.0 0.625639469952139 0.7420771939975692 0.03533415085401781 0.02283984143122264
0.0 0.5993381416316437 0.6674358864693297 0.0304313160999925 0.030528171211797073
0.0 0.6639430194146032 0.647530937651611 0.13440555072030735 0.05072273412112027
0.0 0.5883364534907352 0.6381993160090818 0.036888972299038314 0.021392154410300068
0.0 0.5701482510960545 0.6176500652068433 0.03604217621854744 0.020739068553418227
0.0 0.5966733252869587 0.48493201771511074 0.06376349542422532 0.04594215485217612
0.0 0.5656954580041709 0.46251123302297004 0.03845921271249908 0.02025045169323153
0.0 0.5780594290895693 0.44442183197630863 0.026158164684578655 0.018409755740209532
0.0 0.6099549235995172 0.39587361926643505 0.10181348188120165 0.04999599706573293
0.0 0.5572706083683436 0.3577878557889519 0.046104129481436495 0.034675226288491956
0.0 0.6285194171553483 0.3277878200090003 0.10256776415105173 0.04881317709949062
0.0 0.5817543414115326 0.2939882318504221 0.07695634925423978 0.033177838718553954
0.0 0.5246610234033058 0.28252190527576193 0.04313201012363943 0.02414840820993497
0.0 0.5587985320326072 0.2584741930312693 0.020384781805543484 0.016897997780577434
0.0 0.645945600019014 0.19706535720718868 0.07129089915428566 0.03380797088589976
0.0 0.6457630667651668 0.16822059814656573 0.06125269793591548 0.028418815034151057
0.0 0.5470279648502386 0.16738647841086615 0.08698746458024864 0.04650202784591967
0.0 0.4408823486522685 0.13504266209307497 0.053293563089530815 0.03198543849251567
0.0 0.5313407533021557 0.05662205700069203 0.08085944542709 0.03795263089764572
0.0 0.6079585088425707 0.029653421387349194 0.1109894680506408 0.05442608275674593
0.0 0.6904177854362845 0.016630025288899064 0.06030505496870486 0.017688805774674354
