0.0 0.913875 0.5976666666666668 0.031749999999999945 0.020666666666666722
0.0 0.9862500000000001 0.713 0.02749999999999997 0.04200000000000004
0.0 0.868125 0.6371666666666667 0.019750000000000045 0.05300000000000005
0.0 0.849875 0.6101666666666667 0.02124999999999999 0.02300000000000002
0.0 0.8567500000000001 0.5116666666666667 0.025499999999999967 0.06066666666666665
0.0 0.819625 0.5823333333333334 0.02474999999999994 0.02733333333333332
0.0 0.8107500000000001 0.5633333333333334 0.015999999999999903 0.01200000000000001
0.0 0.803375 0.6133333333333333 0.019750000000000045 0.022666666666666724
0.0 0.794875 0.5886666666666667 0.01475000000000004 0.02200000000000002
0.0 0.7605 0.651 0.02400000000000002 0.040000000000000036
0.0 0.736375 0.6301666666666668 0.02375000000000005 0.02300000000000002
0.0 0.589 0.5626666666666666 0.028000000000000025 0.052000000000000046
0.0 0.577875 0.6358333333333334 0.04325000000000001 0.08899999999999997
0.0 0.55325 0.5903333333333334 0.04349999999999987 0.020000000000000018
0.0 0.645125 0.595 0.01375000000000004 0.014000000000000012
0.0 0.663125 0.5751666666666668 0.012249999999999983 0.02100000000000002
0.0 0.518 0.6106666666666667 0.01750000000000007 0.014666666666666717
0.0 0.43462500000000004 0.626 0.011249999999999982 0.03266666666666662
0.0 0.391875 0.7173333333333334 0.025249999999999995 0.06333333333333335
0.0 0.34299999999999997 0.6653333333333333 0.022499999999999964 0.08066666666666666
0.0 0.32475 0.6211666666666666 0.04200000000000004 0.05566666666666664
0.0 0.3888749999999999 0.5708333333333333 0.03375000000000006 0.06633333333333336
0.0 0.38075000000000003 0.5255 0.030000000000000027 0.056999999999999995
0.0 0.35324999999999995 0.5328333333333335 0.01849999999999996 0.04500000000000004
0.0 0.28025 0.5196666666666667 0.04400000000000004 0.049333333333333285
0.0 0.306 0.4640000000000001 0.029000000000000026 0.030666666666666675
0.0 0.26075 0.657 0.041000000000000036 0.06666666666666665
0.0 0.254625 0.5785 0.037250000000000005 0.04033333333333333
0.0 0.2206249999999999 0.6146666666666667 0.029750000000000054 0.05133333333333334
0.0 0.256 0.7149999999999999 0.024499999999999966 0.03533333333333333
0.0 0.273 0.7215 0.010499999999999954 0.02300000000000002
0.0 0.15762500000000002 0.518 0.04325000000000001 0.058666666666666645
0.0 0.19974999999999993 0.5265 0.041000000000000036 0.056999999999999995
0.0 0.1793749999999999 0.48 0.019750000000000045 0.02266666666666667
0.0 0.13487500000000002 0.6823333333333333 0.01824999999999999 0.02200000000000002
0.0 0.11925000000000002 0.6903333333333335 0.015499999999999958 0.010666666666666713
0.0 0.11324999999999996 0.6686666666666665 0.020000000000000018 0.033333333333333326
0.0 0.11912499999999998 0.6065 0.05625000000000002 0.08166666666666667
0.0 0.07450000000000001 0.5971666666666666 0.030000000000000027 0.09833333333333327
0.0 0.046875 0.5675000000000001 0.023249999999999993 0.06900000000000006
