0.0 0.6024322020037226 0.974606584043741 0.04336606021257583 0.031809612245656926
0.0 0.5580885889040506 0.9467172027602183 0.018529814387320487 0.02661177473019838
0.0 0.595627452546458 0.9343041565411495 0.011146862226251941 0.014092623472721444
0.0 0.5494992543958153 0.8828549154892208 0.02667285314102419 0.025615400385881282
0.0 0.7384384043884555 0.9202029319850095 0.054825056027617 0.02740681673355483
0.0 0.6599998791912012 0.6862896456102131 0.09196887002844145 0.055939944013929876
0.0 0.6899520615499548 0.6267417502536816 0.07349973838423585 0.0446463846367654
0.0 0.5978229291310247 0.6759435107660153 0.02958962435958279 0.021432131677051824
0.0 0.6182861228485799 0.4550971061337711 0.06324083844431094 0.03310343492273843
0.0 0.6243696826174678 0.3887854156068485 0.06289041976259913 0.03652963322367986
0.0 0.6089298628592203 0.35666450978473896 0.01448918879846417 0.014640253477770315
0.0 0.5192385499213918 0.2618186023281371 0.0355839222087283 0.018513613447135868
0.0 0.5239363224061633 0.22474865582586492 0.0539226398124627 0.032018261313074114
0.0 0.5662430185117253 0.22069206062402164 0.0215322043459657 0.019719428194292066
0.0 0.5402249382603502 0.20119463059309747 0.06595603081113866 0.026679214191545342
0.0 0.4606884213379522 0.2378427287818588 0.01800275285084979 0.009769727828665808
