0.0 0.4280753968253968 0.5115327380952381 0.07638888888888895 0.025545634920634885
0.0 0.5856481481481481 0.8038194444444444 0.044973544973545 0.034226190476190466
0.0 0.5375330687830688 0.8009672619047619 0.04199735449735442 0.02852182539682535
0.0 0.560681216931217 0.6293402777777778 0.03141534391534384 0.019593253968253954
0.0 0.5405092592592593 0.613219246031746 0.024801587301587324 0.00868055555555558
0.0 0.574404761904762 0.4743303571428571 0.051587301587301626 0.01661706349206349
0.0 0.6018518518518519 0.4599454365079365 0.019179894179894186 0.012152777777777679
0.0 0.6102843915343916 0.44060019841269843 0.050595238095238027 0.022073412698412676
0.0 0.6603835978835979 0.44134424603174605 0.037698412698412564 0.03298611111111116
0.0 0.5677910052910053 0.5125248015873016 0.04034391534391535 0.027529761904761862
0.0 0.5499338624338623 0.2405753968253968 0.02447089947089942 0.019345238095238027
0.0 0.6350859788359788 0.21540178571428575 0.029431216931216864 0.014136904761904767
0.0 0.6921296296296297 0.12859623015873012 0.04034391534391535 0.03645833333333326
0.0 0.5279431216931216 0.047619047619047616 0.04265873015873023 0.021329365079365004
0.0 0.590112433862434 0.40538194444444436 0.040013227513227556 0.03794642857142849
0.0 0.6226851851851851 0.38578869047619047 0.0443121693121693 0.02356150793650791
