0.0 0.3463832373961458 0.5247847262094264 0.014418039469558441 0.0313174524202966
0.0 0.3623091297593409 0.4987151252601335 0.01980578195395377 0.02744301665284493
0.0 0.4054497713692736 0.5120341100649778 0.026090693076243288 0.04705246490937015
0.0 0.4090297065905826 0.47476511298011237 0.0050839115714775285 0.007358832545615368
0.0 0.41873928649711917 0.5131299284757729 0.013442416236392862 0.017748516651725166
0.0 0.44368233440887594 0.5429659914701239 0.022262975207552937 0.026162839734646393
0.0 0.46938666783004956 0.45769287304045325 0.04468049427713383 0.10488465291413807
0.0 0.579925276564903 0.4305023861096998 0.0333462336976148 0.09444411128874458
0.0 0.6120065772294622 0.4063064639803895 0.04748606802606625 0.0804724221510646
0.0 0.6351186889733637 0.452379888808187 0.0126815247513139 0.01674388363370294
0.0 0.6450842647034414 0.4186398545015815 0.02968738379181113 0.06892977059568839
0.0 0.6688190855403148 0.5882325785450764 0.020487561742368987 0.0238186960259279
0.0 0.6629955716228778 0.5522818686825108 0.030858814962458903 0.05043938477557375
0.0 0.6402994533878521 0.5450628286442027 0.005788294701796759 0.005057070102966743
0.0 0.6843369350849831 0.5745725558898166 0.005095213242429453 0.008020111637749405
0.0 0.7384313915318954 0.5974610487962364 0.01206190415313435 0.02400523926735787
0.0 0.7482224484636102 0.56802356671511 0.017748483816363625 0.02311079754111689
0.0 0.7511089736748557 0.5264668508478899 0.02219582228323358 0.036739067082186105
0.0 0.7674854216611748 0.5557878501180474 0.01984468070089329 0.01521359157496982
0.0 0.7956774368945587 0.6451008882650107 0.026648811585579524 0.050697976169322145
0.0 0.7828066091547997 0.617704392498758 0.02979842919715381 0.031910855815996175
0.0 0.8127863906500495 0.6084275121452327 0.025926161746048004 0.02292001617308026
0.0 0.7825676313113284 0.5674365861800439 0.013802755504070285 0.00982164379932915
0.0 0.8330349745489473 0.5812918253421165 0.020077022056800287 0.04331371486406499
0.0 0.8333572691832464 0.5420940866267392 0.01345437500873703 0.03295369764420386
0.0 0.8445820610460181 0.4368935291035741 0.02950090622110424 0.05801866557547475
0.0 0.9809146285209848 0.5618969278450273 0.01481294085148388 0.039918318744647685
0.0 0.9915745696680741 0.5355772117551999 0.016850860663851774 0.07831488735449904
0.0 0.9889618771454984 0.48122514956662754 0.017996463475913882 0.023115035667723938
