0.0 0.6847545245412806 0.8296825253713473 0.04405195738309664 0.04091819685827014
0.0 0.6887415583959624 0.8822659940849263 0.03217105675900633 0.02923315626698142
0.0 0.6148301203764495 0.8364513212491429 0.033660448479359784 0.02099483302485261
0.0 0.6088119477453574 0.6944764716252921 0.06306581171424819 0.036951140674027494
0.0 0.5819260738271452 0.7146342910593665 0.056404091978083826 0.03277031468668379
0.0 0.47795016670756196 0.5602010664367334 0.07844403587973203 0.044364390172243584
0.0 0.5264067759197593 0.5342011197334047 0.03849263991466134 0.03209454550980739
0.0 0.4639759565999739 0.46305365442927526 0.06617164181887536 0.051547426036351596
0.0 0.5056843495656632 0.46327721825343937 0.029443208138719923 0.04158653017242264
0.0 0.5318018745588041 0.42994982812949833 0.09326632829837211 0.050895274535613544
0.0 0.44968323761353735 0.41270474424827897 0.08856343551906143 0.06323220461004714
0.0 0.4654281761548572 0.3769856621356055 0.07564095070945664 0.04241003181077552
0.0 0.4378370233858592 0.3594737590269005 0.08879319589549539 0.05393011005680043
0.0 0.3627824206125035 0.4555100830472233 0.03043523420237393 0.026322173513539104
0.0 0.4062347447359108 0.44867061483486514 0.05643247565595738 0.05199298157911997
0.0 0.3773533178048986 0.30752403285110236 0.05137502782836367 0.03492278507302449
0.0 0.4315555299779564 0.27033380158347975 0.07354877437014451 0.05468092454358486
0.0 0.3590242334707572 0.19785019368623197 0.07437456338932447 0.06425512836123878
0.0 0.3374120486559972 0.16641431847831037 0.06003521815960988 0.03666258757861213
0.0 0.27848193801386156 0.1852643789971397 0.08922478622816404 0.053055966837457974
