0.0 0.2296188639950245 0.26531812075699035 0.033889868906161635 0.03154396288919098
0.0 0.21683586408822014 0.3129554836712194 0.06448606493377995 0.06458163888261953
0.0 0.2586635324097799 0.2802795047786282 0.06552658613631157 0.06724691721542347
0.0 0.2654587399229882 0.3393833105695075 0.023098913659711173 0.023594160485516213
0.0 0.22695370916357505 0.367615207056867 0.056823284904323756 0.05297426132833105
0.0 0.30448853919916674 0.26741141398721424 0.0543631108875256 0.05469327543806221
0.0 0.30186716300470434 0.3467679558159156 0.05834269229273392 0.056431213315942974
0.0 0.3209434679414701 0.3799381784738788 0.07279773672616346 0.07119904521830195
0.0 0.3858397328644879 0.34217337537163806 0.03103506017275931 0.030904732060705487
0.0 0.3878273577054275 0.4715538092276764 0.07902806558578379 0.07301559534969582
0.0 0.47430366778738164 0.5335454589407587 0.05902950240249866 0.058073762914103266
0.0 0.4201164486953747 0.6522137220917312 0.05753160867295726 0.053430617413660286
0.0 0.4561090239293182 0.6516763629125368 0.06011425303356732 0.05624785237596752
0.0 0.5561459449387507 0.7036418346390041 0.026078296430825265 0.02506173715680471
0.0 0.5781415995855245 0.7012363817577463 0.023911800445687748 0.02341655361988282
0.0 0.5813871361754311 0.7422212262160881 0.03020276342181405 0.02856062920993463
0.0 0.6434690651973342 0.7306338864446642 0.022266015853366072 0.022309458557383866
0.0 0.6204382366788636 0.7778033851248799 0.03191068476914194 0.030346747424494724
0.0 0.49993183028431676 0.6671042941988075 0.019912809075510685 0.019156906025597942
0.0 0.46215255390013554 0.5052871829220404 0.01389280836137663 0.01395362814700174
