0.0 0.007564484126984127 0.421957671957672 0.015128968253968254 0.046957671957671976
0.0 0.013392857142857142 0.34970238095238093 0.026785714285714284 0.05985449735449738
0.0 0.05022321428571429 0.3351521164021164 0.049851190476190486 0.05654761904761907
0.0 0.07192460317460317 0.37549603174603174 0.007440476190476192 0.008267195767195756
0.0 0.10429067460317461 0.44758597883597884 0.015625 0.019510582010582034
0.0 0.12760416666666666 0.43882275132275134 0.020585317460317457 0.025793650793650813
0.0 0.11507936507936506 0.32258597883597884 0.03174603174603173 0.030753968253968256
0.0 0.14260912698412698 0.34457671957671965 0.01190476190476189 0.0224867724867725
0.0 0.1736111111111111 0.48015873015873023 0.0203373015873016 0.03505291005291006
0.0 0.19407242063492064 0.4482473544973545 0.01909722222222221 0.01620370370370372
0.0 0.1796875 0.4333664021164021 0.01909722222222221 0.012896825396825407
0.0 0.15699404761904762 0.4267526455026456 0.014880952380952384 0.01091269841269843
0.0 0.1976686507936508 0.4184854497354497 0.036706349206349215 0.10218253968253965
0.0 0.16716269841269843 0.3644179894179894 0.03621031746031747 0.08267195767195767
0.0 0.1640625 0.3146494708994709 0.01066468253968253 0.01620370370370372
0.0 0.18390376984126983 0.3533399470899471 0.011160714285714274 0.01091269841269843
0.0 0.2310267857142857 0.41418650793650796 0.042410714285714274 0.08763227513227512
0.0 0.2667410714285715 0.3811177248677249 0.023561507936507964 0.05191798941798942
0.0 0.283358134920635 0.3931878306878307 0.027529761904761918 0.05621693121693122
0.0 0.294890873015873 0.3682208994708995 0.029265873015873023 0.028108465608465583
0.0 0.3074156746031746 0.3976521164021164 0.010664682539682557 0.017526455026455
0.0 0.3077876984126985 0.4252645502645503 0.04017857142857145 0.046957671957671976
0.0 0.33196924603174605 0.4131944444444444 0.02256944444444442 0.03869047619047622
0.0 0.34188988095238093 0.4457671957671958 0.027033730158730174 0.05026455026455029
0.0 0.36160714285714285 0.427579365079365 0.03670634920634919 0.04100529100529099
0.0 0.3647073412698413 0.47949735449735453 0.04885912698412698 0.06349206349206354
0.0 0.41976686507936506 0.46445105820105814 0.013144841269841279 0.010251322751322733
0.0 0.4334077380952381 0.41187169312169314 0.02157738095238093 0.0400132275132275
0.0 0.4601934523809524 0.4793320105820106 0.05282738095238093 0.0843253968253968
0.0 0.47693452380952384 0.5115740740740741 0.029265873015873023 0.09457671957671954
0.0 0.4921875 0.577876984126984 0.03993055555555558 0.08300264550264547
0.0 0.5107886904761905 0.5400132275132276 0.03844246031746029 0.06349206349206349
0.0 0.4957837301587301 0.5054563492063492 0.017361111111111105 0.059193121693121686
0.0 0.5234375 0.4912367724867725 0.03645833333333337 0.04265873015873012
0.0 0.5318700396825398 0.4499007936507936 0.04439484126984128 0.06117724867724866
0.0 0.47879464285714285 0.40922619047619047 0.04439484126984128 0.06183862433862436
0.0 0.6276041666666665 0.4216269841269841 0.01909722222222221 0.04100529100529099
0.0 0.6592261904761905 0.44923941798941797 0.058531746031746046 0.10218253968253965
0.0 0.691344246031746 0.44031084656084657 0.03844246031746035 0.10284391534391535
0.0 0.6820436507936508 0.31679894179894186 0.03323412698412698 0.03306878306878308
0.0 0.6527777777777779 0.37648809523809523 0.024801587301587324 0.03935185185185186
0.0 0.6676587301587301 0.3478835978835979 0.026289682539682557 0.02843915343915343
0.0 0.6811755952380952 0.35763888888888895 0.009672619047619069 0.023478835978835988
0.0 0.663690476190476 0.3224206349206349 0.011408730158730118 0.021825396825396803
