0.0 0.030470343124290256 0.45924411773524854 0.032884759766974914 0.03645475555177752
0.0 0.20015563223317837 0.5424476096259788 0.030126109933761802 0.034111221507495015
0.0 0.15249938166835422 0.5341246049340005 0.021342733474485398 0.02507877557486038
0.0 0.20991902849015273 0.47874423029667057 0.01260641628067255 0.028712908891177447
0.0 0.33751907830224154 0.5054370208164017 0.021201714551434825 0.05441097766587788
0.0 0.32566327604638146 0.47698087116698606 0.018680678975644793 0.0487350620942158
0.0 0.4864503982266314 0.4193831165146268 0.024752464867171586 0.06809055323151986
0.0 0.49863236046308945 0.46833819588408054 0.022613777677023494 0.030750047140062076
0.0 0.5759863134022829 0.42888387112165655 0.03519914112840983 0.053796328472497934
0.0 0.5663738432821409 0.4659198390203002 0.03457035079994575 0.019128043451729748
0.0 0.5901132323959525 0.4966651878384141 0.027551981957234517 0.0814340113604185
0.0 0.6239816477291236 0.42753888265854917 0.041272165421659346 0.07348515064266914
0.0 0.6521888073418509 0.4496009061988603 0.023493804681860575 0.06575259199498945
0.0 0.6739874946678104 0.4290197775644764 0.03178213819872722 0.0761165044565087
0.0 0.6055335499673411 0.34060682117389485 0.01883903552281363 0.024069494463338392
0.0 0.6018078041178486 0.3807876070544137 0.038161968372532495 0.04380754310198781
0.0 0.7338316611676964 0.38696382062955803 0.022159601991463607 0.04308143775356282
0.0 0.7546670471192147 0.4435534701103809 0.03647390053611621 0.060467593136301234
0.0 0.8354887774587225 0.39541953527532214 0.045967642964216404 0.05883623242106317
0.0 0.8683189681132275 0.383297480722201 0.02169056548523096 0.051412855972657545
0.0 0.8648584622499098 0.3266432795515812 0.03078462190357112 0.07677945131707486
