0.0 0.8449911896480153 0.5113050201019813 0.036667872827982895 0.03011475540101516
0.0 0.9289379104640334 0.4140573374125926 0.039987390167618986 0.04856064153823858
0.0 0.8079539327863241 0.46794136855690516 0.036514707360275844 0.05617405964117944
0.0 0.7870829333613977 0.4905211231329188 0.027671500444216957 0.028706203195843494
0.0 0.7794501749327583 0.5833689671368585 0.04449498676577435 0.06528758491750686
0.0 0.754901124629513 0.5121670532237304 0.032415259540905184 0.033942677888544215
0.0 0.7439145619892372 0.528622237861992 0.01901953101146625 0.01665449615060577
0.0 0.7441655109345591 0.4809373797948945 0.02615869982824981 0.02788320441429404
0.0 0.7327207040363282 0.5027311394364687 0.021267767482454958 0.025554393167764644
0.0 0.7095482577766941 0.4396935531562822 0.03604024703493269 0.045500386478374955
0.0 0.6840771356208832 0.45568417063347283 0.03000316433654271 0.02955972030013132
0.0 0.5370009166409101 0.49762531470817206 0.04386779136323549 0.058058000528399045
0.0 0.5370576386892367 0.4277990027651133 0.07072299424988271 0.0977730804709756
0.0 0.5076030340906368 0.46672407707230745 0.04739908856077035 0.033504508753214424
0.0 0.5939570888268575 0.4754718320800001 0.017603847191803523 0.017751661870607283
0.0 0.6079170904052884 0.4965362676330832 0.018594696748414075 0.02376821050654654
0.0 0.47762584522943535 0.4427336804282085 0.021328947591435665 0.019653714564992708
0.0 0.40205119069819534 0.4165446050446163 0.0216451110114938 0.03430790182901805
0.0 0.37520269770732617 0.3252655502443144 0.045172238621115524 0.06768934135889226
0.0 0.3222041368875682 0.3667952123191295 0.0485251269292864 0.08291667553096721
0.0 0.2988853914124706 0.40538572562244635 0.05817693424654846 0.0662574700211554
0.0 0.35151568377342446 0.4614732928889407 0.05412411638016845 0.07338929618426188
0.0 0.3374738253889335 0.502595610887782 0.04744015668567181 0.0634041419964807
0.0 0.31287116166274404 0.4918349168850675 0.03261762068039176 0.04828597663359313
0.0 0.24290917855087663 0.4937061515402327 0.05788002202954645 0.06103340184402711
0.0 0.2589879653723446 0.5492961532846086 0.0375171109635761 0.03850254215560123
0.0 0.24430416859210494 0.36283963232501015 0.060999743948484786 0.07617538430567339
0.0 0.2273985008944448 0.43518053225914666 0.048511867944830644 0.050334915650077305
0.0 0.20084477383150556 0.3966011648993435 0.04527235152672013 0.05803368546344695
0.0 0.24814406181279816 0.30806774106742374 0.03491334788539374 0.04131865063355783
0.0 0.2649261927462119 0.3044293964727889 0.01764534570721632 0.025036079647405673
0.0 0.12830341938471065 0.4777758450437243 0.06036698671785663 0.06948222524409015
0.0 0.168803946733105 0.4758546714426396 0.0576994778119049 0.06715961725534719
0.0 0.1431705836029053 0.5163184066881172 0.026158699828249865 0.02788320441429415
0.0 0.13051709937686432 0.3212639475585847 0.024532096931710864 0.026749317113767768
0.0 0.11708489723825782 0.3115746989069914 0.018097989110714266 0.01524023865384111
0.0 0.10839951567801345 0.33092692974915916 0.030033539195777184 0.03791698873197907
0.0 0.10501475808989323 0.3897453380360779 0.08034399631739877 0.09537182199578365
0.0 0.062063744225378345 0.39208726506322045 0.061551639476564446 0.10195431834959917
0.0 0.032068772808087335 0.41581737327335744 0.04524154627697417 0.07229163249806708
