0.0 0.8275695211157166 0.47741747568661846 0.022258576907430938 0.03453222205847595
0.0 0.639429641063475 0.5133523317659617 0.025544197769898025 0.02899746064290376
0.0 0.6023043526372921 0.5371226706650742 0.022912773791749608 0.02803025973608364
0.0 0.5870732362342264 0.5710610366272217 0.013525308896126464 0.015938432349552056
0.0 0.5604056888208033 0.5021936937586289 0.025461420295572523 0.026043898370537333
0.0 0.516913555378484 0.5161572448536014 0.033654330822253 0.03078354602421185
0.0 0.5330808099912302 0.4902246451168309 0.021548056671139015 0.025458980888760085
0.0 0.5111010111760395 0.46600565899166657 0.0723809099094962 0.10350188134333238
0.0 0.48325344165596607 0.4478780270333466 0.05634864142064688 0.07814996365504545
0.0 0.43301847351779493 0.5251010321227765 0.0498329100158631 0.0457555634911091
0.0 0.46609868238335284 0.5413728552780052 0.03123416015899827 0.03938885320850605
0.0 0.40078566978541313 0.492351567842462 0.0446376067451445 0.045552929434374945
0.0 0.41549183419451585 0.42557679931533554 0.022577056091430903 0.026904036076884186
0.0 0.36953472948556343 0.4303435396462955 0.03902120622433641 0.05949115000167249
0.0 0.24522041401652928 0.3732127152318529 0.07316417898225702 0.07786560915875895
0.0 0.14689879545859244 0.287593535093847 0.04080702059503677 0.04792157422496457
0.0 0.11606968533710034 0.300113383007935 0.03707243898043058 0.04693296067804981
0.0 0.09116028371220415 0.29014244319061705 0.08288475950275373 0.1093043007600879
0.0 0.2516810619949785 0.3100306846257164 0.06825428724259816 0.08581184064510994
0.0 0.23610752963676676 0.26262723696307144 0.04055608609661482 0.05728152796346253
