0.0 0.143125 0.6733333333333333 0.008750000000000008 0.033333333333333326
0.0 0.314875 0.5774999999999999 0.016749999999999987 0.023666666666666614
0.0 0.343375 0.5423333333333333 0.013749999999999984 0.02400000000000002
0.0 0.34725000000000006 0.5043333333333333 0.008500000000000008 0.013333333333333364
0.0 0.3955000000000001 0.5628333333333333 0.018500000000000016 0.01966666666666672
0.0 0.43337499999999995 0.5351666666666668 0.026749999999999996 0.02100000000000002
0.0 0.42600000000000005 0.5656666666666665 0.013500000000000012 0.021333333333333315
0.0 0.45524999999999993 0.5821666666666667 0.033999999999999975 0.09633333333333338
0.0 0.48824999999999996 0.5908333333333333 0.02799999999999997 0.07166666666666666
0.0 0.51225 0.49933333333333335 0.039500000000000035 0.031333333333333324
0.0 0.47475 0.49416666666666664 0.018000000000000016 0.03433333333333333
0.0 0.55425 0.5208333333333334 0.03249999999999997 0.03433333333333333
0.0 0.5615 0.5906666666666667 0.014000000000000012 0.022666666666666724
0.0 0.60475 0.5711666666666668 0.016000000000000014 0.05700000000000005
0.0 0.744375 0.5866666666666667 0.05125000000000002 0.06066666666666665
0.0 0.867875 0.6383333333333333 0.02575000000000005 0.040000000000000036
0.0 0.893875 0.6161666666666668 0.02124999999999999 0.041000000000000036
0.0 0.921375 0.6178333333333335 0.044749999999999956 0.09766666666666668
0.0 0.7585 0.6503333333333333 0.03949999999999998 0.07466666666666666
0.0 0.7889999999999999 0.6915 0.019499999999999962 0.05300000000000005
