0.0 0.9703754655015784 0.3371384700541319 0.047463564261632674 0.05755817912595873
0.0 0.9483258453403212 0.3851378716875307 0.06556372201374994 0.0933854654203069
0.0 0.9170170676365477 0.30797717494027815 0.03927615973933174 0.04464354032572959
0.0 0.8867554488946121 0.35738118530709134 0.06958967301583019 0.07402145515138792
0.0 0.8995575022173189 0.40806170558331495 0.045939674898544336 0.05234113798323892
0.0 0.8408252468254094 0.323326719680913 0.059325719142169775 0.0774467838742281
0.0 0.8365119924716449 0.5114484720747257 0.0834110553555335 0.1189145544637239
0.0 0.7742033334177453 0.4736716467784462 0.05150516596140475 0.07696329222899756
0.0 0.70388578260809 0.4160536347875782 0.07394128908108888 0.11998258126716094
0.0 0.6784612476665337 0.41824668709142176 0.02619248100189897 0.041900686571264834
0.0 0.6411761757876719 0.4759945114786173 0.06919257921622213 0.0752001061110893
0.0 0.6210286226676914 0.43490439869973196 0.03582946324349989 0.04193547418582372
0.0 0.5958578241214926 0.4456482232320145 0.04709124100995443 0.06476912752845682
0.0 0.5820839824180487 0.4042484221132596 0.030971080345733704 0.04269068199309761
0.0 0.5708021409810715 0.47378588675376476 0.07408738244041069 0.1019583678706959
0.0 0.49815045045778866 0.5254382884560402 0.02894189514108214 0.047259927968054005
0.0 0.49342830557363504 0.5711451191705362 0.033237792242131414 0.04003319151665319
0.0 0.4661977263856084 0.5682317275344376 0.0473950775070906 0.05020187285961053
0.0 0.368349966836805 0.46788519614007934 0.03782258110083303 0.040235440263525546
0.0 0.3963293699369393 0.4927079664208468 0.022035028400877343 0.026909988749990843
0.0 0.3659719344270127 0.5566429189440305 0.03671690814518702 0.05296677597556543
0.0 0.33251173672217177 0.5207572438222297 0.027227843232955462 0.028360409778709128
0.0 0.3374935898432174 0.6144191618192506 0.06264709190741091 0.08692340960552158
0.0 0.30610994148973575 0.5566699203480849 0.05761931609333726 0.06274048656109288
0.0 0.2514680933979856 0.5310272112595431 0.07255366726887671 0.06871278941806014
0.0 0.21254766469035247 0.5497261942743394 0.04762895625874136 0.06520835872978714
0.0 0.16680706616026808 0.5744211622194566 0.03883717370315892 0.03795081727604732
0.0 0.18102154138038043 0.5967776391364201 0.01710050988927536 0.01611566941470688
