0.0 0.01363357843137255 0.735702614379085 0.0272671568627451 0.06209150326797386
0.0 0.012254901960784314 0.7992238562091505 0.024509803921568627 0.0191993464052288
0.0 0.0030637254901960784 0.6311274509803921 0.006127450980392157 0.02941176470588236
0.0 0.008884803921568627 0.670343137254902 0.017769607843137254 0.019607843137254943
0.0 0.05713848039215687 0.7150735294117647 0.038909313725490204 0.09599673202614378
0.0 0.1018688725490196 0.7201797385620915 0.04810049019607843 0.11192810457516345
0.0 0.19255514705882354 0.6934232026143792 0.03033088235294118 0.08782679738562094
0.0 0.21783088235294118 0.616421568627451 0.014093137254901966 0.011437908496731986
0.0 0.24800857843137256 0.6556372549019609 0.0358455882352941 0.09558823529411764
0.0 0.2800245098039216 0.6537990196078431 0.026960784313725505 0.051062091503268014
0.0 0.31648284313725483 0.6756535947712419 0.01654411764705882 0.017973856209150374
0.0 0.3258272058823529 0.718954248366013 0.013174019607843146 0.037581699346405206
0.0 0.34558823529411764 0.6973039215686274 0.033700980392156854 0.07434640522875813
0.0 0.3707107843137255 0.6552287581699346 0.02573529411764708 0.04738562091503273
0.0 0.42340686274509803 0.6640114379084967 0.026960784313725505 0.04534313725490191
0.0 0.4352022058823529 0.7232434640522876 0.03400735294117646 0.07148692810457513
0.0 0.47150735294117646 0.7134395424836601 0.025122549019607865 0.07148692810457513
0.0 0.45266544117647056 0.7751225490196079 0.015012254901960786 0.015114379084967267
0.0 0.5251225490196079 0.6478758169934642 0.013480392156862697 0.017973856209150374
0.0 0.6283700980392157 0.5737336601307188 0.023284313725490224 0.04370915032679734
0.0 0.7026654411764706 0.6407271241830066 0.053002450980392135 0.10906862745098034
0.0 0.7382046568627452 0.5900735294117647 0.04381127450980393 0.07066993464052285
0.0 0.7372855392156863 0.5234885620915033 0.018075980392156854 0.046160130718954306
0.0 0.7624080882352942 0.5202205882352942 0.015012254901960786 0.02246732026143794
0.0 0.7175245098039216 0.514501633986928 0.02941176470588236 0.0625
