0.0 0.8224455041968776 0.6446268068926185 0.10325708429369174 0.12026223710681427
0.0 0.45346768458384845 0.5194183675415261 0.04203355515615442 0.045035912092769415
0.0 0.4086249884740788 0.4785117185995731 0.11566064315692554 0.11278133363574566
0.0 0.4724604479771942 0.429803765912811 0.0245056223281766 0.024874764574481678
0.0 0.4694306752974049 0.33566596246957847 0.0428645757328569 0.050050544794263296
0.0 0.48044768984626895 0.29087177397464187 0.03752013912301183 0.041088514170627866
0.0 0.4525184984448703 0.2652057065487933 0.07150534999441449 0.08063546821969447
0.0 0.26494545293071725 0.35406093733200344 0.030818950631871483 0.03148340667522076
0.0 0.3540474816179926 0.32201825494995545 0.023278283638490438 0.026871268169193607
0.0 0.3487915521294704 0.3002585371056944 0.02323182074959884 0.022764240570945726
0.0 0.27735608616208424 0.3135402461218224 0.03520333286078692 0.03771350013566177
0.0 0.1267115480068313 0.23110553783764 0.0971457646218758 0.10022195000775175
0.0 0.07312969017861465 0.31580128622615455 0.026074737703798423 0.02668997478097357
0.0 0.05454164712222215 0.2716017171709615 0.02048145018580072 0.022130285552630302
0.0 0.28944356580181035 0.2774099235293491 0.027274805679960434 0.030104896234966316
0.0 0.29877126848374524 0.24227329180750354 0.013383564194294872 0.01461403834864522
0.0 0.2688490491944041 0.38191392359424037 0.013928108286873353 0.014838659161092616
