0.0 0.49641710138238193 0.41711364687299646 0.04034654140086541 0.07300030808803482
0.0 0.2770592779858542 0.623966322557047 0.04058215539538623 0.04748457762194236
0.0 0.2682607761448845 0.5810947018423624 0.03487987467450593 0.0435344502354954
0.0 0.42423141125829644 0.5610901950843655 0.02456336207168419 0.032156026520896
0.0 0.4336336571516821 0.5396112246433107 0.013438541822785477 0.023792175162619777
0.0 0.5634137775426007 0.5367219931084394 0.026690464700306227 0.049149884714408065
0.0 0.5824769358049238 0.5574174566769898 0.015163737328791171 0.019676859553847237
0.0 0.6014250954455143 0.5602702820627468 0.031243239167299985 0.04956120584546797
0.0 0.6125386294356172 0.6043870720060612 0.03778586681697749 0.04081231348554426
0.0 0.5283601207385917 0.5398912875295588 0.03362141375669725 0.04185122487297588
0.0 0.7626932430249783 0.4603596129606205 0.022714877285713087 0.02600680173222436
0.0 0.8047715855647655 0.5291343942457187 0.019311609072605873 0.02913428685655095
0.0 0.8943058813171921 0.5587805422812092 0.041452669356551564 0.04394816046922956
0.0 0.9267707032236479 0.3957544123011987 0.028726691781753133 0.04242534512368773
0.0 0.6275775269274774 0.5343061993741491 0.04268021434185121 0.0440076032315736
0.0 0.652412713983861 0.5582741713188751 0.0310728270884304 0.04439981154124273
