0.0 0.6921389706509238 0.013758797938509287 0.01650532877952271 0.013864841016186957
0.0 0.5812113361016149 0.2998943721646782 0.048832444784187135 0.024107877545679723
0.0 0.5336162946832226 0.3056647362628935 0.026036602180706914 0.01947539016272115
0.0 0.5830046937559127 0.3436227896220224 0.03928056856018869 0.026478203647045617
0.0 0.5509140273326968 0.40078796723297405 0.03164904707316185 0.02692817501144046
0.0 0.5890358480939357 0.39414691927658396 0.03669405589929797 0.02837251870575508
0.0 0.5366426561445543 0.3775878300094999 0.013890594544704538 0.006529234719647337
0.0 0.521553717751448 0.396638000812238 0.01409565701101878 0.011775228370511592
0.0 0.6246661759992214 0.711530822827728 0.04155245895369897 0.03355098088298469
0.0 0.5690831949975893 0.7253703395451647 0.02213837649479178 0.013336750617005788
0.0 0.5369151070250826 0.6735743432973447 0.09656693082489476 0.05415909705010857
0.0 0.4390778297742285 0.62909392282789 0.04083747663303822 0.03227589509737383
0.0 0.5083058347147206 0.8763616287690495 0.0407485196547861 0.03850810579498609
0.0 0.536418976050826 0.8953492041889723 0.014996172039297262 0.017796689364047324
0.0 0.5861942682241827 0.8551377171257618 0.04073113602432443 0.021047499970366923
0.0 0.4945355842634023 0.9427494309013117 0.09142427320527552 0.050216661141096575
0.0 0.41302722412945125 0.9627059828175437 0.06755214774524765 0.035066146778147234
