0.0 0.37641330333231426 0.9830213977311555 0.04816306224099437 0.019438546523491418
0.0 0.3050154307230605 0.9704858164863861 0.06208992620373305 0.03224627351022347
0.0 0.29396022596756843 0.9324599324918327 0.06094661689240399 0.054903277221968194
0.0 0.33615070608835884 0.9146120986691811 0.008924514144189655 0.008178422826851994
0.0 0.410942815416112 0.889103993418963 0.020881599365987713 0.017374970174500293
0.0 0.4043900041410844 0.8650753910243799 0.027599523546336047 0.02289914824710837
0.0 0.2874918885442391 0.8667150564931829 0.03357818823619635 0.034473497817001486
0.0 0.311952112224984 0.8413541037045498 0.02349819964136507 0.013948230779441961
0.0 0.4498329617219884 0.8231201805047932 0.03679539106798485 0.02351496561937294
0.0 0.4199669487966594 0.7997744666374755 0.017912640422645343 0.02052396003332735
0.0 0.4038103853810667 0.8127102365811265 0.014620148633123442 0.02021583351315659
0.0 0.39511088355734914 0.834688708446379 0.012251792246192161 0.01583303056941332
0.0 0.39066961028164765 0.7934207431348312 0.10515820067012738 0.046067768336978454
0.0 0.33399490237438567 0.8187561112883752 0.08568628013392215 0.04375594809954131
0.0 0.2841540323294196 0.8172055182124782 0.01712691779620923 0.01212810597004621
0.0 0.3245249453878528 0.8010556477613473 0.011905149910999724 0.012128977306200994
0.0 0.38949759722749433 0.7598071677318059 0.09120275504352576 0.050391559985151324
0.0 0.3599004457501216 0.7211669912032583 0.05388752255171342 0.02829659036702914
0.0 0.37346637654573617 0.7057468817595346 0.05853751370229732 0.03264814499067792
0.0 0.34968265477394167 0.6919379614162855 0.030713099914450315 0.03175762775872315
0.0 0.380152860895835 0.6822099747929932 0.0184439145120181 0.012251356578114825
0.0 0.40767983157186277 0.6844124259100999 0.05049712063128997 0.044379171829120545
0.0 0.3979154117188581 0.6592114179005961 0.040625117437574465 0.026076336749488394
0.0 0.4312708354061627 0.6523689887557149 0.05256480950313214 0.031599643485941686
0.0 0.4149993349403114 0.6310428105997494 0.0442471025639708 0.04036742771381463
0.0 0.4669803246484669 0.6327936859137576 0.06776841169434877 0.05456259537747088
0.0 0.45712979356698924 0.5765717219514386 0.011431527465197988 0.014042847075880105
0.0 0.40605019600929537 0.5580909816489411 0.041849676197331875 0.025211839820700188
0.0 0.4757128533289289 0.537707579165302 0.08888086179254251 0.060454782601974566
0.0 0.5093745387851341 0.5240435730525144 0.09689218488384205 0.037950970814160656
0.0 0.5768102327393384 0.5150348914027731 0.0863621716480667 0.047490814014770455
0.0 0.5408444134252739 0.492986576430754 0.06679781315581013 0.044191246240476656
0.0 0.5050397501394932 0.5047063357899227 0.06055326726334115 0.02280104660605159
0.0 0.49345874346947893 0.47584792916330976 0.045870238969719035 0.040274554089686
0.0 0.45308831872689015 0.46360049359789096 0.06504769663945248 0.049902042897496446
0.0 0.4076452390670251 0.5126550306216151 0.06570619499735691 0.04996366820153064
0.0 0.43385777668542835 0.3656483745437676 0.04260632884406007 0.022834908934610043
0.0 0.46429654297707224 0.33673677824989157 0.10719183570325619 0.06779821414782355
0.0 0.45839949397252394 0.3039265101396975 0.10597846545112166 0.047857951830511725
0.0 0.3345583197958971 0.30167811776934056 0.036021589422938594 0.036170807686406126
0.0 0.3912608768932553 0.3363783537956969 0.04149160119659423 0.02836039401145002
0.0 0.36416739225465977 0.3188968463433688 0.03076503522524865 0.02882519780017051
0.0 0.37513971018494874 0.30634775938820225 0.02427796177710634 0.011818236777566049
0.0 0.33844545365113526 0.3204752622854784 0.022793482305434987 0.013392731706979522
