0.0 0.6101572436674835 0.9903332298402878 0.0703471477749178 0.01933354031942447
0.0 0.5628023553625716 0.9891106966034863 0.015166875353043063 0.021778606793027455
0.0 0.39745294498933426 0.8956803168015424 0.054900736530064664 0.0710393344242708
0.0 0.347465868984561 0.8825898497338461 0.0555879553435531 0.04130357933506423
0.0 0.4554629547566379 0.8213977025023749 0.043253705479458004 0.029793428086843488
0.0 0.487164037622014 0.7862543144744157 0.04998855424751297 0.03611622754696131
0.0 0.48293751519008044 0.7369896942992467 0.08432116022242592 0.05183793978004514
0.0 0.581021225403255 0.7181696527764665 0.055672599951093305 0.03582555828545253
0.0 0.6033176140073852 0.7548610533126113 0.04237544623972522 0.032280238195264266
0.0 0.6659832138733222 0.7461089247189323 0.05375197229522133 0.03575915251529804
0.0 0.5794467164533339 0.5911003452452571 0.09446072470169542 0.05153892179157271
0.0 0.5665241716606252 0.5565261566954243 0.07894520896532486 0.03403183440017232
0.0 0.5723550100576671 0.48927162766450444 0.09683831398861154 0.040456233685874365
0.0 0.4541016722522285 0.4211360951111815 0.04409304608717318 0.027061674692436477
0.0 0.6503975378326274 0.35739921221077775 0.04479358146348966 0.0314706538401876
0.0 0.6244450897139995 0.3036780877647596 0.0239442877116971 0.016458725284171694
0.0 0.5944011542569414 0.28308345556663084 0.04175437543227445 0.03838930608412089
0.0 0.600518106107077 0.10023040183381071 0.14117463569687494 0.1291565308820406
0.0 0.6158995494644504 0.023443764444061793 0.036737126511667384 0.026847943121175166
0.0 0.4950626380781922 0.02363631011955661 0.07331177115175946 0.04727262023911322
0.0 0.7213545703070623 0.03304221803294749 0.06031945727720878 0.016985605059148923
