0.0 0.26126253143804445 0.06747273972106671 0.04499597153666446 0.03458088157048379
0.0 0.22702301497616803 0.11454338923614701 0.07827019022403708 0.07869450870414073
0.0 0.2869288171388484 0.09624480547555042 0.07691687299651362 0.08455460563837947
0.0 0.2694057169798903 0.1642317118966804 0.02729334154476648 0.02949208275984902
0.0 0.215040749734433 0.17904041242556573 0.07530895343962474 0.05822049101363205
0.0 0.3428568225436944 0.10145896889028974 0.06558113051759606 0.06704695799431781
0.0 0.30639027085158954 0.18777275683168795 0.07403388768788838 0.06554751808581522
0.0 0.313370087182153 0.23238656961363793 0.09110913691471656 0.08401144597480087
0.0 0.40084263850766444 0.21824307690308045 0.03795310988931022 0.037374493780077955
0.0 0.3482866069737429 0.3616158351329039 0.10580011147453106 0.07910662163528281
0.0 0.41732209405577214 0.46650018070803106 0.07332871176662348 0.0690855269655869
0.0 0.3074138673575997 0.5743022205502599 0.0765764905848429 0.05836937034766765
0.0 0.3472923992180517 0.5889400429427423 0.07933924701571204 0.06217363577515522
0.0 0.4355093591463784 0.6885170688209106 0.03335338280234279 0.028840177150331048
0.0 0.4607586691023425 0.6951742891969895 0.029878378163281982 0.027679636948199304
0.0 0.4469918898293097 0.7416984764107322 0.039377606305693424 0.03208704332936696
0.0 0.5202873704755664 0.7552024879662336 0.02700862478932664 0.027201496825737248
0.0 0.47495632307662 0.797421476584199 0.041328646191803986 0.03438525288101668
0.0 0.38904158015633733 0.624479261873088 0.025435154027888207 0.02207918059434122
0.0 0.4158929737450555 0.430227912054907 0.016797604758315154 0.017067625609290205
