0.0 0.09302494160282859 0.5999853249480451 0.034630465343876704 0.058200218689479555
0.0 0.05672331739046907 0.5918144721816494 0.0365411708761863 0.05460321553621872
0.0 0.02260671557265423 0.5674805215152816 0.03388187229861378 0.08264129330910508
0.0 0.0030308657769932135 0.5882345100013638 0.006061731553986427 0.024620309534122642
0.0 0.22555287704772506 0.4116355554167236 0.01731073966717761 0.035048801463352985
0.0 0.24716711613239384 0.4347262157459617 0.01901759993578067 0.04598917335188285
0.0 0.27449258533776366 0.482242002526561 0.04439836254221208 0.07558171318845636
0.0 0.29625132942253796 0.5599100536078259 0.057445270702965345 0.08344489552749634
0.0 0.3497539585003778 0.520632251807237 0.028008407796729973 0.06170262563786666
0.0 0.3712106585625735 0.6133435672165778 0.04884612432184343 0.08723809368890767
0.0 0.38980729131060776 0.5396279533414002 0.018492767144724198 0.0568847365117886
0.0 0.41386447618058886 0.5460645627272559 0.03776731898554403 0.09098150437407004
0.0 0.4512468123004886 0.5807174728751057 0.02596493566108904 0.05868720491065449
0.0 0.4781265016149535 0.557773604721481 0.019261275180486703 0.03343552547423412
0.0 0.4939502150408043 0.4924365544438448 0.035837103170632545 0.056572006457485946
0.0 0.47700632415029565 0.4653052360203722 0.02645851977276975 0.07092516783715436
0.0 0.5478634491032428 0.44506351213730155 0.017423591280009254 0.04066936176175501
0.0 0.5023650264408215 0.4439846013511161 0.023040508584751873 0.03648579743482083
0.0 0.48896644885117274 0.3823606237498589 0.04779451576827343 0.08424258795219525
0.0 0.5255681741146541 0.4002947592352022 0.025779062416425247 0.04942981147799236
0.0 0.6510329262623256 0.5637259401450426 0.05958791308320688 0.1284342716528371
0.0 0.6932921679433284 0.5531634066736513 0.04372513880813622 0.09143161551109169
