0.0 0.27423156242345453 0.9684958193703954 0.07021999055839165 0.06300836125920906
0.0 0.2243490764696869 0.9385755061745473 0.02582189669911006 0.027044743818442907
0.0 0.24543231395500076 0.9340307425800294 0.025443707801886734 0.024730447862656546
0.0 0.1782669250626947 0.7576132688604195 0.07858239344479995 0.07744985232507662
0.0 0.14814488840285886 0.7163067554647331 0.05952021017336184 0.06052262954741494
0.0 0.2692014242267112 0.7369733848212644 0.04477822982307664 0.04572281731016514
0.0 0.31548508046425044 0.7298714711944545 0.05285259601220804 0.05382609944277883
0.0 0.3430672525506024 0.6894690856746408 0.0832067369052446 0.08548627711643253
0.0 0.43001647946050464 0.736409061069091 0.055983991488408935 0.05737677609947289
0.0 0.4241498980286974 0.7784799771081612 0.045892752612113785 0.04660119322743017
0.0 0.47765463013121806 0.8109776484712865 0.05481814433676335 0.056080807202157135
0.0 0.5083083574756717 0.6380336116792801 0.08893639374237294 0.09194847118844574
0.0 0.5200347866933159 0.6034499789039066 0.06840999447211271 0.07156183231168334
0.0 0.5665803381770471 0.5555517022919524 0.08307155055824678 0.08702821549140816
0.0 0.5185745973139102 0.42934715051697087 0.04348063404467173 0.04467582637527345
0.0 0.7088984915758605 0.5033059555372963 0.04677594785329242 0.047710896692553406
0.0 0.7226172822620909 0.44589551202093214 0.024765810011141753 0.02529111631773684
0.0 0.7124752164268823 0.411314611359635 0.04952855021816549 0.04976469708993764
0.0 0.8315622024800104 0.274996561813518 0.16704041515474644 0.16788379683964683
0.0 0.8913912664001373 0.22576770711804164 0.03904206546159217 0.039736048105167454
0.0 0.8017364517781753 0.1463933269300948 0.08027347845000088 0.08137962892669676
0.0 0.9662106023844468 0.2991003450959129 0.04636768692430171 0.04940868031385692
