0.0 0.07321822204735615 0.5865226800823338 0.06439850867214975 0.06832774865410185
0.0 0.04791863335913554 0.61342485294323 0.06365208870612382 0.0666631557713312
0.0 0.03651035741413888 0.6523994532973394 0.07302071482827777 0.0873647593368071
0.0 0.007969005619608921 0.6468113056492135 0.015938011239217842 0.0248176080582172
0.0 0.2868965195577523 0.6676710100172768 0.035952446030749874 0.038909502924384
0.0 0.2918259087141749 0.636670278882688 0.04422409926881854 0.04872044605228942
0.0 0.28786910597331994 0.5824144472726819 0.08317254258897666 0.08837102160289967
0.0 0.2625702103830123 0.506466308531869 0.0985529036241013 0.10288721989285271
0.0 0.328393659593894 0.5090063867858593 0.061324412856181176 0.06694147069979661
0.0 0.2944818391219431 0.42085940817973116 0.09408426578322826 0.10048447111465542
0.0 0.35075843552893604 0.4711192162501837 0.05068603450488984 0.057086239836317165
0.0 0.36695640294171844 0.4524511008755497 0.0876048301623581 0.09647600084326047
0.0 0.3784194059994323 0.40317760498117583 0.057788908840346154 0.0632439361692419
0.0 0.41327435107281124 0.40709321499251927 0.036490603259282106 0.03885354826561077
0.0 0.46261258597604016 0.45200700914818914 0.06433342656668306 0.06779007754736938
0.0 0.4637693608669097 0.48373260106483595 0.06591154798478849 0.07332444403321364
0.0 0.5332748437473449 0.46097372219424515 0.03959208141533155 0.04346731122571057
0.0 0.49647135201057135 0.48715950695839527 0.041433665721115176 0.04367508784140406
0.0 0.5197218773183656 0.5452695447832021 0.09135308087939209 0.09742922518137986
0.0 0.5398394215184432 0.5101742914091352 0.051794215265740795 0.055736957790586406
0.0 0.5521077833350254 0.30605744295516646 0.12867538559075398 0.14015254705006436
0.0 0.5927214850118365 0.291242979213946 0.09264484103344406 0.10059783879760154
