0.0 0.5795460709955278 0.9789914131202831 0.023771233793690727 0.025343342262908353
0.0 0.6076597620152537 0.965528799210837 0.04676021015282583 0.05157479233980444
0.0 0.6423048821152495 0.9518231900979918 0.026512989926495756 0.011381445910276566
0.0 0.624319181126813 0.8749264497570306 0.06842790009347732 0.04229159679273531
0.0 0.6150494557877529 0.7740984333744789 0.019823935332214937 0.017858799745692933
0.0 0.5985928285529971 0.754782692603712 0.03984921769085914 0.019215294032378427
0.0 0.5764553720734835 0.7365980548503325 0.020685925567886065 0.01911381709866844
0.0 0.6322662593984314 0.6600216322523997 0.13014212470413566 0.07944162657186882
0.0 0.6023653705332199 0.5979776562103875 0.04118776464500307 0.022322463014392335
0.0 0.6328028781208729 0.6140139919305858 0.05329750936859656 0.019104150163114175
0.0 0.6689893370518156 0.49340633837390624 0.056155009591214444 0.019210460564601517
0.0 0.6367073297470377 0.46624829091242764 0.09442648192458347 0.02888921011407586
0.0 0.6102646972451389 0.4367269038809052 0.07842823082853057 0.037160383511569084
0.0 0.6358714052502787 0.3833482816450286 0.07577207763234173 0.02055176765107458
0.0 0.5987553134243945 0.3690933384190238 0.05443286920809176 0.027707025231392957
0.0 0.5840654681292892 0.3368353170453079 0.0964580032002278 0.039665584749742966
0.0 0.5204211408648893 0.32372062220218145 0.047618520212058146 0.03081661094729521
0.0 0.6257082786073989 0.2969629751556895 0.05606756656637857 0.038774373404985185
0.0 0.6622083687805691 0.28916675163567807 0.01519689303761751 0.014017811685704318
0.0 0.6857708951949528 0.2852242866419794 0.01848538837807101 0.014751630763679191
0.0 0.7117659717850415 0.21481577543893315 0.03430507324801335 0.023595084301468616
0.0 0.6225636081193112 0.2069441245431181 0.025766743780637702 0.024194635311420076
0.0 0.6615289294512876 0.0566476813541385 0.03807012530693976 0.02618105500848178
0.0 0.6412760140248779 0.02062261977179486 0.033141062472698324 0.04124523954358972
0.0 0.6925677179858993 0.010677229250098758 0.07041017959204543 0.021354458500197515
0.0 0.7338978626328942 0.029581800234060707 0.11933894569327042 0.030121790065173237
0.0 0.45620690488726634 0.9050944882197223 0.017873986945905418 0.020232149649731634
