0.0 0.18632991699814772 0.24903503993515133 0.09383041300548267 0.09735487191345421
0.0 0.13338867387976455 0.26345038750369154 0.05583205241358735 0.055903253603647396
0.0 0.1452662403500594 0.33265214806545895 0.12025909867344259 0.12693421024157064
0.0 0.19825985366558233 0.42156430813346973 0.05872716561233199 0.05511370521678527
0.0 0.16396013328970419 0.4721966785043974 0.08211021013078229 0.08675608778219934
0.0 0.22581174835143092 0.4105111854026048 0.03302457292230007 0.033932388095565535
0.0 0.26088526632150905 0.41743815032322396 0.07503192456909377 0.08190283940988685
0.0 0.3085731853864695 0.43920339916046974 0.11041257450649372 0.12119955480058853
0.0 0.38239481028365174 0.3951478408196269 0.053569142118302215 0.05971024476097997
0.0 0.3634619244786786 0.3850330734875962 0.026602866976005557 0.028703302082776494
0.0 0.39706636633168224 0.34803855198301314 0.038315185398278995 0.039169599678999356
0.0 0.3522643017524989 0.47837692295349077 0.11258730911577502 0.12351669178998992
0.0 0.37888868824620686 0.5033124150228512 0.06294976023741039 0.061418934651119694
0.0 0.4251950197498262 0.5746378842591513 0.03757903790396194 0.04201131198519903
0.0 0.4696846358749337 0.6088607915034217 0.03806215956596448 0.03872077057401968
0.0 0.44164282010663686 0.6281415064645914 0.03989641601158145 0.0429224665891329
0.0 0.5393632340259605 0.583872275217918 0.04432472975441315 0.04888160591825508
0.0 0.6086809557519854 0.6198674302081795 0.07080144549158829 0.07546512344052037
0.0 0.6756795272081393 0.6963421764601276 0.1196813635823174 0.12863491323236642
0.0 0.6104188990549958 0.8295601328427138 0.03693106609564878 0.03872889614466457
0.0 0.6330797928217315 0.8240835636035077 0.027860111685151456 0.03081496107264292
0.0 0.6869335348064396 0.8736638899222229 0.18134733233468514 0.2027076893526948
0.0 0.759748119856942 0.9375645450178087 0.12101029171795918 0.12487090996438255
0.0 0.7991718304002369 0.9503357219118151 0.09573273610432542 0.09932855617636971
