0.0 0.6243343133061205 0.9066598971345382 0.022684646254131025 0.03302492669234813
0.0 0.7441237146663794 0.9713933330431055 0.04369699835764185 0.03016911267155331
0.0 0.6607803144930936 0.8584416278014404 0.05417056150174271 0.02314972018709105
0.0 0.632652282946637 0.8419833064617188 0.024331268958411312 0.022698593099745423
0.0 0.5348065566012381 0.855239605377379 0.062194408415943925 0.02938539830370568
0.0 0.602913492013194 0.8136044189172531 0.028882719792969413 0.0264725792397007
0.0 0.5833773159723395 0.8059818569659969 0.013013589112935042 0.01674541964702847
0.0 0.6327929264482095 0.7953758178232688 0.023901240981658245 0.021180114550548468
0.0 0.6076263916985603 0.7884954128105435 0.02291132092024828 0.0161473780772039
0.0 0.6675961428632564 0.7501455234405743 0.04147395679385957 0.026546634657485746
0.0 0.6452402885725965 0.7274241858542315 0.024493599093291074 0.025193317318433772
0.0 0.5683133732168435 0.5847431068043139 0.05370836125937106 0.031317378054810385
0.0 0.6406032662502386 0.5688907220836664 0.09162049351872492 0.04893768178503133
0.0 0.593600333641545 0.5472720969844007 0.022782338096416277 0.04470684248421508
0.0 0.6042227846399322 0.6386501957694194 0.01486327136649368 0.014630031958112966
0.0 0.5856000828094736 0.6579000292140221 0.021751101097893133 0.01358772180456369
0.0 0.6116019023850701 0.5107762004038727 0.01577202636046382 0.01841540632211347
0.0 0.6214891675947807 0.4265815228833552 0.033328215397819716 0.013347372746527753
0.0 0.7098539137444135 0.3779912778161737 0.06483921456905672 0.029309078025708757
0.0 0.6547900958587953 0.3325958861463193 0.08195740600359425 0.027690370320318847
0.0 0.6095316246773457 0.3172522317327727 0.05827633886877459 0.04552591787728866
0.0 0.5634682783674239 0.3845101546577089 0.06838480609007425 0.037985936531104825
0.0 0.51770303959685 0.37934588739279396 0.05882767380465148 0.033637817699520844
0.0 0.5232352658213237 0.35142775259157505 0.046106278934500367 0.021382901646131214
0.0 0.5053563449977394 0.2794367441162446 0.0520862349560014 0.047110460910543606
0.0 0.4514791527842097 0.3087469545720593 0.032484979980516304 0.03093005059131071
0.0 0.6411336870256195 0.25106055980107433 0.06918819337705107 0.045242280783284905
0.0 0.5624016377283516 0.2500456517005164 0.042666936404547884 0.039790317034517575
0.0 0.5962842915910092 0.21376902637509326 0.05315673256213682 0.03302039697192427
0.0 0.6987028616429158 0.24255452465635327 0.036849604279283965 0.026742563249447515
0.0 0.7062929895286887 0.2590965909927459 0.023633249378427812 0.011971278959385656
0.0 0.4957309024027555 0.1571787412795041 0.0613511729986404 0.046968076148488636
0.0 0.5069482275190217 0.19866292190581003 0.059541926398123 0.044614604261749236
0.0 0.45922336645214856 0.18135026003226629 0.02390124098165819 0.021180114550548468
0.0 0.6582402368171252 0.12380625002333631 0.023138583109080124 0.019639991983367466
0.0 0.6652087909739286 0.10769476722491891 0.011650603502658674 0.01615989873135487
0.0 0.6431982554215848 0.10311429026902597 0.03456163066154949 0.022122195547904733
0.0 0.5815442556671707 0.11301350153695652 0.08514675251194803 0.061434079326562696
0.0 0.5693330256764617 0.06908870673692225 0.1000737808869645 0.03632167592953495
0.0 0.5379352169576048 0.043448321720991334 0.07036405869017959 0.027681246956485883
