0.0 0.6244758901284916 0.9196869981162519 0.10543934243995334 0.05715790368292728
0.0 0.610614851749545 0.9499898402281293 0.016285108897956757 0.017244831686705098
0.0 0.5621397889864681 0.9271090753539629 0.014905493388352453 0.016603464476137697
0.0 0.545155007541742 0.7874505016849078 0.0138098301607541 0.012554808052390953
0.0 0.44468676030744847 0.6615877041724225 0.016291799881360758 0.014298529473960708
0.0 0.40555377201266374 0.6683923842945652 0.03323267542129238 0.022528075085254562
0.0 0.39327005138583243 0.6318482832839634 0.026178946667556935 0.014883747692289062
0.0 0.4285852389404361 0.6339326230901395 0.017454959138807014 0.012951644514680671
0.0 0.5195378857847863 0.6331466408269659 0.10372166058530374 0.05942676264307789
0.0 0.5304370585060296 0.5930909541646143 0.07725846853783774 0.035916563791760336
0.0 0.5532142680644465 0.4439299296819031 0.09180494333722256 0.028167939960224708
0.0 0.5610228344048402 0.4045436847262378 0.07383707299115372 0.0586291580309895
0.0 0.5086789092323416 0.4048805786796695 0.01782677349877615 0.0073436476524493255
0.0 0.5322644591104622 0.38997061870684835 0.030696591637646153 0.020287290621223086
0.0 0.632557007323016 0.36807145945790987 0.07369421755644068 0.02423158152095506
0.0 0.643801230470612 0.32176640872275963 0.08080206037321591 0.03237297195638228
0.0 0.6386686975037308 0.30423293415712155 0.023696976946950055 0.01314002627071953
0.0 0.5541077614345923 0.267867454769231 0.044513405879707646 0.04192953683307782
0.0 0.6315150687799758 0.10352979714328758 0.08868117513725582 0.053614380932993644
0.0 0.5619137401622294 0.05294987359890499 0.04230200647429838 0.042671130623816944
0.0 0.5961233745630801 0.04824970986131777 0.026456501064061944 0.026456501064061944
0.0 0.624158340636684 0.05406805818810992 0.016846615576467605 0.025410295845297914
0.0 0.6215925870745743 0.02373721066555795 0.038629527366822236 0.02999202226808828
0.0 0.6989111279140972 0.03730997672698175 0.0854686655656155 0.04516030843819002
0.0 0.5932567947115028 0.012982307569697593 0.023724033978469783 0.013388557791950473
0.0 0.6570050618522537 0.2004830263620867 0.02768715635135588 0.019714074721755126
0.0 0.6342391825753211 0.4419374003973237 0.019078087932089205 0.015829795416325898
0.0 0.6391579683175656 0.7740455262884753 0.010780028826347987 0.008786758418947826
