0.0 0.992375 0.636 0.015249999999999986 0.030000000000000027
0.0 0.9702500000000001 0.654 0.02749999999999997 0.04600000000000004
0.0 0.968 0.6175 0.027000000000000024 0.030333333333333323
0.0 0.956 0.5916666666666667 0.017000000000000015 0.016000000000000014
0.0 0.946625 0.6736666666666666 0.01474999999999993 0.01733333333333331
0.0 0.91625 0.5761666666666667 0.007000000000000006 0.01633333333333331
0.0 0.975875 0.5295000000000001 0.015249999999999986 0.031000000000000028
0.0 0.9686250000000001 0.5073333333333333 0.006249999999999978 0.006000000000000005
0.0 0.954 0.5276666666666666 0.0050000000000000044 0.010000000000000009
0.0 0.941875 0.5678333333333333 0.01824999999999999 0.032333333333333325
0.0 0.8912500000000001 0.5945 0.007000000000000006 0.013666666666666716
0.0 0.860875 0.5741666666666667 0.006750000000000034 0.011666666666666714
0.0 0.869375 0.6073333333333333 0.004249999999999976 0.01200000000000001
0.0 0.874125 0.6291666666666667 0.005249999999999977 0.009666666666666712
0.0 0.8796250000000001 0.666 0.01674999999999993 0.03266666666666662
0.0 0.688 0.6125 0.023499999999999965 0.02833333333333332
0.0 0.69825 0.5791666666666668 0.007000000000000006 0.02300000000000002
0.0 0.6699999999999999 0.5546666666666666 0.010499999999999954 0.010000000000000009
0.0 0.671125 0.5756666666666668 0.006249999999999978 0.01666666666666672
0.0 0.6795 0.5968333333333333 0.01750000000000007 0.027000000000000024
0.0 0.612 0.5495000000000001 0.013000000000000123 0.02100000000000002
0.0 0.5974999999999999 0.5781666666666667 0.007499999999999951 0.0043333333333333
0.0 0.562125 0.6401666666666667 0.007750000000000035 0.015666666666666718
0.0 0.573 0.625 0.00649999999999995 0.004666666666666708
0.0 0.50525 0.5505 0.023499999999999965 0.04566666666666663
0.0 0.50475 0.5898333333333334 0.016000000000000014 0.017000000000000015
0.0 0.471125 0.5636666666666666 0.02124999999999999 0.06466666666666665
0.0 0.4512500000000001 0.5413333333333333 0.04149999999999998 0.08400000000000002
0.0 0.42087500000000005 0.562 0.01824999999999999 0.03266666666666662
0.0 0.38187499999999996 0.5246666666666666 0.00924999999999998 0.02533333333333332
0.0 0.347 0.5050000000000001 0.008499999999999952 0.00666666666666671
0.0 0.337375 0.49916666666666665 0.005249999999999977 0.006333333333333302
0.0 0.35150000000000003 0.4915 0.0024999999999999467 0.0050000000000000044
0.0 0.34462499999999996 0.456 0.011249999999999982 0.02200000000000002
0.0 0.32012500000000005 0.5651666666666668 0.026249999999999996 0.05500000000000005
0.0 0.294625 0.4843333333333334 0.028750000000000053 0.04666666666666669
0.0 0.2985 0.5176666666666667 0.020000000000000018 0.033333333333333326
0.0 0.272625 0.5218333333333334 0.027249999999999996 0.06033333333333335
0.0 0.24562500000000004 0.5381666666666667 0.006249999999999978 0.01766666666666672
0.0 0.22974999999999995 0.5515 0.029000000000000026 0.03633333333333333
0.0 0.236 0.6101666666666667 0.006000000000000005 0.017000000000000015
0.0 0.14387499999999998 0.5713333333333334 0.029749999999999943 0.02400000000000002
0.0 0.14012500000000006 0.6304999999999998 0.023249999999999993 0.057666666666666644
0.0 0.05124999999999996 0.654 0.04500000000000004 0.09066666666666667
0.0 0.041250000000000064 0.6036666666666668 0.015499999999999958 0.01666666666666672
0.0 0.044124999999999914 0.5643333333333334 0.015750000000000042 0.038000000000000034
0.0 0.028375000000000095 0.5661666666666667 0.02024999999999999 0.02966666666666662
0.0 0.047625000000000084 0.49116666666666664 0.010249999999999981 0.007666666666666655
