0.0 0.8597088152090078 0.4306799186655348 0.05672200959660234 0.11445267951017196
0.0 0.5015859906902459 0.4778939901422028 0.028243258881965494 0.03843593866410072
0.0 0.44752734182379206 0.4622729987519778 0.09235974236773281 0.0825847953635539
0.0 0.48062670961979365 0.3955977667516314 0.01828154784038638 0.01953474617425549
0.0 0.43950250532952395 0.3185721321205652 0.02338014927751164 0.04777574351016323
0.0 0.4302925277287254 0.27681132245317697 0.024042759830975313 0.03615701039170993
0.0 0.39654616241387347 0.2669255683698997 0.042758055963489805 0.07375382808785202
0.0 0.27703289043843127 0.41772391100061257 0.022728194826511505 0.02498395182747587
0.0 0.3379737066389572 0.35454290466079375 0.01310376787294798 0.025301564989273884
0.0 0.324680325143452 0.338606840428026 0.018405953820761767 0.016818569264527572
0.0 0.27073412463480606 0.3789446632642702 0.023659567040141383 0.03218131571045124
0.0 0.11167929378096828 0.3721849034574757 0.07035202442007099 0.08079534386898007
0.0 0.1018633009246919 0.46457621165304114 0.019159700527106194 0.021248364416888044
0.0 0.06828291362823191 0.43545058712591467 0.013517566465660935 0.019115185690276204
0.0 0.26596713860808674 0.34394818180096165 0.017167222068239174 0.026775075961235573
0.0 0.2593131217898904 0.3109096388093977 0.00863184313617582 0.01280917091573941
0.0 0.29170071652935 0.4392806263428233 0.00946941517130917 0.012560637728186164
