0.0 0.45934242901364175 0.007966550177159457 0.041789492132934314 0.015933100354318913
0.0 0.40672090301351516 0.03081474939910024 0.06223294259756312 0.06162949879820048
0.0 0.46816300380916165 0.04264926038944426 0.057083512975945994 0.07179692544636265
0.0 0.4202454737090864 0.09407348122983156 0.02054415129283005 0.0247798306403742
0.0 0.3653456290478063 0.08110784361357974 0.0697487821232457 0.03682937947478779
0.0 0.5148649224457221 0.073974465308835 0.051517473540841685 0.05434125977253784
0.0 0.44152261197131226 0.13246244580345967 0.06387842236519004 0.04753018628694919
0.0 0.42633257526204515 0.17504215426800737 0.07672385416794208 0.06305078399341335
0.0 0.5100361153969033 0.20442141427806695 0.0306191509815551 0.029504498521674916
0.0 0.39526186832599913 0.30540670905384687 0.0995041036528902 0.04808147017042319
0.0 0.40584164215010043 0.4306692896256214 0.060921893507228986 0.05274777546810838
0.0 0.2576259986884243 0.4729465877061456 0.0713915445819295 0.03631714717770329
0.0 0.2857052729852221 0.5048877884538066 0.07300913183356272 0.039941108857120766
0.0 0.3156946332700827 0.6346525284975455 0.02916742041409648 0.020473131227031982
0.0 0.3347213822169929 0.652579793867996 0.02508815704808315 0.020852477700538885
0.0 0.30036911838120217 0.6869210854531985 0.03554250321031516 0.02149788221582627
0.0 0.3583843060885129 0.7338413807793638 0.021448460864259167 0.02182001168421932
0.0 0.29832611488488336 0.7493051299232932 0.036903902714749914 0.023528073196189103
0.0 0.3054371784047677 0.5561083882038296 0.0221945662077479 0.015729581940443604
0.0 0.4219260879285041 0.39808062601210537 0.013254888630600203 0.013775059778544207
