0.0 0.5711829694850818 0.4845359305134968 0.07767615800429817 0.02970092545573666
0.0 0.397801066735837 0.20134093326435717 0.04678476469405546 0.03664365862687985
0.0 0.4460001667230712 0.20154725332678208 0.043499888143858356 0.030784501305784362
0.0 0.4323094051615869 0.3741862451307174 0.032443650711172556 0.02128843403727948
0.0 0.4533359987055533 0.38917550477930074 0.025240752016445767 0.010029092915682492
0.0 0.42711674103920566 0.5297158160206208 0.052421789694861665 0.019424190722436507
0.0 0.40050079154963114 0.5455859112000777 0.01981816558564553 0.013187442387876835
0.0 0.39314304060389577 0.5653649269359425 0.05173078087018412 0.02481784553806432
0.0 0.3430785445661399 0.5673724926671935 0.03945252324564852 0.03500603827773319
0.0 0.4316236137217909 0.4912158749610719 0.04179447752111104 0.02970315874870938
0.0 0.464384089854477 0.7617747548836027 0.02549606352488515 0.020659536015924518
0.0 0.3807424528775992 0.7915853266319144 0.030162957724437056 0.015731383705764213
0.0 0.3285505373722334 0.8813917101859657 0.04228466406877307 0.038618264182948
0.0 0.4969351402966148 0.9532327776783721 0.04376539382744471 0.023639198709511478
0.0 0.41521808870813937 0.5994226065410921 0.04203617273655985 0.04008596003133369
0.0 0.3837701504739345 0.6207745832789944 0.0455388859151451 0.02595875035467532
