0.0 0.9061357099648082 0.33664392052178677 0.04794440302109659 0.10165680397004728
0.0 0.9376067960102281 0.34759660823402333 0.01595882205406607 0.014891144359362118
0.0 0.9193816111703171 0.3980069618199902 0.0154397423060606 0.013550774076968919
0.0 0.7819365651937159 0.42803793477275964 0.011430588471323722 0.012826782379782742
0.0 0.6660697814287229 0.5398869442451566 0.012963913690455575 0.015181398133301993
0.0 0.6765210178770242 0.5782075144541989 0.019697601999594805 0.0316063147482154
0.0 0.6412926548687937 0.5938703223401255 0.012607449311663688 0.025173194487794648
0.0 0.6400498123479997 0.5585155166284128 0.011483199326069338 0.016493071585833796
0.0 0.6307220462746526 0.4680390306434231 0.05041544883172455 0.09969288089498235
0.0 0.5898195316676749 0.4609514147659951 0.029068465888301587 0.07506073581400874
0.0 0.4391783151432106 0.4522890603499312 0.0197942356883547 0.09058947975256831
0.0 0.3992326523476367 0.4482154840560211 0.0524799562193185 0.06939854122770367
0.0 0.4044859171084191 0.5002962214677851 0.005748139667874186 0.01741046525617851
0.0 0.3874259794830027 0.4782158320314245 0.01766432825236519 0.029244524787230775
0.0 0.3562009170778628 0.38042440152459067 0.01753617010721198 0.07256263591118312
0.0 0.3090442630646846 0.37358040707257817 0.025126271323240967 0.07900293037906925
0.0 0.2920705613368665 0.3803375569639943 0.011074124092532056 0.022818578734275174
0.0 0.2638106803056857 0.4679410907060959 0.038329616078569106 0.04120413294892589
0.0 0.09292730878745636 0.40631617461684466 0.04595544292391007 0.08496674330732251
0.0 0.04911036132026714 0.4803617600745118 0.03929603349992683 0.038885388232733076
0.0 0.04121689537480333 0.4467450407169094 0.02434189130703357 0.02434189130703357
0.0 0.04437554210486447 0.4182874327563889 0.024203189962704263 0.01467621976380773
0.0 0.014419918463920461 0.4236915066881453 0.026763840662641536 0.03637293991497681
0.0 0.020668350046489148 0.3454397729126624 0.03767281257545685 0.08251527575302131
0.0 0.006374816572462638 0.4529124136727086 0.011324098356580992 0.022822165838007835
0.0 0.18705682220879982 0.3718299004510422 0.01737130874352444 0.026241246514910777
0.0 0.42958207778853263 0.371809751375033 0.01425204745051517 0.017865725801820775
0.0 0.7597590385467324 0.3357102178518786 0.007892686334823429 0.010110170777670069
