0.0 0.9933722276203898 0.43853741361945 0.013255544759220528 0.0910311633013014
0.0 0.9742557011767413 0.34248987812249354 0.051488597646517364 0.12345795622329692
0.0 0.884104630667146 0.3127758723266808 0.05832299211769487 0.038673661771734036
0.0 0.8729498986956987 0.24754818012940288 0.05930846928022837 0.08457189401074938
0.0 0.8708749156556226 0.34204724956073124 0.026056644294667475 0.03099317556384984
0.0 0.8383021652818041 0.36291615177689984 0.048175743378726654 0.08553850945528274
0.0 0.7847641096568296 0.3816509914486006 0.06934226865955273 0.12799987550513042
0.0 0.7601354195074959 0.47135368540769396 0.03156203328819862 0.0649562154032553
0.0 0.7824949289602576 0.4650661413709638 0.017850566884939578 0.029272345115596676
0.0 0.7839750360627196 0.5191254027449423 0.030686885121835483 0.03533303219871298
0.0 0.721304244060901 0.38380020517445246 0.0708687105283794 0.13030067522010336
0.0 0.6818360593362809 0.3842791674148913 0.0571455490987659 0.048821202252693985
0.0 0.5922462261398661 0.3632855856070033 0.021856024425826348 0.04595791238712815
0.0 0.531871937985239 0.3698981475452753 0.030920252892326805 0.03450165793075294
0.0 0.5393200533594975 0.33383616306762504 0.027054831235351795 0.04350993546595927
0.0 0.49619285453536954 0.44161060924233575 0.027317905893584238 0.0520973569702638
0.0 0.41510666060723095 0.4654406903874059 0.04963216730559761 0.07499238676688685
0.0 0.30550386731511325 0.455929483693724 0.08144347461399709 0.13013122419044182
0.0 0.25664838680365787 0.3030285767773961 0.02734441630976675 0.03712068411736302
0.0 0.2430592974235438 0.32428182103301184 0.016962708940425897 0.03303063424796032
0.0 0.16386836856431247 0.32591991359931305 0.10553773924647834 0.2216914161684141
0.0 0.057917629777621826 0.3293037219914987 0.08673880978166063 0.1255534968197407
0.0 0.016947148635282162 0.3425359740442106 0.02049203662403069 0.1506035901778624
