0.0 0.020833333333333336 0.39542483660130723 0.03553921568627451 0.05882352941176472
0.0 0.09298406862745098 0.38357843137254904 0.03033088235294118 0.04166666666666663
0.0 0.10232843137254902 0.32986111111111116 0.03431372549019608 0.061683006535947715
0.0 0.14154411764705882 0.3801062091503268 0.01838235294117646 0.012663398692810413
0.0 0.1753982843137255 0.32883986928104586 0.049938725490196095 0.0980392156862745
0.0 0.2389705882352941 0.33455882352941185 0.03063725490196076 0.042483660130718914
0.0 0.26455269607843135 0.36233660130718964 0.02113970588235292 0.03431372549019607
0.0 0.33777573529411764 0.3923611111111111 0.029105392156862753 0.029003267973856217
0.0 0.3609068627450981 0.3288398692810458 0.04411764705882354 0.13235294117647056
0.0 0.3664215686274509 0.40482026143790856 0.019607843137254888 0.03594771241830064
0.0 0.38602941176470584 0.42401960784313736 0.018995098039215674 0.03513071895424835
0.0 0.5199142156862745 0.4042075163398693 0.04289215686274511 0.061683006535947715
0.0 0.5407475490196079 0.43627450980392163 0.018382352941176516 0.037581699346405206
0.0 0.559436274509804 0.42483660130718953 0.01715686274509809 0.025326797385620936
0.0 0.6095281862745099 0.3954248366013073 0.04503676470588236 0.09967320261437906
0.0 0.6449142156862745 0.4499591503267974 0.03247549019607843 0.044526143790849626
0.0 0.6784620098039216 0.3803104575163399 0.04381127450980393 0.10049019607843135
0.0 0.7098651960784315 0.42871732026143794 0.02941176470588236 0.07557189542483655
0.0 0.7184436274509804 0.4863153594771242 0.022058823529411797 0.04207516339869277
0.0 0.7441789215686274 0.4534313725490196 0.015931372549019662 0.019607843137254943
0.0 0.8098958333333334 0.3694852941176471 0.030330882352941124 0.06985294117647056
0.0 0.8386948529411765 0.37111928104575165 0.025428921568627416 0.060049019607843146
0.0 0.8345588235294118 0.46977124183006536 0.04227941176470584 0.08496732026143783
0.0 0.8615196078431373 0.5774101307189543 0.02941176470588236 0.0518790849673203
0.0 0.9443933823529411 0.4910130718954248 0.034007352941176516 0.07924836601307195
0.0 0.9751838235294118 0.4158496732026144 0.0490196078431373 0.1086601307189542
0.0 0.9923406862745098 0.33415032679738566 0.014705882352941124 0.059640522875817004
