0.0 0.8666913309597524 0.13284496397193932 0.017816878816789505 0.018902254152660503
0.0 0.670119930013412 0.33997697741503924 0.03901281345609553 0.04917587341925045
0.0 0.6841984260611416 0.3823091669759493 0.026164699869061336 0.028861693127892163
0.0 0.6326223220270843 0.35586284334844986 0.03712169455284875 0.042384120423738125
0.0 0.5973002423526905 0.4055967881274065 0.03444121176896886 0.0363817313088593
0.0 0.5877224524401086 0.37088710564799543 0.03762416742248298 0.04104474423856097
0.0 0.6224930554383774 0.4083732043699887 0.010831376466378884 0.013857271342140265
0.0 0.6124702249598555 0.4286438230539705 0.015162723364660957 0.016116538053759566
0.0 0.3065667219086299 0.46716497480537844 0.043757496783555894 0.04704651295286183
0.0 0.3170349350070204 0.51942637419422 0.019636688567671756 0.02325460635390808
0.0 0.3734015313899219 0.5258825107188916 0.08240195563108588 0.09983374132840683
0.0 0.4497363895896984 0.5904894261892768 0.0424393327015371 0.04595858000269437
0.0 0.21419764215471782 0.6306139573964017 0.04745225255113511 0.04837317707854072
0.0 0.18704240101342007 0.6145181904573029 0.020399725116553802 0.019248569457296805
0.0 0.2010684279620801 0.5566518756965007 0.03330132056786106 0.041392300344353594
0.0 0.16382995728941152 0.6686054180383743 0.07715645383553268 0.09409488710745773
0.0 0.179465217806463 0.7451084388322048 0.0553587554409356 0.06871216108831724
