0.0 0.6128146756740518 0.9971946101210674 0.09445684590474657 0.005610779757865281
0.0 0.5383913043830875 0.9707355317479436 0.03670798350755977 0.02794621040168266
0.0 0.5622703033012659 0.9679133522534691 0.0068923591164781195 0.006530302376565822
0.0 0.5693074015341714 0.9368038440811043 0.080311507069591 0.04664023025774866
0.0 0.5610399647719706 0.9199651873052497 0.04965028052485565 0.022278790987487196
0.0 0.5298694935057566 0.9064459042966033 0.02701763378604405 0.020935080555517627
0.0 0.5926139043298482 0.8663071961555413 0.09646518370797497 0.06163532532841354
0.0 0.5147758128999285 0.8718506724362609 0.07797516399387194 0.05082090850045107
0.0 0.4714109978617022 0.7821401137166304 0.061437532731153044 0.0375417878969424
0.0 0.5398755326148879 0.7411391894909172 0.027580308242482254 0.028159599026341686
0.0 0.49092340886382024 0.7429889864885137 0.06364792438862032 0.04250381077774301
0.0 0.5129682501173118 0.7224752178375302 0.026691218982550002 0.017060509700883353
0.0 0.5477627380623361 0.7230896616216286 0.02442328750424183 0.01768903214187345
0.0 0.44669669357527686 0.7167999142112795 0.03570381460594563 0.028028211719805074
0.0 0.472266880490976 0.6756604911767877 0.054047729817654266 0.03601730417002269
0.0 0.5173351063925717 0.6535407779036033 0.029851420658783656 0.011748583663169332
0.0 0.4502606693616415 0.6504066665804433 0.08943759186567213 0.054318088094180705
0.0 0.4619596965240289 0.513222374385561 0.01708015263501461 0.008535613573084744
0.0 0.4455090412645711 0.49127080000211343 0.03769040885603492 0.02378743004340328
0.0 0.5368332522667927 0.45896527403709736 0.09067802042023054 0.057586034392247964
0.0 0.5387200629772211 0.42381590764430166 0.10068868457566038 0.04275960618969543
0.0 0.5020641504490526 0.371627562912875 0.08663960126063441 0.05383726062458183
0.0 0.4263821264264245 0.38853615775965744 0.026464240637178893 0.023640198065863205
0.0 0.5079682109436043 0.2369194770931047 0.03222966037178454 0.02361270996187209
0.0 0.467621525033862 0.20338437645738525 0.0644500394359957 0.037295783942574434
