0.0 0.7797249139133191 0.4459339142250888 0.040761758192473074 0.0541652693503798
0.0 0.752927603344903 0.40480190168136987 0.027836971484850648 0.031393890303453686
0.0 0.7403501076286862 0.4673302906940291 0.03932019172393442 0.04626052112608675
0.0 0.673324954373506 0.4636567942850064 0.03683757584507308 0.039396822312116775
0.0 0.6966441536073329 0.49569007358839184 0.04008432456483735 0.044595538676236335
0.0 0.6881998299481693 0.4400644615610625 0.011292187028858147 0.015282876435095794
0.0 0.6638790948545457 0.4348016327235198 0.016205659715137988 0.017463594419278194
0.0 0.4210718607593096 0.6717678626259209 0.046702238347234415 0.0510399442235796
0.0 0.3832518508334981 0.6269393845309732 0.02069853299729224 0.02547000946127198
0.0 0.4163228043949399 0.5739863861216192 0.08658508060185433 0.10957492174648398
0.0 0.4130139260052204 0.4639897765230936 0.045255447328700016 0.04989679261638941
0.0 0.21704885553729572 0.6392770884252472 0.05096636128956139 0.05218091893493815
0.0 0.21229629254237625 0.6736870179023895 0.022097973640306523 0.020579776583585674
0.0 0.27172828361812096 0.7012685142780335 0.034865035571381764 0.04553579202719105
0.0 0.14982221997189804 0.6566044033831022 0.08099858298386152 0.10333776824703955
0.0 0.09467263776346574 0.5907140491020175 0.05796993433425948 0.07558102019222124
