0.0 0.8272325941762215 0.3799746432909085 0.030146181896776425 0.04880865694574987
0.0 0.7863920772050893 0.4024424849683317 0.013877769734587098 0.015730294831360236
0.0 0.7635850780860558 0.370288118372418 0.04598641937281689 0.07349984766192852
0.0 0.9458773811291352 0.4646448344151102 0.05031009282240806 0.07933298600518662
0.0 0.7145273971235033 0.47687629024444544 0.02289174111204828 0.04121115595791558
0.0 0.6748422817098669 0.3981756799605932 0.01688123747194792 0.02518329438711636
0.0 0.6523454875500154 0.4552691110847539 0.016474917476288375 0.021277760319774075
0.0 0.5773038380119976 0.41413407598824414 0.01805648807794924 0.02793662192740587
0.0 0.5362434344616898 0.36595166222142483 0.015571736255853064 0.020168742977475063
0.0 0.46409999436199956 0.4129722445412296 0.030599779438792607 0.058799328134116535
0.0 0.3939874844034656 0.3810994258344624 0.017780850527004843 0.029170449270128462
0.0 0.32910851974749616 0.37272953846282386 0.02641347906645497 0.03059881354434979
