0.0 0.05392156862745098 0.528390522875817 0.059436274509803926 0.07965686274509798
0.0 0.02022058823529412 0.5731209150326797 0.04044117647058824 0.040849673202614345
0.0 0.07306985294117647 0.6215277777777778 0.07077205882352941 0.10906862745098045
0.0 0.17141544117647062 0.6601307189542482 0.051776960784313736 0.03104575163398693
0.0 0.17539828431372548 0.7224264705882353 0.04810049019607843 0.07475490196078427
0.0 0.186734068627451 0.6339869281045751 0.021752450980392163 0.026960784313725505
0.0 0.2193627450980392 0.6176470588235294 0.03737745098039216 0.07679738562091509
0.0 0.27144607843137253 0.6053921568627451 0.05330882352941177 0.11519607843137258
0.0 0.3034620098039216 0.5236928104575164 0.02359068627450983 0.05882352941176472
0.0 0.2818627450980392 0.5273692810457518 0.014093137254901966 0.02614379084967322
0.0 0.2858455882352941 0.4765114379084967 0.02573529411764708 0.030637254901960786
0.0 0.33118872549019607 0.6096813725490197 0.05453431372549017 0.1172385620915033
0.0 0.36825980392156865 0.6131535947712419 0.04963235294117646 0.040849673202614345
0.0 0.4502144607843137 0.6417483660130718 0.016237745098039214 0.04166666666666663
0.0 0.5075061274509803 0.6415441176470589 0.026041666666666685 0.029820261437908502
0.0 0.49693627450980393 0.6746323529411764 0.021446078431372584 0.03880718954248363
0.0 0.5481004901960784 0.5778186274509802 0.02083333333333337 0.04697712418300648
0.0 0.6265318627450981 0.5635212418300654 0.03982843137254899 0.06658496732026142
0.0 0.7284007352941176 0.5833333333333334 0.0646446078431373 0.11601307189542487
0.0 0.7590379901960784 0.7316176470588234 0.02236519607843135 0.0326797385620915
0.0 0.7738970588235294 0.713031045751634 0.012867647058823484 0.029820261437908502
0.0 0.8483455882352942 0.7193627450980392 0.07843137254901966 0.2009803921568627
0.0 0.9480698529411766 0.7267156862745097 0.07015931372549022 0.11111111111111105
0.0 0.9926470588235294 0.718545751633987 0.01409313725490191 0.1413398692810458
