0.0 0.8753460616784665 0.8281211705145649 0.0661672081854664 0.06592096190631058
0.0 0.8381535718532761 0.8521776891276214 0.04650601712098368 0.048092937586655005
0.0 0.8101899642794612 0.7808222121058785 0.06722260390567847 0.07000427483688376
0.0 0.7346696347736631 0.8052162402869729 0.018517364332730102 0.018271118053574065
0.0 0.7955885623361905 0.681372381018842 0.03497305754472546 0.036268130568434254
0.0 0.7468664151531756 0.6914833547613946 0.05272268740433095 0.05192010693893401
0.0 0.7220174277922019 0.7175334450158642 0.026968462369836077 0.028272655626105925
0.0 0.48137978828769845 0.5026395646884949 0.025173440716994067 0.025045757461135465
0.0 0.45615838741318737 0.50245894606629 0.024917436391051262 0.026586438949774416
0.0 0.4654080889211753 0.4706828861917444 0.058614299191416586 0.06284608709987294
0.0 0.43535548523666967 0.47304020353777465 0.08661168367894329 0.09511174042610127
0.0 0.46608936008940455 0.4197886068991834 0.0354673242933623 0.03554028615385296
0.0 0.4930930814856461 0.383272930426102 0.08854453516771943 0.09446356610002149
0.0 0.4309375426393237 0.3910044065401815 0.02085959993925174 0.02095080226486512
0.0 0.39997662844299475 0.4069493590099827 0.052651998296039004 0.05409299504072884
0.0 0.37864830840907837 0.43525768824905187 0.030556870737547148 0.03134121073782148
0.0 0.34105605372882897 0.35477729734247115 0.06291422495126292 0.061582670997308964
0.0 0.31862097229518727 0.32230222771865613 0.025941175190118904 0.027664899144209887
0.0 0.3739643978967211 0.3072524289074187 0.019106880349503585 0.01931664569841407
0.0 0.3657031851342842 0.2748395208859678 0.043752483954039745 0.04594133976875858
0.0 0.3455865851586968 0.24520858328742473 0.08385133225540276 0.08666036388429185
0.0 0.28219237787572354 0.2841134164911812 0.10719263257508371 0.1098010190876236
0.0 0.20475797394871714 0.2743462839211915 0.036812294703338244 0.037231825401159324
0.0 0.2350578942450674 0.3492097358351538 0.02133257640398989 0.02304718012551965
0.0 0.2598611570116768 0.220467791401722 0.08521213112595105 0.08985432949966718
0.0 0.3141393348138338 0.16472921390112882 0.03567556473288497 0.036733511709999
0.0 0.28311118164071947 0.1534387775615937 0.060841908688579416 0.06272067659621303
