0.0 0.8774298451312624 0.33544499545845263 0.04123451252132915 0.040774584341839504
0.0 0.9096832877617571 0.42218650636638116 0.0428030290975967 0.04461486738043352
0.0 0.8230655283266712 0.401190205029895 0.038592516170902647 0.03859251617090281
0.0 0.8556074551947893 0.47771327238827166 0.06253983120298257 0.06712517578031618
0.0 0.8437303336236622 0.3928132692494666 0.025838585766350786 0.027957042835513812
0.0 0.7713623010455122 0.3639365197648762 0.07147223468446195 0.07368825227654735
0.0 0.8053926364336796 0.42229210266976985 0.07475220282249428 0.08107969959486339
0.0 0.7387561022619824 0.39121681356863935 0.10827953091958153 0.11640492875722769
0.0 0.7408403336594628 0.45855279360541007 0.05164992514161426 0.054771861875117844
0.0 0.7520361906162749 0.4987815432933713 0.04155056364927101 0.04235892226776766
0.0 0.6831844554476911 0.5010482101722502 0.12350150803377502 0.13538995461269782
0.0 0.6274642065522167 0.405670837944601 0.05152543224962158 0.053142149486614776
0.0 0.6225444186793104 0.4375539892489259 0.021582384355065543 0.022711298977448502
0.0 0.6078450452575446 0.45821095543053636 0.04731785408878897 0.04814014992484572
0.0 0.6332035701553542 0.4601056104714707 0.03614207805642622 0.03636507353739088
0.0 0.639482763248075 0.5248912387662951 0.0320677970851686 0.03605384130741007
0.0 0.5593229455761625 0.543649455789223 0.1450625155294749 0.15899973308975945
0.0 0.5041345967628234 0.5804513797114871 0.022974850023026683 0.023657773683480654
0.0 0.5680640540791552 0.6816008303548013 0.09863622077481704 0.10426685666917201
0.0 0.3362649749906929 0.736714662425993 0.06300552034648288 0.062420157208951
0.0 0.3047837884887941 0.7534147075395361 0.02876938685363173 0.03058122513646866
0.0 0.272989649358927 0.7532520835286032 0.0399451628859942 0.042356301523923445
0.0 0.30667926515990795 0.8035539220836949 0.05911399331359246 0.059002495573110214
0.0 0.3991659151785406 0.6784574376406977 0.06147892399060684 0.06482385620507514
0.0 0.46528691369094144 0.7548267483991414 0.019968179294205912 0.019647623290319327
0.0 0.2604558419131251 0.8006599273871099 0.017329117709640685 0.018485906767144344
