0.0 0.9400567584018377 0.31807182554403957 0.03454298887047469 0.031807689973700815
0.0 0.8989031448218964 0.2317805502302955 0.029975664337742236 0.040751084234123935
0.0 0.8522006629151855 0.31112834079777096 0.031223848867847237 0.031223848867847293
0.0 0.8188343460275326 0.23197001974301684 0.038818650093696894 0.06608875121607805
0.0 0.8732723065775884 0.3018224389091708 0.015462600236535673 0.028061552730766548
0.0 0.8426608115894381 0.37626596217787067 0.05213254115355326 0.06531170856528151
0.0 0.8238409963725362 0.3090657825675226 0.044223517613717345 0.08185459940569634
0.0 0.7989812269135975 0.38083849655157836 0.06673034404418243 0.1150539578871862
0.0 0.7505310016194651 0.3308786256881589 0.03376762566813296 0.05233450302805209
0.0 0.7287396483375186 0.29364969240088756 0.03154036091295709 0.036347855943650365
0.0 0.6775546386334457 0.3430931117843753 0.06937832703290381 0.14008165912223852
0.0 0.7082418246939564 0.45300078093075863 0.037533936388584266 0.04714892644997104
0.0 0.6810541347799866 0.4337265704211782 0.01456127371562188 0.021275189189521204
0.0 0.6551624380733672 0.4297782040122987 0.03617066710497552 0.04106104998102561
0.0 0.6719895104050213 0.409605415596045 0.02866839162815371 0.029994597153862324
0.0 0.6284472264959385 0.3583674630735269 0.015704450182951524 0.03941037395499103
0.0 0.5568986602555457 0.4043417979263008 0.08155911831615914 0.16444696367294076
0.0 0.48991976622495637 0.41881946767003164 0.016833656479749826 0.020895160902232257
0.0 0.460853273313681 0.29867227741015145 0.06533753067083176 0.09882422019497156
0.0 0.2533097441003537 0.43099093389674836 0.05247939916274419 0.048998109657759414
0.0 0.21828729180807227 0.4423360331367813 0.018621537476706918 0.02939695737308856
0.0 0.19554829118475037 0.46603734730248425 0.026123812953528613 0.04046341020025179
0.0 0.18245764249258387 0.4048804607350226 0.04811350192161762 0.04745039915876337
0.0 0.3417491082600785 0.4262183086886675 0.04114702943184534 0.06104011231747303
0.0 0.33263982475927845 0.3222621129146467 0.016979087197335208 0.015072666754129216
0.0 0.15137023457120727 0.44124901469105315 0.011048493380993951 0.01792818454560685
