0.0 0.6712549603174602 0.5147156084656085 0.03149801587301593 0.07572751322751325
0.0 0.6476934523809524 0.49189814814814814 0.014632936507936511 0.07837301587301582
0.0 0.6173115079365079 0.5183531746031746 0.04513888888888884 0.053902116402116396
0.0 0.5908978174603174 0.533068783068783 0.015625 0.029100529100529182
0.0 0.6643105158730158 0.5773809523809523 0.017609126984126977 0.030423280423280352
0.0 0.7430555555555556 0.5031415343915344 0.03472222222222232 0.07043650793650791
0.0 0.7730654761904763 0.5251322751322751 0.02777777777777779 0.09589947089947093
0.0 0.7934027777777778 0.5424933862433862 0.01736111111111116 0.04728835978835977
0.0 0.818328373015873 0.52744708994709 0.02951388888888884 0.08862433862433872
0.0 0.845734126984127 0.515542328042328 0.021825396825396748 0.031084656084656048
0.0 0.884796626984127 0.4971891534391535 0.022073412698412676 0.04794973544973535
0.0 0.9497767857142857 0.5190145502645502 0.036954365079365115 0.05985449735449733
0.0 0.9795386904761905 0.49057539682539686 0.0200892857142857 0.03207671957671954
0.0 0.9668898809523809 0.4492394179894181 0.01661706349206349 0.015542328042328024
0.0 0.9851190476190477 0.5476190476190477 0.029761904761904767 0.03439153439153442
0.0 0.4093501984126984 0.5486111111111112 0.024553571428571397 0.060846560846560815
0.0 0.3896329365079365 0.5112433862433863 0.014880952380952328 0.07275132275132279
0.0 0.3721478174603175 0.49404761904761907 0.016121031746031744 0.03174603174603163
0.0 0.3784722222222222 0.5929232804232805 0.021329365079365115 0.04298941798941802
0.0 0.3680555555555555 0.5573743386243386 0.016865079365079416 0.02546296296296291
0.0 0.35577876984126994 0.607473544973545 0.017113095238095233 0.036375661375661394
0.0 0.216889880952381 0.4828042328042328 0.027033730158730118 0.05687830687830697
0.0 0.18266369047619052 0.53505291005291 0.021081349206349187 0.046957671957671976
