0.0 0.1661177900186521 0.17697352548618453 0.072500769291103 0.06948394465737234
0.0 0.28602548908302333 0.1462427988217523 0.06730105277405574 0.06596192626159564
0.0 0.24977030014592216 0.1730755702000815 0.035730142979394586 0.03596764843632144
0.0 0.2242914451920856 0.2214645687562667 0.050576614717714574 0.04933855435713841
0.0 0.25951534136121995 0.28846323862149115 0.029425383192860033 0.02906154504607844
0.0 0.3907523140623516 0.2261281251215906 0.02606221046890178 0.026011677392959898
0.0 0.38202775098366687 0.2894362698401013 0.03414576653392565 0.033832461463085994
0.0 0.32174812762634675 0.3603477053941456 0.029491807237050915 0.02976468584713693
0.0 0.4156182477303252 0.4215318708108255 0.029631371732001144 0.029368599737103263
0.0 0.42225549774856336 0.3508835042757257 0.02592264597395133 0.026407763502993564
0.0 0.44738306332325006 0.34972179405717035 0.021829836833408445 0.02113753369300464
0.0 0.5061010296285908 0.3779519899906679 0.08438065244758752 0.08107578928098808
0.0 0.5716949804866519 0.35718871857436413 0.07277318187443482 0.07049414014945588
0.0 0.5404008215401181 0.39259895658303867 0.02025124474100004 0.019766127211957862
0.0 0.5560958789435119 0.47189901076477536 0.0878526037941767 0.0850429647718079
0.0 0.6411644712880067 0.6391012057524526 0.10486773954653972 0.10240172544057546
0.0 0.7501288922131302 0.6505559005162431 0.09088561642020287 0.0875251668700674
0.0 0.7002294847237063 0.7155817678006935 0.06575613873049702 0.06365901607890845
0.0 0.8075134433723677 0.9017399501823025 0.027746689007411174 0.027918501465613588
0.0 0.16738208097604268 0.1465141103488679 0.03251903551001645 0.031483107453207704
