0.0 0.9094511569104001 0.46202498143024867 0.06715879701275718 0.06611652505446997
0.0 0.9068373601671718 0.5069465234336872 0.04436615295954183 0.05108301669072718
0.0 0.8315735161235649 0.48702512505826767 0.06334320118563963 0.07511701404777532
0.0 0.8062264963124584 0.563559114713966 0.019080696744473657 0.018038424786186336
0.0 0.7413081241164395 0.4392871208217805 0.033199947496518334 0.03868152594380769
0.0 0.7203441564075184 0.48528516881658773 0.05449015677562963 0.051093122244915024
0.0 0.7267744235320898 0.521287983299018 0.025108710212051966 0.030628891324463225
0.0 0.40620308898899643 0.589481713854382 0.02560549208154106 0.025065054769836337
0.0 0.3909136039327928 0.610042325422981 0.022451241212821604 0.029515528930102786
0.0 0.3704259733840525 0.5833856512687067 0.05232019183760439 0.07023182845409903
0.0 0.3543159634050659 0.6094290836058436 0.07368949630993993 0.10966718020341615
0.0 0.32912689231313985 0.5522733710533605 0.035668487578626396 0.03597730889960038
0.0 0.3154136105216843 0.5082218115165988 0.07979988507044189 0.1048530147344614
0.0 0.284435004660274 0.5638000682378566 0.020900074782290168 0.02128610143350762
0.0 0.27891482205441864 0.598745093507077 0.050802575295100905 0.05690179638433834
0.0 0.28930933017937804 0.6332184220539313 0.02956728287793886 0.03288711207841
0.0 0.20078709899773894 0.6157096711966028 0.06562590495338622 0.059989915845609754
0.0 0.16070491967915287 0.61459916552004 0.023395979546903534 0.030691883254915453
0.0 0.18159653120284167 0.5602099675684128 0.01894049948377796 0.019828360781578125
0.0 0.1500744628575708 0.5475212348859266 0.04061765690847979 0.049882296537701265
0.0 0.11371494363943951 0.5462181758951276 0.08007728073754133 0.09196690159504217
0.0 0.1075394108114259 0.6215262035185134 0.10395176778277393 0.11499213000759612
0.0 0.05304807616066415 0.6791204042027859 0.03646693719495925 0.03824265979055985
0.0 0.1325893071952079 0.6992331692505158 0.018760660878000712 0.026017961920890897
0.0 0.041975181528655814 0.6016175887116235 0.0784955632732744 0.09814431982024807
0.0 0.028882654055976814 0.523674181297475 0.034290974548349784 0.038768883702473445
0.0 0.015091414955387752 0.5423237602278033 0.030182829910775505 0.06631263098284002
