0.0 0.6558302061271453 0.5380693682785012 0.06340278713160608 0.07823984475533641
0.0 0.6250725956132858 0.5453569882242206 0.05073843616467344 0.07212043883363795
0.0 0.6129457520687387 0.5084754308464027 0.06394568609016649 0.06688536479692431
0.0 0.5983207554553712 0.48327206535833567 0.027280509277993525 0.03180095861008336
0.0 0.6809577483091289 0.48274688739486016 0.029575598327694408 0.03387418511587792
0.0 0.709593453124967 0.5830357672977354 0.06346592864691025 0.07544650601784753
0.0 0.7452843758524821 0.5796103786514595 0.07026157987659465 0.09311342189893801
0.0 0.7706829652425956 0.5752530381501044 0.03768064449908981 0.04771992461084751
0.0 0.7839125453522838 0.5999970094138307 0.06811455417922851 0.08794351904084918
0.0 0.8007442624121902 0.6233612333104059 0.03339348663662034 0.036499562251307904
0.0 0.8240527715417663 0.6578101372735192 0.041909354928643006 0.05058972695897468
0.0 0.8886251787025861 0.6717536668292803 0.06010022365218903 0.06778221423494268
0.0 0.89926079374556 0.7099729811737346 0.032444459639820566 0.03646571824812117
0.0 0.8684160619447945 0.73797531496887 0.021421197705520978 0.021060671071673198
0.0 0.9319914420628058 0.6654782209444737 0.04159614198463468 0.0431491797919783
0.0 0.45561851597040304 0.3809400110648029 0.05031852106190826 0.06249322815876357
0.0 0.4208749706522813 0.4021727086139855 0.048173694814417356 0.06758666740621389
0.0 0.3979200835266722 0.40779855338147436 0.02899493253300628 0.0342364351327914
0.0 0.4518801579623327 0.32902443213171534 0.0388488696207292 0.04611486793365882
0.0 0.42573575318585744 0.3533337546433404 0.026515113019780767 0.02939932609056206
0.0 0.4402548521827687 0.30579119644575403 0.03209787875943532 0.03855962535070473
0.0 0.2637924549492799 0.340605429874758 0.05041722996346473 0.06042877725723417
0.0 0.2611918510301345 0.2804668268259315 0.0405988602619943 0.04927923229232617
