0.0 0.9422423960472066 0.4564779955133421 0.027818343549182778 0.0726806866094335
0.0 0.8978638805790846 0.561103744566076 0.037205938814395045 0.05711970918452314
0.0 0.8984812606915052 0.5196964591413922 0.027140354504157083 0.023608478249832587
0.0 0.8773637626322051 0.4741436522008766 0.026155347718395228 0.044566192022853224
0.0 0.8088459347678361 0.4625215659101668 0.017993720323135065 0.02340425415954711
0.0 0.781219299916146 0.5930229426253155 0.018053629930916748 0.01880509296375188
0.0 0.7398799123881831 0.5513848753079673 0.02172849801468235 0.026387568818259433
0.0 0.7217150224883175 0.46788760757200953 0.023000292525276356 0.01894239214796728
0.0 0.624766566464613 0.502303018156963 0.018926753419490572 0.022834361190232633
0.0 0.6726255148977758 0.5465073285222642 0.022127169036702643 0.014913123921486582
0.0 0.6594738484636564 0.5654918065534551 0.010058971044924814 0.020354014594764824
0.0 0.6061585775517313 0.5926141684083532 0.03398350431166741 0.08312918665907776
0.0 0.5847662336434541 0.6520503612952449 0.0337579488476798 0.06764893162853924
0.0 0.5763601054230728 0.6094846621414235 0.010555442396993575 0.01776948751220986
0.0 0.5097453400388758 0.5767575585331577 0.040298439093606864 0.08207978371923408
0.0 0.3403321446358756 0.5456835688560018 0.05501860766112188 0.09169000366347085
0.0 0.27126501529351793 0.6188203132497546 0.03815484374750178 0.08812713543103068
0.0 0.25161203399050874 0.5461772318837494 0.030208190591728412 0.0613939064543817
0.0 0.055988443655325015 0.5207542244465886 0.020977839047797597 0.018422864736158506
0.0 0.9637662679386285 0.47437063505905397 0.014948369337627998 0.030353361510745747
