0.0 0.027867199118369684 0.27198840655080914 0.014473518065249713 0.019099337953587814
0.0 0.07779131413188317 0.2844701378693023 0.053362588534339284 0.03853059460665209
0.0 0.09858738408883397 0.2649077849038889 0.014863819449133897 0.011339385248495315
0.0 0.13922455487375382 0.2148726300593785 0.06535545054603248 0.09832359546450564
0.0 0.05166946921410484 0.18457061835383115 0.040424462455846466 0.06120393909711119
0.0 0.2110699920046371 0.405125100688688 0.020598902581510314 0.03308127370877184
0.0 0.23288843828219682 0.38766733874765313 0.0257834347532781 0.017706606376814815
0.0 0.27516070016286537 0.2779445288680768 0.09041883299927467 0.15951242847429292
0.0 0.31034368502811904 0.34788286953106445 0.06936988523954707 0.10395339583331287
0.0 0.32697838082592057 0.4175032348662142 0.01355810091422699 0.01737623796491866
0.0 0.4717050414449444 0.43212752082163586 0.06376719647022683 0.10628068401542928
0.0 0.5919750093167602 0.32308520471591673 0.027571087047067455 0.04357789237496745
0.0 0.5489310180757163 0.4423700766563453 0.028559961440212556 0.03685706695421592
0.0 0.570371880566127 0.40275620843565096 0.042365482621075756 0.05198425096031839
0.0 0.6243639098579481 0.41218039628428216 0.029358739340856643 0.06944917837312015
0.0 0.6555048439564534 0.35647516124362905 0.03962407120840372 0.03316260850723307
0.0 0.6284947696427967 0.48911221943388755 0.027784198712840436 0.038724629877322614
0.0 0.6285541101004302 0.457025728285515 0.023352414095172858 0.01777205994416181
0.0 0.6641029819885421 0.5153632570025142 0.025565483047108817 0.036212211361537794
0.0 0.6584546911907676 0.48183581383447616 0.03754016992592657 0.047893195390302123
0.0 0.6774828973336036 0.4437934171962463 0.046879597888258906 0.03946360092441514
0.0 0.7019656427700258 0.49014070231599066 0.02105298112672449 0.04418208056841488
0.0 0.7294111921779318 0.49589850763857113 0.017746498632255192 0.02920090978433043
0.0 0.7744956885341518 0.41940027168651894 0.04554279744608625 0.03379468344395781
0.0 0.8550392269279398 0.49784102424874754 0.03902146483214586 0.04350043329545733
0.0 0.8370015335064376 0.4460295105380392 0.0068668386427696015 0.009510164293248524
0.0 0.8509291514738199 0.43005704534061145 0.022608539948465678 0.02907000264963633
0.0 0.914185941475752 0.43797637788981053 0.017567695567345276 0.03665838082080408
0.0 0.9126457344299885 0.3648131825138825 0.04256649418585823 0.08126184468036884
0.0 0.9636882448800262 0.5548394678383979 0.019263715486136368 0.022861575399288347
0.0 0.5903671309575457 0.5121447834009654 0.018103298088675723 0.01656135812589621
