0.0 0.035590277777777776 0.48048941798941797 0.04786706349206349 0.045634920634920584
0.0 0.04662698412698413 0.5259589947089947 0.026289682539682536 0.04067460317460314
0.0 0.11991567460317461 0.4915674603174603 0.0359623015873016 0.06117724867724872
0.0 0.16009424603174602 0.5651455026455027 0.014136904761904767 0.011904761904761862
0.0 0.20337301587301587 0.42592592592592593 0.01934523809523811 0.031084656084656104
0.0 0.2333829365079365 0.4690806878306878 0.04067460317460317 0.03339947089947087
0.0 0.23350694444444445 0.5071097883597884 0.013640873015873023 0.025462962962962965
0.0 0.574156746031746 0.5171957671957672 0.01835317460317465 0.01719576719576721
0.0 0.5936259920634921 0.5353835978835979 0.010664682539682557 0.025793650793650813
0.0 0.609623015873016 0.5042989417989417 0.023809523809523836 0.06216931216931215
0.0 0.6309523809523809 0.5279431216931217 0.025793650793650813 0.10284391534391535
0.0 0.6460813492063493 0.46478174603174605 0.024801587301587324 0.025462962962962965
0.0 0.6519097222222222 0.4171626984126985 0.0379464285714286 0.09160052910052913
0.0 0.6939484126984126 0.46825396825396826 0.014384920634920584 0.015211640211640232
0.0 0.7061011904761905 0.5029761904761905 0.03125 0.0443121693121693
0.0 0.7018849206349206 0.5401785714285714 0.01835317460317465 0.02546296296296291
0.0 0.7891865079365079 0.5057870370370371 0.05009920634920639 0.038029100529100524
0.0 0.8299851190476191 0.49718915343915343 0.011160714285714302 0.0267857142857143
0.0 0.7984871031746031 0.44543650793650796 0.012648809523809534 0.014550264550264536
0.0 0.828373015873016 0.4265873015873016 0.02182539682539686 0.041666666666666685
0.0 0.8653273809523809 0.4184854497354497 0.04761904761904756 0.07308201058201058
0.0 0.8856646825396826 0.49437830687830686 0.06498015873015872 0.0886243386243386
0.0 0.9521329365079365 0.5431547619047619 0.02430555555555558 0.028108465608465583
0.0 0.8745039682539683 0.5785383597883598 0.007936507936507908 0.023478835978835932
0.0 0.9490327380952381 0.4618055555555556 0.04092261904761907 0.08300264550264552
0.0 0.9479166666666667 0.37962962962962965 0.02083333333333337 0.030423280423280408
0.0 0.9799107142857143 0.3935185185185186 0.035218253968253954 0.05224867724867727
