0.0 0.0556851959502665 0.4924596658987813 0.02274288441209049 0.07143243258618259
0.0 0.11178249474837734 0.3936209433880393 0.03338888491617148 0.05500149842728447
0.0 0.10641516208744375 0.4346835320126172 0.025694369027132458 0.021861188517614316
0.0 0.12216302732395529 0.4823596443220024 0.023145023250195185 0.04312649611895991
0.0 0.18889341669494092 0.5017715159318358 0.016460489098160225 0.0223325954106135
0.0 0.23132043144892253 0.37530496423992316 0.016861943250116973 0.017677513571291104
0.0 0.26760592200635325 0.4214139306794099 0.020015958747397755 0.025072494738676898
0.0 0.27606424102741245 0.5064445944647905 0.021853799782798777 0.01744972004845896
0.0 0.3763228919335616 0.4833875666947154 0.017446204526828935 0.021687170196934058
0.0 0.3338555868171722 0.4339808060626775 0.021269538506087038 0.01344006342281584
0.0 0.3490999226483681 0.4166318302664863 0.008662996052632155 0.019836309452717027
0.0 0.40517659578586507 0.39581003027632394 0.028202647664623326 0.08154094666940759
0.0 0.4332514404256077 0.3392229601875475 0.029121910525397754 0.06590413201034845
0.0 0.4367149469524116 0.38247230536929444 0.009356580842944995 0.01718605592621608
0.0 0.4991317582483045 0.42263113933432217 0.03466604629704839 0.08001175615432676
0.0 0.6638570198127638 0.4729502392232473 0.04883870759117981 0.08863853926447468
0.0 0.7408643720075812 0.40822683198865817 0.03205024795221678 0.0862856743102926
0.0 0.752047128200925 0.48264593510314546 0.02599601920115635 0.05984218752988041
0.0 0.9434582610182409 0.5303606774410179 0.019847213709162315 0.017074274617170593
0.0 0.03635793709925589 0.4722141558677363 0.012866006367919791 0.029585197951988274
