0.0 0.11090805677380924 0.23602503176784081 0.06430896671356329 0.0636718151571864
0.0 0.14379964589912717 0.20418526651535243 0.043775618039225694 0.04788170584698764
0.0 0.1864428800830697 0.27093229259003115 0.0628811227317608 0.0700785754982402
0.0 0.2581275651600466 0.23107413946714628 0.018140833200507744 0.017503681644130853
0.0 0.2211647948873744 0.3688403966011396 0.03283747033359552 0.036188415556021925
0.0 0.26853930447637553 0.3488309281657938 0.051732742167211215 0.0496561000575384
0.0 0.28851651933299516 0.31744199577340204 0.02507440371686548 0.028448947145083614
0.0 0.5755379258556652 0.48712923915393447 0.02449398328688268 0.024163608405798453
0.0 0.6011461402910803 0.48226110143818357 0.0227919245613033 0.027110396221190824
0.0 0.5981318601268917 0.5163314298610999 0.05336695504746691 0.06431652253483205
0.0 0.628130152739655 0.5079224936216751 0.07703952990780927 0.09903305770570675
0.0 0.6076340729559144 0.5680697083743363 0.034305392931658796 0.03449417857799264
0.0 0.5875681845125423 0.6105012682397154 0.08100104057224633 0.09631627613108251
0.0 0.6490394018348924 0.5902139784790837 0.020137145977994653 0.02037312803591207
0.0 0.6772373414463148 0.5678465916740869 0.04984857756467442 0.05357709407976863
0.0 0.6931926695918961 0.5348731340078212 0.02897193249644503 0.03100137819453419
0.0 0.7474259235677456 0.6089435359270851 0.062035451283724896 0.05859011323813168
0.0 0.7766769187268566 0.6373768576831976 0.023739544653774702 0.02819960554841283
0.0 0.723578211827583 0.6637199030693152 0.018342978385595066 0.018885737118804924
0.0 0.7384458369733589 0.6949288994136948 0.04062057625845583 0.046284145648472386
0.0 0.7647765037238787 0.7209428872729067 0.07897062499564766 0.08623887237950223
0.0 0.8212603025093552 0.6688007768823299 0.10174848606596987 0.10849757292240625
0.0 0.9017273683559542 0.6631953639137236 0.035328070491394525 0.036413587957814464
0.0 0.8560127741192678 0.5933595032116489 0.019281634752343013 0.023718097441189245
0.0 0.8566487396051092 0.7288588027400636 0.07880557051824644 0.0908170572662399
0.0 0.8127791180316085 0.796242956717962 0.03371003295880293 0.036447424830644115
0.0 0.8464998543228084 0.8014761315074252 0.057429538304447525 0.062290768697544685
