0.0 0.6712549603174602 0.4852843915343915 0.03149801587301593 0.07572751322751325
0.0 0.6476934523809524 0.5081018518518519 0.014632936507936511 0.07837301587301582
0.0 0.6173115079365079 0.4816468253968254 0.04513888888888884 0.053902116402116396
0.0 0.5908978174603174 0.466931216931217 0.015625 0.029100529100529127
0.0 0.6643105158730158 0.42261904761904756 0.017609126984126977 0.030423280423280408
0.0 0.7430555555555556 0.4968584656084656 0.03472222222222232 0.07043650793650791
0.0 0.7730654761904763 0.4748677248677249 0.02777777777777779 0.09589947089947093
0.0 0.7934027777777778 0.4575066137566138 0.01736111111111116 0.04728835978835977
0.0 0.818328373015873 0.4725529100529101 0.02951388888888884 0.08862433862433866
0.0 0.845734126984127 0.484457671957672 0.021825396825396748 0.031084656084656048
0.0 0.884796626984127 0.5028108465608465 0.022073412698412676 0.04794973544973541
0.0 0.9497767857142857 0.4809854497354497 0.036954365079365115 0.05985449735449733
0.0 0.9795386904761905 0.5094246031746031 0.0200892857142857 0.03207671957671954
0.0 0.9668898809523809 0.5507605820105819 0.01661706349206349 0.015542328042328024
0.0 0.9851190476190477 0.45238095238095233 0.029761904761904767 0.03439153439153436
0.0 0.4093501984126984 0.4513888888888889 0.024553571428571397 0.060846560846560815
0.0 0.3896329365079365 0.4887566137566137 0.014880952380952328 0.07275132275132273
0.0 0.3721478174603175 0.5059523809523809 0.016121031746031744 0.03174603174603169
0.0 0.3784722222222222 0.40707671957671954 0.021329365079365115 0.042989417989417966
0.0 0.3680555555555555 0.4426256613756614 0.016865079365079416 0.025462962962962965
0.0 0.35577876984126994 0.392526455026455 0.017113095238095233 0.036375661375661394
0.0 0.216889880952381 0.5171957671957672 0.027033730158730118 0.05687830687830692
0.0 0.18266369047619052 0.46494708994708994 0.021081349206349187 0.046957671957671976
