0.0 0.055625 0.49816666666666665 0.021250000000000005 0.07099999999999995
0.0 0.109625 0.5981666666666666 0.03225 0.054333333333333345
0.0 0.105125 0.5569999999999999 0.025249999999999995 0.021333333333333315
0.0 0.12187500000000001 0.5096666666666667 0.022250000000000006 0.04266666666666663
0.0 0.189 0.4916666666666666 0.016000000000000014 0.021999999999999964
0.0 0.22875 0.619 0.016499999999999987 0.01733333333333331
0.0 0.266 0.5736666666666667 0.019500000000000017 0.024666666666666615
0.0 0.27625 0.48883333333333334 0.02150000000000002 0.017000000000000015
0.0 0.376 0.514 0.017000000000000015 0.021333333333333315
0.0 0.3325 0.5625 0.02100000000000002 0.013000000000000012
0.0 0.347375 0.5801666666666667 0.00824999999999998 0.01966666666666672
0.0 0.403 0.6021666666666666 0.026500000000000024 0.08099999999999996
0.0 0.429875 0.6593333333333333 0.027749999999999997 0.06533333333333335
0.0 0.43425 0.6161666666666668 0.009000000000000008 0.017000000000000015
0.0 0.4975 0.5773333333333335 0.03300000000000003 0.07933333333333337
0.0 0.6632500000000001 0.5305 0.04700000000000004 0.08766666666666673
0.0 0.738875 0.5968333333333333 0.03025 0.08566666666666667
0.0 0.751625 0.5226666666666666 0.02475000000000005 0.059333333333333294
0.0 0.944 0.479 0.019499999999999962 0.016666666666666663
0.0 0.035875 0.518 0.012249999999999997 0.029333333333333322
