0.0 0.7582600138357587 0.905977815140371 0.019913524510960734 0.021032367303261523
0.0 0.7257193354228841 0.8721489417326074 0.05783076096252049 0.054243360263398155
0.0 0.7001706043765872 0.8771957415661967 0.016405110436066295 0.01555265878478962
0.0 0.6445265512147459 0.8961846069227948 0.09582555916628599 0.103799533987603
0.0 0.6975206818742488 0.962014104870248 0.05946070367331335 0.06448661653396526
0.0 0.6811495621381052 0.7143383540329534 0.03122497075694952 0.034244070355221146
0.0 0.655830034079093 0.7172633033557043 0.02749727739133989 0.025543742357164168
0.0 0.570011336481997 0.7815928883602244 0.144053906296152 0.16076551054305455
0.0 0.5766943358155977 0.7104958404810348 0.10151132291531773 0.1098760047434697
0.0 0.5975593272995274 0.6486287817558587 0.01840221635398054 0.0193257056428634
0.0 0.4927833599794931 0.5672244625550341 0.09855495423132793 0.10883765227485243
0.0 0.3470096899264272 0.593248383188602 0.04145133467159651 0.04532288592114464
0.0 0.4380564298495002 0.5219020634620206 0.038888322656649155 0.0408951359190296
0.0 0.4022969950698963 0.5421344016870451 0.05637183972938242 0.058698322360991706
0.0 0.36513123679647297 0.5086983361592468 0.05540539195185307 0.06510202948512489
0.0 0.31408043007815645 0.536669305191467 0.04516720459819257 0.04360437657085203
0.0 0.39920191525136556 0.4472367137942538 0.039234440146188265 0.04188059214702622
0.0 0.3836143334159071 0.4720076842374547 0.025752829237515817 0.02440311412299445
0.0 0.38439545852753043 0.4096997025896908 0.03638488257699746 0.038959996940229
0.0 0.37252136309870243 0.4383489901917009 0.050845783335770445 0.053349860061395527
0.0 0.3393878481281324 0.4585353520231318 0.05354949425567007 0.05175579390610885
0.0 0.3429142962734484 0.4108547476889591 0.036983657830626626 0.042577871792129574
0.0 0.32449048152125054 0.39311074156978815 0.027243600993692163 0.030014068860341303
0.0 0.2525911723330753 0.43039882637907817 0.049801264489257036 0.0469597589850016
0.0 0.2283332181152743 0.33075897899272483 0.04978072808845346 0.05086405206195088
0.0 0.2171786707468203 0.37954110994570567 0.009667133512288734 0.010306472250746213
0.0 0.1986774120947205 0.3851401469608606 0.030732497301340644 0.03229532532868118
0.0 0.15362199574815025 0.3483796196464065 0.030758690763261487 0.03537613720767663
0.0 0.11937440493967563 0.405673628915516 0.0708317218545978 0.08019093060923932
0.0 0.17196648221886046 0.23407849816701262 0.02525317077045311 0.02612338183113133
0.0 0.43982711476064396 0.4479026641130462 0.02132520656459541 0.020952258967161907
