0.0 0.5113325572007619 0.3493629098304706 0.07016866942564837 0.03338306744439773
0.0 0.4924051778827365 0.37206728072046 0.07141593857650191 0.018403416842774578
0.0 0.5182169752320861 0.39759907586228005 0.05146799792742768 0.04417963566572197
0.0 0.5332123946891104 0.4203513012932324 0.027200352979514175 0.015992777048777995
0.0 0.5681164473257917 0.35140419756139696 0.028522108982123706 0.01786459812774266
0.0 0.49611867662396136 0.2856101091873744 0.06562963265862004 0.03592611853544203
0.0 0.5138708977267643 0.25716583985809355 0.08804824285772922 0.03139153999314892
0.0 0.5281106427161776 0.2377248040713211 0.04366243832492378 0.018771993619853322
0.0 0.5129177597684405 0.21633211927961238 0.08162630371924123 0.03246423751999991
0.0 0.5003820111033702 0.19249992650674314 0.02939907218708021 0.02169816111810821
0.0 0.4812697264156389 0.15862377604952305 0.04457264540736522 0.023051349294970103
0.0 0.49652965659417325 0.09876220373777392 0.05626898616594195 0.03722298289714503
0.0 0.46897624335267474 0.07392062496183258 0.03017430398538562 0.020204374476448614
0.0 0.43267457183260194 0.08805866154673037 0.015081840684616321 0.015975696433693495
0.0 0.5198684084773637 0.06508241134761858 0.03290292545851348 0.029052469924027498
0.0 0.5593478246374528 0.5824697824176639 0.05632947459832216 0.026144653533333617
0.0 0.5270862198495497 0.6026944137403879 0.06638024342139692 0.018249549240321405
0.0 0.512803920126182 0.6195610602973456 0.029611157842338975 0.016615870413448697
0.0 0.6012414025153324 0.6072505906547789 0.04006485274362537 0.022050221492994293
0.0 0.5699910482020087 0.6189947149209725 0.0240143163183838 0.01686347032576707
0.0 0.6158388953296361 0.6266704522425919 0.033838377321653845 0.017817731972810336
0.0 0.5131046195912577 0.7598476985141448 0.05292935250773678 0.028107665937210813
0.0 0.5623552765981803 0.7871057053335727 0.043614572282893005 0.022093276170497722
