0.0 0.9772669675110475 0.7170596925695347 0.014091048748342438 0.018847863135638132
0.0 0.9270682072185101 0.7057329392093725 0.05270500266653633 0.03745299463107998
0.0 0.9067289383089163 0.725769813202614 0.014666329282288726 0.011042089749110806
0.0 0.8672567992669395 0.7767290774159809 0.06334330648456044 0.09724504711782722
0.0 0.9554875971522188 0.805003292573941 0.03917073842141916 0.06053865066911279
0.0 0.7910417098091826 0.5881845745631263 0.019915352265077235 0.0327512006117483
0.0 0.769631787636601 0.6061410018948814 0.02548719164740676 0.01718164271720779
0.0 0.7299018758270144 0.7168097564734884 0.08708085186620274 0.15813104771454145
0.0 0.6931149058483826 0.6477016327939091 0.067243814816069 0.1028066652353754
0.0 0.6748786242450214 0.578483525286061 0.013211978708896455 0.017138238203172285
0.0 0.5298531210230979 0.5672017058907738 0.06155976915178152 0.10527715852073793
0.0 0.4121305610729174 0.6789894098316069 0.02667270550895473 0.0431327933888036
0.0 0.45241141788920414 0.5587433353428765 0.02782485916680849 0.036356923067831115
0.0 0.43189007920308886 0.5988412629485393 0.041338503927922876 0.051229657653886984
0.0 0.3776950189672721 0.590665078649531 0.027858219370502812 0.06908394406039942
0.0 0.34784738782354363 0.6470738536988953 0.039028357115689916 0.03238391797153084
0.0 0.3717905843067205 0.513849018694444 0.027001361405021018 0.03825160495592689
0.0 0.3724714353311185 0.5459283403423074 0.023043157342572285 0.017304778081707495
0.0 0.3355862848557737 0.4884263819083961 0.02483147244523537 0.03577969603504305
0.0 0.3420064883904574 0.5218146076907805 0.036586977127457954 0.04723318075616739
0.0 0.32386091310457477 0.5602858263943649 0.04616940766997191 0.038543403652243735
0.0 0.2983155369556552 0.5145156459327833 0.020109589805221373 0.043893661741700174
0.0 0.2707444690815529 0.5093924905851303 0.017141069474214843 0.028919847957042444
0.0 0.22743664200108674 0.5869103854806852 0.04496008914449817 0.032879290700572494
0.0 0.14510505432865003 0.5103484960652833 0.03817893123669497 0.042784735643441596
0.0 0.1643331431167355 0.5617301264259533 0.006674791122370627 0.009392970772253872
0.0 0.15077768643154732 0.5780196255215173 0.022029138083883848 0.028673577228042868
0.0 0.08735504509815059 0.5715616168757616 0.016785423734299976 0.036416721205679514
0.0 0.09058258116957238 0.6446698134495228 0.040849501558726964 0.08064063143340727
0.0 0.0351701003050581 0.45587155087352293 0.018815054841638312 0.02251479936509071
0.0 0.4093767586126413 0.4899430500745466 0.01779785040302706 0.016212245607261755
