0.0 0.47055764044997783 0.05659764411965701 0.0723193680795029 0.02619366530254541
0.0 0.3746055904007435 0.11750087959486982 0.056468101894183 0.035993543710106324
0.0 0.4153535302192267 0.11011509290733934 0.02305731521925719 0.026688651953791553
0.0 0.4637482342240117 0.12349266999490263 0.044126647481920356 0.02519733897211368
0.0 0.48642726873020037 0.18918457983825476 0.023071396668525146 0.01750849784115338
0.0 0.36220686002488456 0.23779661887039247 0.018451484755112935 0.017678859917977963
0.0 0.4100491293655717 0.2717641162089403 0.02597775112903239 0.02118747713879554
0.0 0.4953934544628255 0.2760188921300317 0.018470833184770163 0.022643007305298946
0.0 0.4773086939570182 0.3772926056422689 0.02247675382485359 0.018459104671751825
0.0 0.4258677892496866 0.3373134445343712 0.014445564115029341 0.021862762551525083
0.0 0.40929169010936955 0.3533947900440444 0.02019847208694292 0.009613511818193754
0.0 0.3912606219104392 0.4104300528610555 0.08266402506629283 0.0321343607176659
0.0 0.3361269008419126 0.4412613065481128 0.06712416175207647 0.03227878159728942
0.0 0.379494425743961 0.4425877755380728 0.017591194708401037 0.010173996271905295
0.0 0.4226824573781311 0.5029482278337911 0.08145890226955232 0.03850096132484804
0.0 0.48106369157989953 0.6649916019784609 0.09075677138534821 0.0530526793331616
0.0 0.4202166191447236 0.745097066911757 0.08758301406167057 0.03620346239219496
0.0 0.4950966491887555 0.7525962698726955 0.06092792322171903 0.028863992480617773
0.0 0.5521926972167301 0.9414214792658403 0.0179975840676605 0.020624508513919393
0.0 0.44938364748433024 0.03829229973606735 0.03012265826520527 0.014283849103938429
