0.0 0.0350796568627451 0.6029411764705883 0.03033088235294118 0.026960784313725505
0.0 0.060661764705882346 0.6950571895424835 0.023897058823529403 0.037173202614379064
0.0 0.1204044117647059 0.625 0.026960784313725505 0.026960784313725505
0.0 0.13955269607843138 0.7087418300653595 0.02849264705882354 0.06209150326797386
0.0 0.09803921568627452 0.630514705882353 0.011029411764705885 0.026552287581699363
0.0 0.14108455882352938 0.5625 0.04258578431372548 0.05882352941176472
0.0 0.1479779411764706 0.6319444444444444 0.03125 0.07761437908496738
0.0 0.18489583333333334 0.5655637254901961 0.04871323529411764 0.10825163398692816
0.0 0.22395833333333331 0.6231617647058824 0.02573529411764705 0.04861111111111116
0.0 0.2389705882352941 0.6636029411764706 0.026348039215686264 0.032271241830065356
0.0 0.29794730392156865 0.6237745098039216 0.046875 0.13398692810457513
0.0 0.2867647058823529 0.5102124183006536 0.030637254901960786 0.04248366013071897
0.0 0.3102022058823529 0.53390522875817 0.011335784313725505 0.019607843137254943
0.0 0.33501838235294124 0.5422794117647058 0.03033088235294118 0.03635620915032678
0.0 0.31495098039215685 0.5592320261437909 0.02450980392156865 0.02614379084967322
0.0 0.34895833333333337 0.6172385620915033 0.009191176470588258 0.03839869281045749
0.0 0.4273897058823529 0.5843545751633987 0.05514705882352944 0.15727124183006536
0.0 0.4958639705882353 0.5816993464052289 0.013786764705882304 0.01879084967320266
0.0 0.5036764705882353 0.7050653594771243 0.05024509803921573 0.09150326797385622
0.0 0.7310049019607843 0.610702614379085 0.045955882352941124 0.04166666666666663
0.0 0.7674632352941175 0.6055964052287581 0.01409313725490191 0.027369281045751648
0.0 0.7939644607843137 0.5861928104575163 0.019914215686274495 0.037581699346405206
0.0 0.7962622549019607 0.6486928104575163 0.04166666666666663 0.040849673202614345
0.0 0.6430759803921569 0.6000816993464052 0.031862745098039214 0.056372549019607865
0.0 0.6340379901960784 0.7040441176470589 0.015012254901960786 0.012663398692810413
0.0 0.8331801470588235 0.6182598039215688 0.008272058823529438 0.016748366013071947
