0.0 0.03851363521303974 0.40370711579406426 0.057921759459284905 0.046417644998554664
0.0 0.05047005142439526 0.3774984271078252 0.016242938591303435 0.013509287630337818
0.0 0.06932650880380808 0.3152553483694747 0.08013854042342272 0.1057095671207885
0.0 0.000402104917333064 0.3203728981558499 0.000804209834666128 0.06575516670363363
0.0 0.20904727100712975 0.46552556298596803 0.02563453036559632 0.03531621085234954
0.0 0.22276188109131836 0.4408922985373344 0.027822523903093532 0.021557907117547348
0.0 0.22036310192299835 0.3222776802764668 0.11509578490492534 0.1686867339521887
0.0 0.27991852690981944 0.3741699974086689 0.08498731482037852 0.11181126487485349
0.0 0.32202873993470504 0.43284509103675756 0.016081350374195835 0.019042805581908517
0.0 0.46278341359327013 0.3912627470056147 0.08005244335043954 0.11302710806708721
0.0 0.5334931421580464 0.24351248455918262 0.03418511362566079 0.04660044507337949
0.0 0.5388209136333815 0.37135249925959013 0.03392089462122483 0.04035636459183134
0.0 0.5437260244174993 0.32616986235676415 0.049834043292575014 0.05729463237354354
0.0 0.5977509765177519 0.31436351656840283 0.04054770334822799 0.07164298302921157
0.0 0.6055738488589688 0.2504493137746516 0.04382838313316473 0.0388166897047279
0.0 0.6309735171766303 0.38464004233358845 0.03351561355714705 0.042001321748477594
0.0 0.6187817358546714 0.3546490580129493 0.025511373420802563 0.021183092732606934
0.0 0.6742509399218974 0.395566722170404 0.030943550813288923 0.0392014547578724
0.0 0.656178308756757 0.36640847443355473 0.04448727727281998 0.05251737697065645
0.0 0.6594298526769301 0.3236144652321723 0.051894887442157644 0.04614283021179255
0.0 0.6999868514327077 0.35755727770443063 0.028065531049812353 0.04600511548114905
0.0 0.7278183278932252 0.3524592001588127 0.022210853178651346 0.031095218801789504
0.0 0.7407277396928815 0.2638024582037646 0.04959764963159419 0.040485479761708854
0.0 0.8458946031364127 0.30632208171403585 0.04511241828353363 0.048586433046427346
0.0 0.8092715324906723 0.2648157217431536 0.008272451583900775 0.010322689804624974
0.0 0.8161831472587712 0.2445815814230651 0.026833154143233395 0.03184484757167033
0.0 0.8782868629683098 0.22783342304869975 0.02338165161283312 0.03818892765139692
0.0 0.8489224164252184 0.16008790771244097 0.05529336032826504 0.08530656983719995
0.0 0.9691272022884145 0.3180872099016569 0.02252011694113909 0.025310718963791334
0.0 0.6041542148259302 0.42070520640209963 0.020277844117234434 0.01908187182181187
