0.0 0.5759027811972128 0.9585802227652663 0.05112283273359608 0.053066631467745706
0.0 0.5294277965145296 0.9531610814273386 0.043572576058086065 0.031045873104678434
0.0 0.554641349110708 0.8762306807069556 0.06510026924920731 0.04314254280788954
0.0 0.4767192338601799 0.8453083607786024 0.013537243525685028 0.015481042259834377
0.0 0.6096345310345228 0.7854028832493494 0.03320854110911298 0.022985599618400965
0.0 0.5631473412376466 0.7608698443760233 0.038102778883754684 0.044438122906167776
0.0 0.5253860042766332 0.7653764279975224 0.026934211742894232 0.01663927770647311
0.0 0.47390427994445317 0.4284882472159265 0.019302183747929635 0.02031007938785906
0.0 0.45348154094305826 0.4113780029787814 0.026900117982259053 0.01372548211746838
0.0 0.4823875090573472 0.3917157136400614 0.06460547253619481 0.03120093132710794
0.0 0.45632255394547705 0.37342344279761613 0.10521908611362979 0.038122033512619224
0.0 0.5171723323410029 0.3507177271056944 0.02829291900441777 0.02771697863874384
0.0 0.5637276425265623 0.3391355545252309 0.09553880937774184 0.04881564721244591
0.0 0.5078985920182073 0.303629407588652 0.01684971877809549 0.016129793321003005
0.0 0.47195515232192853 0.29579411138714123 0.04778695588557724 0.03641213366351759
0.0 0.43554277195760194 0.3045080448332994 0.027507888142204118 0.02131652921120969
0.0 0.45905039210320076 0.21366897516462102 0.04384532614316827 0.05435623781671706
0.0 0.4626174947950107 0.17212711616259121 0.027945189498973066 0.014338598359926957
0.0 0.5178197781301356 0.19709047401060215 0.015981907963649844 0.014326079412337323
0.0 0.5328904680376689 0.16513214702805987 0.04401377768078962 0.026735566710572367
0.0 0.5364332276336804 0.12746632755876908 0.07833557782788714 0.05616187374944159
0.0 0.45862899472879715 0.11651950412721288 0.09587584671815974 0.07528597864531744
0.0 0.40212348222283767 0.05648369475501433 0.030858357421184535 0.027546700318559603
0.0 0.3764536312566055 0.1378428642611935 0.024270392310156375 0.010735793716819486
0.0 0.4832450321462559 0.049657367641096545 0.0873671987441027 0.05072299297810007
0.0 0.5649456045514976 0.04076102649021779 0.032733245725774074 0.024382110423502468
0.0 0.5472650603527489 0.015677158994598678 0.05614752801928924 0.031354317989197356
