0.0 0.32874503968253965 0.4852843915343915 0.03149801587301587 0.07572751322751325
0.0 0.3523065476190476 0.5081018518518519 0.014632936507936511 0.07837301587301582
0.0 0.3826884920634921 0.4816468253968254 0.045138888888888895 0.053902116402116396
0.0 0.40910218253968256 0.466931216931217 0.015625 0.029100529100529127
0.0 0.33568948412698413 0.42261904761904756 0.017609126984126977 0.030423280423280408
0.0 0.2569444444444444 0.4968584656084656 0.03472222222222221 0.07043650793650791
0.0 0.22693452380952378 0.4748677248677249 0.027777777777777762 0.09589947089947093
0.0 0.2065972222222222 0.4575066137566138 0.017361111111111105 0.04728835978835977
0.0 0.18167162698412698 0.4725529100529101 0.029513888888888895 0.08862433862433866
0.0 0.15426587301587302 0.484457671957672 0.02182539682539683 0.031084656084656048
0.0 0.11520337301587301 0.5028108465608465 0.022073412698412703 0.04794973544973541
0.0 0.05022321428571429 0.4809854497354497 0.03695436507936509 0.05985449735449733
0.0 0.020461309523809524 0.5094246031746031 0.02008928571428572 0.03207671957671954
0.0 0.033110119047619055 0.5507605820105819 0.016617063492063495 0.015542328042328024
0.0 0.01488095238095238 0.45238095238095233 0.02976190476190476 0.03439153439153436
0.0 0.5906498015873016 0.4513888888888889 0.024553571428571397 0.060846560846560815
0.0 0.6103670634920635 0.4887566137566137 0.014880952380952328 0.07275132275132273
0.0 0.6278521825396826 0.5059523809523809 0.016121031746031744 0.03174603174603169
0.0 0.6215277777777778 0.40707671957671954 0.021329365079365115 0.042989417989417966
0.0 0.6319444444444444 0.4426256613756614 0.016865079365079416 0.025462962962962965
0.0 0.64422123015873 0.392526455026455 0.017113095238095233 0.036375661375661394
0.0 0.7831101190476191 0.5171957671957672 0.027033730158730118 0.05687830687830692
0.0 0.8173363095238095 0.46494708994708994 0.021081349206349187 0.046957671957671976
