0.0 0.8177307661471872 0.6707605123389031 0.04279504414737301 0.04223226420140014
0.0 0.8335388903732824 0.643995918695625 0.01564803996142028 0.015996427547022685
0.0 0.8324515957491598 0.6262711830316483 0.025130611965624827 0.024675028199837357
0.0 0.8162430990080093 0.6241084186390655 0.013120549601383535 0.01274536297073492
0.0 0.6722823493618195 0.5501445188044352 0.07690323632416352 0.07898016231525384
0.0 0.644987883008955 0.5770366548396344 0.09660523972771229 0.10124147452072718
0.0 0.6215947175410972 0.5269607322286214 0.09375616082711968 0.0983119984849955
0.0 0.5838996227417391 0.6090940148161599 0.09895543318193556 0.11264974520060944
0.0 0.580675790525908 0.5671181802767221 0.08201564770198755 0.08982756933299219
0.0 0.5836770988555604 0.515502756211722 0.0749374534245505 0.079707683442797
0.0 0.561011531318655 0.5137992967847206 0.08061371723389665 0.0854509448647589
0.0 0.5014778408133763 0.6116242404003676 0.04890847280314209 0.053316915713263136
0.0 0.554706872822826 0.4713598625501155 0.04569473236868027 0.047450069819214846
0.0 0.5823081238437559 0.47797140339019845 0.045965711588521474 0.044840151696575625
0.0 0.584243953567186 0.44487603244780705 0.05332099143246971 0.05743464484708105
0.0 0.5235707205098147 0.5182032026225417 0.07800547224353777 0.08379406597354477
0.0 0.5189387391051512 0.4816542981434343 0.05247323209740079 0.058007234899467575
0.0 0.49073258171605905 0.5344711086147733 0.13093919315993313 0.141203227412677
0.0 0.45822403975397114 0.5141008170104941 0.06918868630265052 0.0715604017892506
0.0 0.4737613916013346 0.4856520006029621 0.01773011415726633 0.017904307950067366
0.0 0.4434469627886115 0.45313703492369384 0.07541086992725082 0.08625108364849066
0.0 0.3536859340916233 0.41904391522416107 0.04409504098366851 0.04505980660533626
0.0 0.3571289548553509 0.3850064925786642 0.0355327316270867 0.038212636131719546
0.0 0.19650846329505384 0.32348279305237193 0.07678694502793029 0.0763447607846659
0.0 0.14122636400385902 0.3981029245462284 0.10355960638151429 0.10969658769712343
0.0 0.1439476992644654 0.3415220227512724 0.017277161665673668 0.017531752593613836
0.0 0.051799595671090215 0.35512723869505175 0.05779237070027954 0.05984249764632377
0.0 0.08089995956249404 0.30335881753198074 0.013120549601383591 0.012745362970735141
