0.0 0.22414221689719876 0.7450149865061274 0.03386815695065637 0.03434786993802663
0.0 0.2454198410679638 0.7641219726892573 0.012842403452491602 0.012545438269833786
0.0 0.26160421652682675 0.7663520314032544 0.019784958073757575 0.020173297158771586
0.0 0.26649111224841515 0.7521240161235486 0.01021599620087038 0.010535804859117315
0.0 0.35928335269551065 0.6356721536417613 0.06341654266036867 0.06164617330221667
0.0 0.33997140228548783 0.6061815748551993 0.08134056150085328 0.07738864022394631
0.0 0.38937664646368675 0.5941524268235087 0.07898827595630092 0.07510488510616109
0.0 0.32212214600101885 0.5452738944177677 0.09072020490199645 0.07904718887598783
0.0 0.36056763457550534 0.5499698424545306 0.07226294593924515 0.06560407280503466
0.0 0.40658020716143517 0.5620269446846523 0.06406770866632544 0.060001570011473104
0.0 0.41222249560977453 0.5418915577691745 0.06867711271288363 0.06455386536905872
0.0 0.33477037220606853 0.47047248168546185 0.042885759344782115 0.03912800761038204
0.0 0.4516442253865214 0.5438926316033834 0.038112403925572746 0.03661615627448933
0.0 0.44068084591151 0.567590839000742 0.03594632078814003 0.03690574676288039
0.0 0.470181648099949 0.5753320477645558 0.04618195976552958 0.04267548626260931
0.0 0.4150325316228539 0.507322818197027 0.06737166463634564 0.0624374739091092
0.0 0.4488381017603663 0.5097655678236435 0.04667692994810774 0.04195975223896736
0.0 0.4063076780989665 0.47475648545160953 0.11354224498130372 0.10479319383069458
0.0 0.43057016126935904 0.4491243381784536 0.05747117614685693 0.05544952855722518
0.0 0.45341597580315907 0.46829218387352356 0.014368700004538992 0.014220217413210112
0.0 0.48823529537260835 0.4468390596406441 0.06946947125034847 0.060229285374574615
0.0 0.5352466487108924 0.3720519731246424 0.03617492481292228 0.035352559691716356
0.0 0.565324142864898 0.3813232927393056 0.03072452848198859 0.02844018092308276
0.0 0.6499133904898012 0.2475911180942782 0.06123908010236456 0.061615997449584015
0.0 0.5926214575230915 0.18421038522592875 0.08816156636713035 0.08293041045723615
0.0 0.6431635243082406 0.19691443714958778 0.014071819456326962 0.013854806438231004
0.0 0.6475841869143052 0.11133384498623766 0.048062033968647055 0.04631450808608417
0.0 0.6890069982301958 0.14695957424750736 0.010215996200870436 0.01053580485911726
