0.0 0.8664438774742119 0.3018651557068167 0.03952819219209025 0.038882139490428014
0.0 0.8483846168640047 0.27501752442424576 0.014390950632663158 0.014790888019406478
0.0 0.8312453132768937 0.26809452783680837 0.02322633576568678 0.022703340721484055
0.0 0.821948564787256 0.28235263785686454 0.012141841480095561 0.011711139678987403
0.0 0.6879359650555619 0.3844486025989661 0.070684016319003 0.07306825843227993
0.0 0.7009667034669442 0.4221445420792649 0.08856384333499656 0.09388608702011797
0.0 0.6434364237669814 0.4216771026471178 0.08594556121005059 0.09117551165207743
0.0 0.7037031766259493 0.4939040655337022 0.08970853527517586 0.10542915101562123
0.0 0.6628229224413329 0.4781186001748776 0.07475112242465842 0.08371894921201622
0.0 0.6156767043278916 0.45216416127630554 0.06856715548006265 0.07404322123700863
0.0 0.6039173089727543 0.47269440097834015 0.07379411867541508 0.07934709546827284
0.0 0.6691376240587128 0.572471428830964 0.04460464021955046 0.049665386382570564
0.0 0.5612206429969533 0.4595955056159011 0.04194051927183606 0.04395558841273467
0.0 0.5798033076103564 0.4366281834318245 0.04251564728941437 0.041223541886090176
0.0 0.5495786704878682 0.41997569255850853 0.04870704883861887 0.05342938644362544
0.0 0.5912731578046699 0.5098430356873752 0.07128144815040793 0.07792656165321848
0.0 0.5548602208377242 0.4978129213807852 0.0477649142985932 0.05411776586493755
0.0 0.5918379334876276 0.5479851878791709 0.11959052085302879 0.13137329155477157
0.0 0.5581297348266167 0.5693959200109533 0.06353654627537098 0.06625919694666138
0.0 0.5383668233750172 0.5420477797776857 0.01633065959002311 0.016530628283394577
0.0 0.49423242920317756 0.5559537763016222 0.06831846331684122 0.08076266892742856
0.0 0.42197056870769806 0.6250010704644102 0.04055456977304395 0.04166208869017907
0.0 0.3915364415871149 0.6065103686583255 0.03246496518938591 0.03554140662587224
0.0 0.26174397244176173 0.7298336380588976 0.07086116820058336 0.07035355536356325
0.0 0.30706955016239357 0.815215664851959 0.09480758305676246 0.10185263394631638
0.0 0.2551328972941243 0.7872986547439488 0.015903880290405348 0.016196142226871713
0.0 0.22661255299711128 0.879967634418467 0.0530634177755866 0.055416895474498684
0.0 0.19102057318706112 0.8294251857426773 0.012141841480095561 0.011711139678987514
