0.0 0.11785267916955522 0.6647904253707921 0.03486919066265058 0.032445264601655865
0.0 0.16248225827320395 0.7440881336480637 0.031102644967252013 0.04065144460147385
0.0 0.20172937093892415 0.6657343310637179 0.03167739071261472 0.03167739071261466
0.0 0.2385052524810134 0.7387592013871348 0.04113271244233152 0.06529852074740061
0.0 0.18231768935764753 0.6759264905255382 0.016495806234986032 0.027660556576537654
0.0 0.2065998097853545 0.6032646611045733 0.05373563452280511 0.06541455099850724
0.0 0.2287930020648397 0.6658692505780318 0.047281058799458986 0.08062840521435666
0.0 0.24778490375389703 0.5961135611621928 0.0708010575318358 0.11362375127607682
0.0 0.2970071394279802 0.6404409042859106 0.03544974419977448 0.051903060492587416
0.0 0.3200948031107221 0.6743930152638374 0.03230704654685468 0.03656728022981515
0.0 0.3655216967182949 0.6241488342086311 0.07492383998449326 0.1375786560459642
0.0 0.32931257230287647 0.521751385917568 0.03869622796520655 0.04721669533112749
0.0 0.3563701021378123 0.5383062541433896 0.01520368427726837 0.021153320972437273
0.0 0.3812113633902894 0.5403906890661114 0.03700992998967406 0.04134361597751324
0.0 0.36652924471197135 0.5606293377789446 0.02916993041221516 0.030345167290273256
0.0 0.4111729759939663 0.6064859931515776 0.01745401750856529 0.03846137670385319
0.0 0.4761606600972993 0.5582266096161022 0.08806356854977393 0.16151587342840312
0.0 0.5388343432970261 0.5401710491253329 0.017338842086011663 0.020938005025064488
0.0 0.5741628959857138 0.6523964052739266 0.06843577515146637 0.09811050632243268
0.0 0.7627419647369128 0.5133969941755385 0.05301825831045015 0.04993326150554778
0.0 0.7952705207708068 0.5003712271385368 0.01958359379902841 0.02913239343325047
0.0 0.8153398330034618 0.4764016288726848 0.027423593376487365 0.04013084212049023
0.0 0.8317038487706785 0.533635795042913 0.04876981621912191 0.04818219778009292
0.0 0.6790648188862578 0.5236164852085942 0.0430214536715704 0.060650006842441595
0.0 0.6944003461031862 0.621749893573091 0.01710336226958642 0.015413959257377985
0.0 0.8588864052761737 0.49710023017820204 0.011650518598655513 0.01774705990358183
