0.0 0.6728235410911722 0.980218920132311 0.05983663709419651 0.03956215973537802
0.0 0.6442707150056328 0.992376154965521 0.01704096413333256 0.015247690068957875
0.0 0.5813666091876829 0.9778355397779974 0.10478038435096049 0.04432892044400527
0.0 0.6379567290368465 0.8123386783736934 0.03431315310068572 0.035069797168068795
0.0 0.6098463034195062 0.8132848326946905 0.028350771379920925 0.027861178159849675
0.0 0.509687541644523 0.8763417127311326 0.15942703253357504 0.16361527998891323
0.0 0.5234146102275197 0.798743882306223 0.11096413073106182 0.11306047988245838
0.0 0.5519121359208127 0.7325697801694839 0.01987597550122966 0.02010741956889972
0.0 0.44397373126144857 0.6336386238154794 0.10860701699418024 0.11118405767073791
0.0 0.2813081527696263 0.6491870692086041 0.04549576195803284 0.04646604670326515
0.0 0.3878463885959147 0.5788816221536709 0.04202508749440381 0.042528033256840736
0.0 0.3467011719505667 0.5979272342119755 0.06068314697363236 0.06126620799026283
0.0 0.30882268484044534 0.5578186609785074 0.06264075253614476 0.06507091524668096
0.0 0.2501649334651639 0.5840042531462439 0.0472351256058281 0.046843451029770944
0.0 0.3518083332589857 0.49327489711320516 0.042650561564977374 0.04331373783580128
0.0 0.3324423838365562 0.5191216015955168 0.02674633010285421 0.02640806569625953
0.0 0.3388898938941125 0.4506612296581173 0.03960190951923065 0.040247282400233786
0.0 0.32326043726078824 0.48110662439188784 0.05489857991742597 0.05552614940860845
0.0 0.2850075041435435 0.5003371862395266 0.056025123563477 0.055575587970502216
0.0 0.2931625782515849 0.4482111962088004 0.04145795368063465 0.04285997062902103
0.0 0.2744903033312172 0.42704274279754806 0.029993174863475525 0.03068750706648582
0.0 0.19206634461686561 0.46160602029032255 0.051628892062817094 0.050916756469985835
0.0 0.1743225021728498 0.34983985373225834 0.05319504228292188 0.053466543977688685
0.0 0.15767874559545256 0.4024932143780127 0.01050372461731136 0.010663955125698288
0.0 0.1368276648784732 0.4069920346037917 0.033202057417609065 0.03359373199366622
0.0 0.0905697806815916 0.36251937870374196 0.03446565962758541 0.03562287996593594
0.0 0.04776334387468226 0.42246345941569313 0.07885279094621273 0.08119838755510023
0.0 0.12099787800219164 0.23844877049597218 0.027114942351274207 0.02733303387657879
0.0 0.39643088025285134 0.4976510105697859 0.022449194959631547 0.022355727163072547
