0.0 0.16666666666666663 0.5277777777777779 0.027281746031746018 0.023809523809523836
0.0 0.1651785714285714 0.4976851851851852 0.00843253968253968 0.010582010582010581
0.0 0.17410714285714285 0.48296957671957674 0.016369047619047616 0.013558201058201047
0.0 0.18898809523809523 0.48842592592592593 0.008928571428571425 0.006613756613756627
0.0 0.34585813492063494 0.48991402116402116 0.040426587301587324 0.0532407407407407
0.0 0.3571428571428572 0.5252976190476191 0.045138888888888895 0.07374338624338628
0.0 0.3998015873015873 0.49289021164021163 0.04365079365079366 0.0717592592592593
0.0 0.3950892857142857 0.5803571428571429 0.02132936507936506 0.10582010582010581
0.0 0.41679067460317465 0.5458002645502645 0.027529761904761918 0.07572751322751325
0.0 0.4375 0.500165343915344 0.031746031746031744 0.06117724867724866
0.0 0.4577132936507936 0.5089285714285714 0.03497023809523808 0.06481481481481483
0.0 0.4646577380952381 0.6197089947089947 0.017113095238095233 0.0443121693121693
0.0 0.48226686507936506 0.4753637566137566 0.02256944444444442 0.03339947089947093
0.0 0.4556051587301587 0.4685846560846561 0.030753968253968256 0.023809523809523836
0.0 0.46887400793650796 0.4393187830687831 0.020585317460317443 0.04596560846560849
0.0 0.4878472222222222 0.5295965608465608 0.0307539682539682 0.06646825396825395
0.0 0.5083085317460316 0.5003306878306878 0.016121031746031744 0.050264550264550234
0.0 0.5086805555555556 0.5583664021164021 0.05009920634920634 0.11342592592592593
0.0 0.5457589285714286 0.5555555555555556 0.03497023809523814 0.04960317460317465
0.0 0.545262896825397 0.5241402116402116 0.010168650793650813 0.011243386243386277
0.0 0.5859375 0.5099206349206349 0.015128968253968256 0.08201058201058203
0.0 0.6783234126984128 0.5211640211640212 0.023809523809523836 0.029761904761904767
0.0 0.6907242063492064 0.4904100529100529 0.01388888888888884 0.030423280423280463
0.0 0.8562748015873016 0.5100859788359788 0.047371031746031744 0.04464285714285715
0.0 0.8700396825396826 0.5990410052910053 0.04513888888888884 0.08300264550264547
0.0 0.8932291666666666 0.5492724867724867 0.009672619047619069 0.011243386243386277
0.0 0.9661458333333333 0.6025132275132274 0.029017857142857095 0.04166666666666663
0.0 0.9645337301587301 0.5449735449735451 0.008928571428571397 0.006613756613756627
