0.0 0.16554499043122958 0.49524998697512973 0.029466613738995895 0.02634829051836396
0.0 0.16698860493334908 0.465155227737836 0.00942107330900338 0.011351463874156476
0.0 0.17730510145467102 0.45137704136249107 0.017609262055802433 0.015084905162909834
0.0 0.1915853103499262 0.45825382290138517 0.009529086704922363 0.00745020455783435
0.0 0.34756809411800094 0.47498089513179254 0.04540961343593741 0.056917711035888885
0.0 0.35536050212096854 0.5112937349041948 0.05209223570477339 0.07778127937950396
0.0 0.4009669232529255 0.4831856993065292 0.0504183501174742 0.07566191904640013
0.0 0.3877761178077256 0.569780574989008 0.03151292731064309 0.10739212567935597
0.0 0.4127333152842259 0.5374964238906415 0.034759306154226066 0.0780446022882374
0.0 0.4377798081425941 0.4940902568720851 0.03754149223795328 0.06397299382235805
0.0 0.4570457230093483 0.5047765060273678 0.04110396599140914 0.06790669653065112
0.0 0.45319066813022607 0.6157074126436516 0.021338730705613762 0.04576559593389806
0.0 0.48474518314023496 0.47375692234369815 0.025708656502501148 0.03543485511923444
0.0 0.45886854758544215 0.46441869329320945 0.032922398309513434 0.026685751868249397
0.0 0.47491889857181235 0.4365809506430525 0.0249552111570292 0.047748668984030074
0.0 0.4850282977351166 0.5282753347098121 0.03706835203667852 0.06914253373460799
0.0 0.5082370596175588 0.501136619141561 0.020929868856698286 0.05159338052624651
0.0 0.502966896830599 0.5589337463934138 0.06088577194706163 0.11775804782811261
0.0 0.5401429222061523 0.5597398116321297 0.039625563887148774 0.052767068888383784
0.0 0.542702460433138 0.5284249805631775 0.011213243946621265 0.012178439229197924
0.0 0.5845664928349226 0.5182258386111456 0.02302786274978952 0.08309270764243987
0.0 0.6754223145960878 0.5383948805179901 0.02658933433971067 0.03193503128936559
0.0 0.6907533457326367 0.50899172200014 0.016779942490591004 0.03162910068407698
0.0 0.8536079362371288 0.5446641763079723 0.05148556399630366 0.049035452894378384
0.0 0.858662215249375 0.6345358789897064 0.05299213263780134 0.08699670490088407
0.0 0.8865788653603575 0.5872567265418807 0.010719560436547315 0.012130230464928449
0.0 0.953975933976315 0.6473321116374128 0.03293002153795166 0.044289627555968325
0.0 0.9579636792238205 0.5899081459849607 0.009529086704922252 0.007450204557834295
