0.0 0.006324404761904762 0.6765873015873016 0.012648809523809524 0.017857142857142905
0.0 0.057291666666666664 0.6694775132275133 0.05009920634920635 0.03339947089947093
0.0 0.07589285714285712 0.6911375661375662 0.013888888888888881 0.009920634920634885
0.0 0.11098710317460317 0.7452050264550265 0.05580357142857144 0.09292328042328046
0.0 0.0207093253968254 0.7660383597883598 0.03447420634920635 0.05787037037037035
0.0 0.20262896825396826 0.5636574074074074 0.017361111111111105 0.03141534391534395
0.0 0.22247023809523808 0.5833333333333334 0.024305555555555552 0.015211640211640232
0.0 0.25285218253968256 0.6969246031746031 0.07465277777777779 0.15244708994709
0.0 0.29526289682539686 0.6311177248677249 0.05927579365079366 0.0982142857142857
0.0 0.3191964285714286 0.5636574074074074 0.011904761904761918 0.01620370370370372
0.0 0.4646577380952381 0.564484126984127 0.053323412698412676 0.10119047619047616
0.0 0.5726686507936508 0.685681216931217 0.02331349206349209 0.04133597883597884
0.0 0.5425347222222221 0.5625 0.02504960317460314 0.03439153439153442
0.0 0.5596478174603174 0.6041666666666666 0.03745039682539686 0.04828042328042326
0.0 0.6143353174603174 0.6005291005291006 0.022321428571428603 0.06746031746031744
0.0 0.6393849206349205 0.6592261904761905 0.03670634920634919 0.029431216931216975
0.0 0.626612103174603 0.5244708994708994 0.024057539682539653 0.036375661375661394
0.0 0.6232638888888888 0.5563822751322751 0.02182539682539686 0.015542328042328024
0.0 0.6648065476190477 0.5021494708994709 0.022073412698412676 0.034060846560846514
0.0 0.6556299603174603 0.534887566137566 0.03298611111111116 0.044642857142857095
0.0 0.6705109126984128 0.5747354497354498 0.04340277777777779 0.03505291005291
0.0 0.6997767857142857 0.53125 0.01661706349206349 0.04265873015873012
0.0 0.7276785714285714 0.5284391534391535 0.014880952380952328 0.02777777777777779
0.0 0.7643849206349205 0.609292328042328 0.04265873015873012 0.029431216931216975
0.0 0.8528025793650794 0.5398478835978837 0.03497023809523814 0.040013227513227556
0.0 0.8293650793650794 0.5894510582010583 0.005952380952380931 0.008928571428571397
0.0 0.8415178571428572 0.6068121693121693 0.019841269841269882 0.027116402116402094
0.0 0.9052579365079365 0.6056547619047619 0.01388888888888884 0.035383597883597906
0.0 0.8959573412698414 0.6782407407407407 0.03447420634920639 0.07804232804232802
0.0 0.9668898809523809 0.49470899470899476 0.017113095238095233 0.02116402116402122
0.0 0.5911458333333334 0.4975198412698413 0.01661706349206349 0.014880952380952328
