0.0 0.8667759845955809 0.39163781708516887 0.0462544542946044 0.07547298938482622
0.0 0.7786795723343178 0.3160657700075461 0.0506401781463901 0.06360987965209991
0.0 0.7980417396089949 0.3536674944977362 0.03188439854287983 0.029584111860735063
0.0 0.7994013825810897 0.40492861970650373 0.036834598425273146 0.04882545453432591
0.0 0.7419929493167872 0.44666575094812544 0.023309313298582435 0.0268331567265489
0.0 0.6574756511486212 0.3398163271989948 0.022077484736584774 0.02256690743491352
0.0 0.6385578919644591 0.3966759788153901 0.027622602259435025 0.030657022989072802
0.0 0.6598441238148218 0.4813107128755487 0.026722560969270948 0.024079678398296334
0.0 0.5555262710386577 0.49383627842582833 0.024018659111056717 0.026563657142365527
0.0 0.5792435572742208 0.43166923082673586 0.02478138659479945 0.02008292869084427
0.0 0.5585933462754852 0.4202713965609015 0.015066015326118398 0.021771106293221376
0.0 0.4975046481301145 0.419661278525652 0.05492108207651575 0.08692932654721097
0.0 0.4509517905183512 0.37499662596447314 0.05037704777776708 0.07245001147239027
0.0 0.46258456045718643 0.41775447342304833 0.014804773951356709 0.019503231855311998
0.0 0.41649805207341095 0.47793588459953523 0.06050813845343328 0.08772004048050774
0.0 0.2756146159302481 0.5832715411199576 0.07690702427548679 0.10079085195392612
0.0 0.1792263281504308 0.5477153195966131 0.06020495822460409 0.09275156766346093
0.0 0.19422376821386425 0.6230954980434154 0.04532008455283515 0.06563112653347514
0.0 0.026796079264988046 0.7351598129891889 0.024693676471925136 0.023029639297607707
0.0 0.8783447929023507 0.36549747614549655 0.022418825831759026 0.032451991147496695
