0.0 0.18388029376369946 0.43071074902465895 0.03575487481917253 0.03328046826707176
0.0 0.18243943270474602 0.461768659094007 0.012080494870819192 0.013612270355452982
0.0 0.19169935492034068 0.4769259183984856 0.0212206346655108 0.019217543647143565
0.0 0.20703816764803684 0.4712485400933651 0.011325323624336109 0.009675719256268867
0.0 0.3689112159394258 0.46921908022762615 0.05871652859601434 0.06784826706210018
0.0 0.3804447801786196 0.43267042052586996 0.07012561983383842 0.090510016667811
0.0 0.4245673117932117 0.4659780564724133 0.06795650198615494 0.08798741216982747
0.0 0.419429216650987 0.3757337921285384 0.05579792227844105 0.11600848171289202
0.0 0.441932161984142 0.4113254938344888 0.0525878832126605 0.08693500273348709
0.0 0.4634462506910666 0.4583520005840034 0.05229294266645185 0.07326648391759127
0.0 0.4842772159113544 0.44924539258289925 0.05678152507037887 0.07804963853010172
0.0 0.49109458407461304 0.3349067118386332 0.03180797556177989 0.051190826886568896
0.0 0.5097202695256342 0.48380438230160094 0.033954152020136075 0.041671943885021656
0.0 0.48222879529650253 0.49088382590132174 0.039337939268056565 0.03438912616385498
0.0 0.4960133554532571 0.521042167334535 0.03591897234246533 0.054005705949487115
0.0 0.5153080293629538 0.4278227598810387 0.05295859342853543 0.07840963225014297
0.0 0.5365146515923964 0.45795845789342937 0.032684799256584185 0.05701646368557467
0.0 0.536715842372967 0.3980689237506623 0.08791465929548048 0.13304312165046023
0.0 0.5749867011765138 0.4008527689947134 0.05192454761780496 0.062352403801658074
0.0 0.5745737371245192 0.4332725327665113 0.014083200027981801 0.014849087770298697
0.0 0.6165915441146804 0.4478179823464839 0.041797367327492285 0.0894591506762894
0.0 0.7118912551606236 0.43592482758033624 0.0340723667647741 0.038314206568375364
0.0 0.7247847340508446 0.46762150088972226 0.0240462127006833 0.03582910104402037
0.0 0.8955581842393748 0.44679627992998616 0.06313740936841428 0.06119323279176381
0.0 0.9094824257830235 0.35495824636930406 0.07308204089192705 0.1000648551981681
0.0 0.9335688596993936 0.4062424979580108 0.013571333678141229 0.01469070807075823
0.0 0.9935107808222461 0.3510726189697732 0.012978438355507826 0.05226198580972352
