0.0 0.32874503968253965 0.5147156084656085 0.03149801587301587 0.07572751322751325
0.0 0.3523065476190476 0.49189814814814814 0.014632936507936511 0.07837301587301582
0.0 0.3826884920634921 0.5183531746031746 0.045138888888888895 0.053902116402116396
0.0 0.40910218253968256 0.533068783068783 0.015625 0.029100529100529182
0.0 0.33568948412698413 0.5773809523809523 0.017609126984126977 0.030423280423280352
0.0 0.2569444444444444 0.5031415343915344 0.03472222222222221 0.07043650793650791
0.0 0.22693452380952378 0.5251322751322751 0.027777777777777762 0.09589947089947093
0.0 0.2065972222222222 0.5424933862433862 0.017361111111111105 0.04728835978835977
0.0 0.18167162698412698 0.52744708994709 0.029513888888888895 0.08862433862433872
0.0 0.15426587301587302 0.515542328042328 0.02182539682539683 0.031084656084656048
0.0 0.11520337301587301 0.4971891534391535 0.022073412698412703 0.04794973544973535
0.0 0.05022321428571429 0.5190145502645502 0.03695436507936509 0.05985449735449733
0.0 0.020461309523809524 0.49057539682539686 0.02008928571428572 0.03207671957671954
0.0 0.033110119047619055 0.4492394179894181 0.016617063492063495 0.015542328042328024
0.0 0.01488095238095238 0.5476190476190477 0.02976190476190476 0.03439153439153442
0.0 0.5906498015873016 0.5486111111111112 0.024553571428571397 0.060846560846560815
0.0 0.6103670634920635 0.5112433862433863 0.014880952380952328 0.07275132275132279
0.0 0.6278521825396826 0.49404761904761907 0.016121031746031744 0.03174603174603163
0.0 0.6215277777777778 0.5929232804232805 0.021329365079365115 0.04298941798941802
0.0 0.6319444444444444 0.5573743386243386 0.016865079365079416 0.02546296296296291
0.0 0.64422123015873 0.607473544973545 0.017113095238095233 0.036375661375661394
0.0 0.7831101190476191 0.4828042328042328 0.027033730158730118 0.05687830687830697
0.0 0.8173363095238095 0.53505291005291 0.021081349206349187 0.046957671957671976
