0.0 0.9090819054065683 0.26637809001070983 0.03879388305928444 0.03655998129734753
0.0 0.8537309698391121 0.18361448671383374 0.03576175400301729 0.044561973065192995
0.0 0.8174946284218648 0.27239378343622667 0.035460642050179736 0.035460642050179736
0.0 0.7712388444253587 0.19581404044768425 0.04843553041873383 0.07070685404531724
0.0 0.8378163090778307 0.2596437740537601 0.019570249492331104 0.02985973639579828
0.0 0.8174283955407429 0.34095619843997066 0.061308512338342225 0.07207185719131115
0.0 0.7879573514138141 0.2745198806518684 0.05622635080707716 0.08695942353190642
0.0 0.7730968631067746 0.3522173895539656 0.0834925928285084 0.12295819062272761
0.0 0.7156728624587392 0.30799161176325707 0.04131097624079527 0.056474430624852134
0.0 0.6876327179067141 0.27288977630047534 0.03658689037739482 0.040513141958980925
0.0 0.6422931913502736 0.3315210614153304 0.09006941562009618 0.14781239146652647
0.0 0.6903978923608045 0.44019337518986246 0.044160528168278756 0.052013031331451076
0.0 0.6594880282113363 0.4244050855872173 0.017607966286874 0.023091179702537157
0.0 0.6322115620452697 0.42421762117252604 0.041858707627146274 0.04585265320151821
0.0 0.6465294875985795 0.40090434330646985 0.0327699602866689 0.03385306417124451
0.0 0.5939720952221201 0.354625527431785 0.021616462053166807 0.040976943989953496
0.0 0.5271253722704721 0.41273450157592323 0.10584644198651239 0.17354043477247993
0.0 0.460266121477189 0.43769726616570226 0.01976563508206064 0.023082640728573134
0.0 0.41229658366582 0.31822891202660686 0.07954431945278295 0.10689269253831385
0.0 0.2182358254269095 0.4857150894995827 0.0590451171800474 0.056201969483036796
0.0 0.1838418836726068 0.5026583065206169 0.022866975075679086 0.031667194137854904
0.0 0.16396001746349184 0.5304944982287967 0.031955722416156185 0.043666783168128664
0.0 0.14129960710071818 0.46942757809210556 0.05453630395702502 0.053994752014737246
0.0 0.3086676978676548 0.4675370886855052 0.04990322603870534 0.06614978430733764
0.0 0.2836938941006541 0.36176342593874955 0.018978924090521043 0.017421962256443768
0.0 0.11471283349055589 0.5115705162304192 0.013644974493121131 0.019263575894356455
