0.0 0.5991598774934495 0.37606571737791317 0.07791142954512742 0.05314851186421221
0.0 0.6344014046020775 0.432461335546949 0.0359880710484779 0.03280751281423189
0.0 0.5923408222121836 0.4296176454176806 0.07022032440541381 0.0619281547232724
0.0 0.5711143581094666 0.509901950357345 0.024134826171466894 0.021692611813028007
0.0 0.5880966893495669 0.4987215609436533 0.008462168649459367 0.009825265035564856
0.0 0.4487174063952035 0.5536139999088315 0.01522765636685075 0.017101913897745513
0.0 0.5130184856576239 0.6136817772411213 0.019804418702085935 0.013613689281857022
0.0 0.5008377029669216 0.6310123770490546 0.05260986764027331 0.03534398008293804
0.0 0.47702241488110003 0.6448231477053848 0.06292260585275689 0.04440721327482522
0.0 0.46505989413561727 0.6938920056233099 0.062006796258393115 0.04434333892177711
0.0 0.3825421338755178 0.6975814885103714 0.012399854813403777 0.012854220275438921
0.0 0.4312012668139596 0.7581938119030097 0.06039048809668002 0.045850793311555504
0.0 0.3826261228456975 0.7644964014535129 0.015244321104562586 0.012404536966843072
0.0 0.4401185770873443 0.797580148729603 0.014250424376428206 0.012092188431761297
0.0 0.4221807274043745 0.7701017331465957 0.01569389353288858 0.014785162608818458
0.0 0.4347749898747222 0.7838882059935705 0.006199927406701999 0.006427110137719572
0.0 0.3189782519130578 0.9809244372349284 0.012906278364619328 0.012565504268092997
0.0 0.28681726059681234 0.9622173598621929 0.01702594608015473 0.02662441646564706
