0.0 0.010310240720039138 0.6054388818254116 0.020620481440078275 0.07279646451359789
0.0 0.027416150238240428 0.5772641647128836 0.0545468240675257 0.05026510099160675
0.0 0.08216133146719387 0.539927951564945 0.0636924334698214 0.10349140042139515
0.0 0.13520920019458227 0.5566010547927249 0.027273711750413154 0.05787750291599736
0.0 0.07118159254446312 0.42945397236896093 0.015041552843280487 0.025500187897574134
0.0 0.10892897264565946 0.4305985805008479 0.011023458901711358 0.014603260161905829
0.0 0.14259581951277794 0.4670251092015444 0.07660950155240065 0.0865065991541148
0.0 0.3798498431640558 0.48746263522190014 0.05199390580996427 0.07017368083722642
0.0 0.4098016514736979 0.46140438669407796 0.05085316473900259 0.04650124948151124
0.0 0.39719541871038727 0.4302927641910716 0.04890183666317627 0.05957104826218729
0.0 0.5239907961788207 0.4715608373634096 0.028900605213193487 0.03767462790974846
0.0 0.5302449538889813 0.4115719858824568 0.07670385983001415 0.10688649790616367
0.0 0.5893323639558995 0.3531444291286001 0.027838462738392966 0.027347117467385884
0.0 0.5819474054976285 0.3149358432088135 0.01987043360081442 0.021484853776980506
0.0 0.5901984095624975 0.3777916077097721 0.032050193443839636 0.044965554853168554
0.0 0.6091925575172126 0.39531818335198554 0.05885291305058604 0.08826343712943857
0.0 0.658219172859856 0.32875962672295234 0.009370166095777233 0.008527859916907798
0.0 0.6756075068640941 0.39256314905652007 0.03536721890630945 0.054529684475585705
0.0 0.7080082345474833 0.42554041105925927 0.009218488545405634 0.013289635076607187
0.0 0.7278133691292635 0.45096567699410384 0.01928972312028221 0.023150293106766417
0.0 0.7401206674727312 0.3854280300113278 0.0072931601905330545 0.008977772548271479
0.0 0.8305886219617442 0.36211449349642527 0.034655510765508435 0.033953588949784064
0.0 0.7108884471446163 0.4404847823281195 0.01278135002476044 0.016641920011244482
0.0 0.7389125669006105 0.44471948964661295 0.009762559643282764 0.009762559643282764
0.0 0.9007443098704054 0.36043630820948735 0.0651727694019808 0.07584198100099182
