0.0 0.008336465872738494 0.6302382203451562 0.016672931745476988 0.07325719491252869
0.0 0.25475058404684037 0.6595829056572875 0.07596967827616255 0.08986379419386159
0.0 0.2556959322404115 0.5947485639161286 0.04419598944555356 0.05315288807174334
0.0 0.35967347102582997 0.6404298794206077 0.02563867418793675 0.032498347769945424
0.0 0.3700888795682796 0.6175669970779565 0.09168576609070156 0.09688513651273356
0.0 0.5372343499089733 0.5459604995707715 0.044056750668778344 0.055198258715990045
0.0 0.5912943467042089 0.47132751414718915 0.06908846665445767 0.07918136217957883
0.0 0.6474525646377018 0.46678551427307635 0.03436908756619217 0.04677766907759645
0.0 0.7039686539277509 0.4659249758911625 0.07108342346419572 0.08576399877346275
0.0 0.7354965477828622 0.4506256435337165 0.0721363576825631 0.0990070535611321
0.0 0.760802318429824 0.5094675012791813 0.023582808846358883 0.022708965077950116
0.0 0.7962668309390514 0.5064692011180341 0.0689927146964271 0.0928923417624064
0.0 0.8064984165959137 0.47528779200175614 0.0406194029961322 0.052372601681229924
0.0 0.8448204809712468 0.4851452845638726 0.07570642785557213 0.094756222006883
0.0 0.8353406462077498 0.4302182331103107 0.07217991196530171 0.07785989645995856
0.0 0.7891942840612705 0.4041465479950944 0.019421007604052076 0.019246238850370412
0.0 0.9072562779263877 0.4234870277963825 0.08230703480758561 0.08597717863490234
0.0 0.9218520067143072 0.3782382420381436 0.020252051104432178 0.025495113714884776
0.0 0.918916023407275 0.4591030223996557 0.018056946986079403 0.01775110166713617
