0.0 0.4598892268062435 0.13814915379982037 0.04576059337710603 0.04412738490786111
0.0 0.3871760038640952 0.1663703736613612 0.04648904097986828 0.046796278216656884
0.0 0.33991136930892796 0.26406324170792095 0.09488765537365546 0.08927653320704149
0.0 0.35727474221759675 0.32707610039840057 0.05495644668427191 0.04795467176166712
0.0 0.36609721715398186 0.36518721238755436 0.08893089641718277 0.0864568281419899
0.0 0.4244745760696322 0.33445487530484835 0.09254718785650218 0.0924663359520842
0.0 0.4724931060265852 0.36381829612304506 0.11958348635830396 0.10690590774555092
0.0 0.5101753872516128 0.4071821728453904 0.08642517538687555 0.08315875844838566
0.0 0.5450875609696314 0.3781231001003318 0.02737873819802239 0.026554048772958028
0.0 0.4738676673477876 0.45869035949645987 0.06127250372450188 0.057068204694762314
0.0 0.34196836714086476 0.43978102680390757 0.06324486233998283 0.06203208377371183
0.0 0.5044980955147931 0.46768221060843523 0.03974208983640393 0.03655652480233207
0.0 0.4783638024749239 0.5043628446473402 0.03838377784218061 0.03791483679655577
0.0 0.50838109146477 0.5301738205850726 0.04866036988357647 0.046606731511357524
0.0 0.6010010537088034 0.5200773519469903 0.12343066099529798 0.11466631455637938
0.0 0.5778862153224484 0.5905801055536906 0.07252632557120375 0.06888798987239086
0.0 0.5549062791984487 0.5620994942873219 0.037377756979424914 0.04146886334297939
0.0 0.5302191258584805 0.549410741882835 0.018636603716583933 0.01760169934003275
0.0 0.5403286076706731 0.5279158138815409 0.03733987773502134 0.03499517250689732
0.0 0.649979853123918 0.5688159714804193 0.10713452479586716 0.09387481247130391
0.0 0.5955585831203729 0.6147514837086996 0.0358292855148894 0.033533091429416184
0.0 0.6048582399987636 0.6509373906109577 0.08249343144315913 0.07689847965742891
0.0 0.6572498784836471 0.5968664171379516 0.07549769809715101 0.06619972908907323
0.0 0.7324677662319564 0.5714014404217456 0.03979682746834445 0.037209566526966276
0.0 0.7930665789185896 0.6237149831697941 0.04256326337110816 0.04010536547679899
0.0 0.7670951077466892 0.6612227139167148 0.05024956507547451 0.046999318517868094
0.0 0.7345747622158196 0.6489730776976794 0.02330172098068639 0.02157149022613991
0.0 0.7088504637299783 0.7542425503697754 0.1284291297686666 0.1175949745766457
0.0 0.71504360028695 0.8088978341633989 0.053137408912032 0.05033993301916673
0.0 0.7811493690031464 0.7603410506873316 0.08590971197691877 0.08353266598702769
0.0 0.791427050771059 0.720854105715973 0.08070526596303396 0.08165931843516716
0.0 0.8368699974201685 0.6883871463951142 0.07980663912949404 0.07746193390137024
0.0 0.7617896493662111 0.8250923710737703 0.05847131042933229 0.06128495670308087
