0.0 0.012772817460317462 0.4327050264550265 0.008184523809523812 0.01091269841269843
0.0 0.005084325396825397 0.4905753968253968 0.010168650793650794 0.017526455026455
0.0 0.034350198412698416 0.48478835978835977 0.04786706349206349 0.0714285714285714
0.0 0.07601686507936507 0.44593253968253965 0.023561507936507936 0.0400132275132275
0.0 0.10925099206349206 0.4808201058201058 0.017609126984126977 0.02843915343915343
0.0 0.1205357142857143 0.45353835978835977 0.03273809523809525 0.026124338624338606
0.0 0.17956349206349204 0.4708994708994708 0.06845238095238096 0.055555555555555525
0.0 0.3368055555555556 0.46742724867724866 0.03869047619047622 0.08101851851851849
0.0 0.40451388888888895 0.47867063492063494 0.0406746031746032 0.107473544973545
0.0 0.41257440476190477 0.4203042328042328 0.017113095238095233 0.013227513227513255
0.0 0.4343998015873016 0.4794973544973544 0.024553571428571452 0.09854497354497349
0.0 0.4410962301587302 0.5522486772486772 0.02256944444444442 0.045634920634920584
0.0 0.47668650793650796 0.5360449735449735 0.04662698412698407 0.10383597883597884
0.0 0.5290178571428572 0.4356812169312169 0.019841269841269882 0.018187830687830697
0.0 0.5519593253968254 0.4869378306878307 0.036954365079365115 0.08366402116402116
0.0 0.5525793650793651 0.5608465608465609 0.034226190476190466 0.0985449735449736
0.0 0.5349702380952381 0.3874007936507937 0.014384920634920584 0.012896825396825407
0.0 0.5234375 0.37136243386243384 0.011160714285714302 0.01785714285714285
0.0 0.5589037698412699 0.396494708994709 0.026537698412698374 0.029761904761904767
0.0 0.5979662698412698 0.4416335978835979 0.011408730158730118 0.019510582010582034
0.0 0.6470734126984126 0.4836309523809524 0.03373015873015872 0.03802910052910058
0.0 0.6474454365079365 0.5355489417989419 0.03298611111111116 0.06514550264550267
0.0 0.7925347222222221 0.484457671957672 0.030009920634920584 0.0443121693121693
0.0 0.9224950396825395 0.4869378306878307 0.02504960317460314 0.04199735449735448
