0.0 0.9885110294117647 0.6055964052287581 0.022977941176470562 0.06495098039215685
0.0 0.9545036764705883 0.6227532679738561 0.042585784313725505 0.03635620915032678
0.0 0.8944546568627452 0.6407271241830066 0.034007352941176516 0.09191176470588236
0.0 0.8514093137254902 0.610498366013072 0.009803921568627416 0.05433006535947715
0.0 0.872702205882353 0.7434640522875817 0.007659313725490224 0.022875816993464082
0.0 0.8390012254901961 0.7316176470588235 0.007046568627451011 0.01225490196078427
0.0 0.8190870098039216 0.6891339869281046 0.05422794117647056 0.06862745098039214
0.0 0.6110600490196079 0.6027369281045751 0.03278186274509798 0.05923202614379086
0.0 0.5765931372549019 0.6176470588235294 0.03982843137254899 0.03349673202614378
0.0 0.5790441176470589 0.6493055555555556 0.03308823529411764 0.04861111111111116
0.0 0.47656250000000006 0.5757761437908497 0.018688725490196068 0.03145424836601307
0.0 0.4537377450980392 0.6280637254901962 0.04718137254901955 0.09109477124183007
0.0 0.38373161764705893 0.6638071895424837 0.02113970588235292 0.020424836601307228
0.0 0.37944240196078427 0.7003676470588236 0.014399509803921573 0.016748366013071947
0.0 0.39001225490196073 0.6413398692810457 0.019607843137254943 0.03839869281045749
0.0 0.37791053921568624 0.6200980392156863 0.034007352941176516 0.07679738562091509
0.0 0.3146446078431373 0.6660539215686274 0.007352941176470562 0.006127450980392135
0.0 0.317248774509804 0.6035539215686274 0.019914215686274495 0.047794117647058876
0.0 0.29748774509803927 0.5645424836601307 0.005514705882352922 0.011437908496731986
0.0 0.2869178921568627 0.5359477124183007 0.013174019607843146 0.01879084967320266
0.0 0.257046568627451 0.5915032679738562 0.004901960784313708 0.007352941176470562
0.0 0.16881127450980393 0.5866013071895426 0.026348039215686292 0.025326797385620936
0.0 0.2991727941176471 0.5502450980392157 0.008272058823529438 0.01388888888888884
0.0 0.27512254901960786 0.5383986928104575 0.007352941176470562 0.007352941176470562
0.0 0.10508578431372556 0.5680147058823529 0.04534313725490191 0.06086601307189543
