0.0 0.33563234700831396 0.21994468547697285 0.06531645823198517 0.06225835861371226
0.0 0.3223184298512771 0.27674106475548965 0.057455499254451536 0.05144123667184802
0.0 0.35455992461533475 0.28533348660361163 0.04401706099257119 0.037391178486312904
0.0 0.3520921146061715 0.31986523125576755 0.12571636603086456 0.10030016031455113
0.0 0.4282539586132194 0.31168056312759485 0.039954092625101634 0.03499317546656977
0.0 0.39857072081725303 0.45102077320043954 0.05334887310817216 0.05202369660692052
0.0 0.4116289065472415 0.5096703382749647 0.11100226570547778 0.08776070860660301
0.0 0.450658228314065 0.5280310050271089 0.04102883026120663 0.037325131834631486
0.0 0.4630935593406908 0.49281691260607574 0.02047800624690721 0.018405294283410978
0.0 0.4664874378008903 0.5559351546690539 0.04944014030474653 0.036901931869827376
0.0 0.44651706445296546 0.588688725069529 0.08097112736437373 0.057763549150146254
0.0 0.42954699455842094 0.6167091113267735 0.01929842417840788 0.016648071175904722
0.0 0.3812642167297552 0.6501465094265417 0.07637533680567199 0.07199206068614705
0.0 0.3564491220514628 0.7053535479896946 0.026209885503425623 0.0253604133872386
0.0 0.4686020047624201 0.7188239194221719 0.07335204832475811 0.06115362873631325
0.0 0.46671096917533555 0.7453664112782687 0.03929873271857365 0.03036228605628699
0.0 0.5185828901873034 0.7314284450880599 0.020623641781691182 0.019434380819029595
0.0 0.4760095708255675 0.78383501453064 0.040970510284042194 0.030335119389381715
0.0 0.492273209089795 0.7993198890535856 0.04791399827406201 0.03795818507235116
0.0 0.5645434750766126 0.7775046616190558 0.061483738688625555 0.07595874354845145
0.0 0.5303808243057552 0.7740996992981535 0.06724748020201926 0.06537864154640782
0.0 0.41863427512042256 0.7519585451570222 0.02447692128437229 0.022981850359883316
0.0 0.4139314320882847 0.7730489145489732 0.041623003514149826 0.039550291550653704
0.0 0.5607693487920448 0.9290727039235867 0.1284483834422107 0.10908041919314826
0.0 0.6240018152842307 0.9335355001359135 0.037740564022886725 0.03250781578717521
0.0 0.6677609848599262 0.9135400225338718 0.04299187889624312 0.03935613823896289
0.0 0.6259220618845439 0.9615116747382804 0.09683902844481529 0.07697665052343927
0.0 0.6769694511155281 0.7734063299422316 0.027171014269749216 0.025574006691317486
0.0 0.7020649608827837 0.7913894854038912 0.01551796244311876 0.013615144902860088
0.0 0.32988213608799954 0.6345130138542824 0.022837170383906202 0.021919740498424156
0.0 0.47969503383721307 0.3545758004411645 0.03685511970037547 0.02822448299991598
0.0 0.47080852965212 0.3788849079686978 0.043772478786360036 0.044214204286777414
0.0 0.3621790112100354 0.15621821144208797 0.034889204388918515 0.030777759346573785
