0.0 0.39877680813256355 0.9318173854173317 0.03439407620638507 0.025708538394520808
0.0 0.42003824838600323 0.9083339606924532 0.07543169943573685 0.04365534158745343
0.0 0.4428323818507283 0.8604013561084437 0.039230396814149526 0.01649264742048895
0.0 0.4381013327993804 0.8741451424955391 0.022128919876167497 0.006664425723336254
0.0 0.5126897492678372 0.9154666008344876 0.04687539946530134 0.03465915522585006
0.0 0.4306904298296428 0.792258108897705 0.05402567012565035 0.03757257817309467
0.0 0.44728640308049694 0.7675059690146033 0.02485015918787198 0.014752338804973064
0.0 0.42265856528974866 0.7512192078177637 0.035286228419966426 0.02751867427927479
0.0 0.4219145033384417 0.7227009474969691 0.05775367159113459 0.036640047154164135
0.0 0.690307577430967 0.6329990705971326 0.00979181366647397 0.015087873307854549
0.0 0.609991060148589 0.6235602268286169 0.0797799731736829 0.0495571261535378
0.0 0.5667526634943079 0.6054603409549043 0.035217462455847226 0.034017022270467656
0.0 0.5246040678598785 0.5855077384582829 0.019924273238186685 0.01865321892425542
0.0 0.5536840176324462 0.5731159226409523 0.0404261586881125 0.027503773163143896
0.0 0.5859300628732549 0.5825660290970687 0.03431544120592467 0.022805338251990714
0.0 0.6487422178241424 0.5845859061794725 0.06801061013938725 0.038776360918966524
0.0 0.65888083186428 0.5485541610734235 0.06676475906886903 0.060056416856453576
0.0 0.5690166829954724 0.52240274872652 0.12252326582973694 0.06822100097344813
0.0 0.47956688051419316 0.5102033481460697 0.09836108357332685 0.0607943671838006
0.0 0.6104531050429924 0.4615164619892205 0.040878230618192846 0.026119877750878984
0.0 0.6185790974355538 0.45099438652116763 0.01877329403518402 0.010299598608975058
0.0 0.5933621864390466 0.42323512892909465 0.0666237259350031 0.02171314017609577
0.0 0.5951861256567101 0.3433715679977293 0.09638459551062428 0.0581117378355806
0.0 0.5319389835856274 0.3021105803051859 0.10708161434237773 0.06344208289740183
0.0 0.5714735207127182 0.29015778346623744 0.01793579352890451 0.020548516285318952
0.0 0.527300629074404 0.21584873397506832 0.06803034821207021 0.05757945718641244
0.0 0.5669081226689361 0.12341558371568762 0.07138703535817259 0.04695454687927014
0.0 0.6126461265354927 0.12458510246335142 0.03298320870884219 0.017801171070217836
0.0 0.6797122140093699 0.09451925099832192 0.02454442691725245 0.019530823790078755
