0.0 0.954375 0.415 0.03425 0.06933333333333336
0.0 0.74125 0.447 0.04300000000000004 0.053333333333333344
0.0 0.6645 0.48100000000000004 0.030000000000000027 0.10533333333333339
0.0 0.6327499999999999 0.5416666666666667 0.03149999999999997 0.09733333333333338
0.0 0.6224999999999999 0.4685 0.020499999999999963 0.059
0.0 0.56875 0.5568333333333333 0.014999999999999902 0.03433333333333333
0.0 0.5109999999999999 0.5201666666666667 0.018500000000000072 0.023666666666666614
0.0 0.469 0.5289999999999999 0.01849999999999996 0.033333333333333326
0.0 0.409375 0.5271666666666666 0.019750000000000045 0.04166666666666663
0.0 0.22049999999999997 0.5548333333333333 0.05500000000000005 0.04166666666666663
0.0 0.22300000000000003 0.589 0.05999999999999994 0.026666666666666616
0.0 0.11624999999999996 0.5286666666666666 0.022499999999999964 0.046666666666666634
0.0 0.14737500000000003 0.5530000000000002 0.03125 0.01866666666666672
0.0 0.15512499999999996 0.5826666666666667 0.011249999999999982 0.036666666666666625
0.0 0.1271250000000001 0.6215 0.010249999999999981 0.013666666666666716
0.0 0.11149999999999999 0.6456666666666668 0.017000000000000015 0.05133333333333334
0.0 0.04625000000000001 0.5798333333333333 0.02849999999999997 0.07633333333333336
0.0 0.030000000000000027 0.615 0.022499999999999964 0.05066666666666664
0.0 0.011499999999999955 0.6558333333333334 0.022499999999999964 0.07499999999999996
0.0 0.082125 0.549 0.011249999999999982 0.016000000000000014
0.0 0.08950000000000002 0.5919999999999999 0.008499999999999952 0.011333333333333306
