0.0 0.4444444444444445 0.0812251984126984 0.08201058201058198 0.034970238095238096
0.0 0.3872354497354497 0.10540674603174605 0.016534391534391513 0.01140873015873016
0.0 0.4128637566137566 0.19853670634920634 0.03339947089947093 0.013144841269841279
0.0 0.4543650793650793 0.2683531746031746 0.08664021164021163 0.042658730158730146
0.0 0.35796957671957674 0.35280257936507936 0.03935185185185186 0.018601190476190466
0.0 0.4705687830687831 0.37041170634920634 0.08862433862433872 0.04340277777777779
0.0 0.45535714285714285 0.40811011904761907 0.04960317460317454 0.026041666666666685
0.0 0.4383267195767196 0.4851190476190476 0.04398148148148151 0.03670634920634919
0.0 0.5160383597883598 0.47705853174603174 0.107473544973545 0.035466269841269826
0.0 0.4515542328042328 0.5234375 0.0625 0.024057539682539653
0.0 0.3685515873015873 0.5437748015873016 0.04133597883597884 0.03546626984126988
0.0 0.3991402116402116 0.4487847222222222 0.03902116402116407 0.015625
0.0 0.5611772486772487 0.5966021825396826 0.06547619047619047 0.015625
0.0 0.5085978835978836 0.6516617063492063 0.033068783068783025 0.01810515873015872
0.0 0.34623015873015867 0.7093253968253967 0.03240740740740733 0.014384920634920584
0.0 0.5519179894179894 0.8461061507936508 0.0793650793650793 0.030505952380952328
0.0 0.5269510582010583 0.8821924603174605 0.034060846560846514 0.025793650793650813
0.0 0.5231481481481481 0.9913194444444444 0.05291005291005302 0.016865079365079416
