0.0 0.02976190476190476 0.3839285714285715 0.05952380952380952 0.08796296296296297
0.0 0.07998511904761904 0.3650793650793651 0.030505952380952384 0.08399470899470901
0.0 0.09833829365079363 0.40327380952380953 0.029017857142857137 0.031415343915343896
0.0 0.11334325396825397 0.3822751322751322 0.009920634920634913 0.011243386243386222
0.0 0.1232638888888889 0.34589947089947093 0.04662698412698413 0.03306878306878308
0.0 0.11185515873015874 0.45453042328042326 0.00843253968253968 0.014880952380952384
0.0 0.12115575396825395 0.4722222222222222 0.01264880952380952 0.019179894179894186
0.0 0.016865079365079364 0.5858134920634921 0.03373015873015873 0.04530423280423279
0.0 0.10850694444444445 0.5973875661375662 0.02604166666666667 0.03339947089947093
0.0 0.13194444444444442 0.42146164021164023 0.010416666666666657 0.014219576719576743
0.0 0.17348710317460317 0.3265542328042328 0.014632936507936511 0.01686507936507936
0.0 0.21788194444444445 0.41021825396825395 0.031001984126984128 0.0406746031746032
0.0 0.28794642857142855 0.4439484126984127 0.06150793650793651 0.05654761904761907
0.0 0.2912946428571429 0.4983465608465608 0.02653769841269843 0.05158730158730157
0.0 0.34375 0.4451058201058201 0.06150793650793651 0.1157407407407407
0.0 0.5243055555555556 0.4661044973544974 0.04613095238095244 0.07638888888888895
0.0 0.49590773809523814 0.4699074074074074 0.01860119047619052 0.027116402116402094
0.0 0.5112847222222222 0.5110780423280423 0.04141865079365076 0.05456349206349209
0.0 0.5536954365079365 0.519510582010582 0.017113095238095233 0.04828042328042326
0.0 0.5856894841269841 0.5046296296296297 0.027529761904761862 0.059523809523809534
0.0 0.5169890873015873 0.3955026455026455 0.05233134920634924 0.06547619047619047
0.0 0.6199156746031746 0.5064484126984127 0.030505952380952328 0.07771164021164023
0.0 0.6650545634920635 0.41369047619047616 0.027529761904761862 0.025793650793650813
0.0 0.677703373015873 0.38938492063492064 0.013144841269841279 0.01620370370370372
0.0 0.6753472222222221 0.4583333333333333 0.015376984126984072 0.027116402116402094
0.0 0.7114335317460319 0.478505291005291 0.04141865079365081 0.06415343915343918
0.0 0.7204861111111112 0.5077711640211641 0.016369047619047672 0.0625
0.0 0.7437996031746033 0.5009920634920635 0.015873015873015928 0.02976190476190471
0.0 0.7173859126984126 0.3802910052910053 0.016121031746031744 0.029761904761904767
0.0 0.7490079365079365 0.3935185185185186 0.03224206349206349 0.03505291005291006
0.0 0.7643849206349206 0.4515542328042328 0.03125 0.03472222222222221
0.0 0.7806299603174602 0.4105489417989418 0.031001984126984072 0.04530423280423279
0.0 0.8079117063492063 0.40674603174603174 0.024057539682539653 0.05886243386243384
0.0 0.7771577380952381 0.4971891534391535 0.014632936507936511 0.028108465608465638
0.0 0.8196924603174603 0.4952050264550264 0.011904761904761862 0.01223544973544971
0.0 0.8809523809523809 0.41154100529100524 0.04761904761904756 0.1207010582010582
0.0 0.8260168650793651 0.32423941798941797 0.00868055555555558 0.014219576719576743
0.0 0.8785962301587301 0.33630952380952384 0.05481150793650791 0.02910052910052907
0.0 0.9766865079365079 0.3258928571428571 0.02777777777777779 0.027447089947089942
0.0 0.9595734126984127 0.4097222222222222 0.04513888888888884 0.09920634920634919
0.0 0.9249751984126984 0.45287698412698413 0.03993055555555558 0.10152116402116407
0.0 0.9609375 0.35317460317460314 0.028025793650793607 0.02843915343915343
0.0 0.93390376984127 0.3680555555555556 0.015128968253968256 0.016534391534391513
0.0 0.9904513888888888 0.49123677248677255 0.018601190476190466 0.05522486772486773
0.0 0.7321428571428571 0.5396825396825398 0.004960317460317443 0.008597883597883604
0.0 0.7373511904761905 0.26769179894179895 0.009920634920634885 0.009589947089947093
