0.0 0.9623053251009874 0.5479668026977842 0.05212750049744841 0.13795029353992805
0.0 0.9137791735262838 0.56319353046014 0.05716191023357253 0.14259741630383865
0.0 0.8685066667494601 0.5088134464870506 0.053477023171160765 0.07051764994854837
0.0 0.9029854009991285 0.4259715525894535 0.021453503835575205 0.023312481302199373
0.0 0.8672719639457428 0.43154944769727477 0.03637549888150016 0.03823447634812427
0.0 0.6800195738941992 0.5351896877801163 0.028598668875797317 0.0406820224088541
0.0 0.6718382197404302 0.5797355188893301 0.02041332461484313 0.040784619353265494
0.0 0.6592654848206584 0.6482042689831864 0.03560982550752234 0.07062056779560966
0.0 0.6182382408043954 0.49137522091531577 0.05849460401596829 0.11124308963142726
0.0 0.5850511522519157 0.4379881470733278 0.02474375597507006 0.0387635443691936
0.0 0.6086689868999099 0.4242331616988857 0.025081726555294726 0.025546470921950615
0.0 0.6035142924071147 0.40066016721090447 0.012542633013036486 0.02369649781278116
0.0 0.4716615234073349 0.5406623996390643 0.030139454212495365 0.03416723872351424
0.0 0.4188177792565355 0.5439001687119444 0.02866567308004575 0.03439752026880338
0.0 0.3384977480862363 0.5843510977772527 0.023089330591969826 0.04361554011927771
0.0 0.3244423669519497 0.5663508544130662 0.012525214209923696 0.056133727281147405
0.0 0.34707167247163473 0.49556240331068274 0.022754309570727438 0.07503805081953041
0.0 0.30788513506142673 0.59595748401807 0.02095761701398058 0.04148382654128846
0.0 0.2827848098794264 0.592905606966873 0.023267615195434965 0.02442947611207502
0.0 0.29392302561144745 0.5619262924475885 0.01583052550534564 0.024583211077367495
0.0 0.27066042466628193 0.5521507379001256 0.029847529562628095 0.051690514795461495
0.0 0.22075273950035196 0.6279241737888221 0.03531141182789477 0.0480918819109355
0.0 0.15860274401179178 0.6206696537652815 0.03236502938658842 0.055834619902717764
0.0 0.09831512618524463 0.6649954912972593 0.014652798405338063 0.032777828704923184
0.0 0.011984068558612782 0.6717347611969301 0.023968137117225563 0.055374377714789036
0.0 0.3153121798458579 0.5184501785007976 0.0134254859041949 0.014819719004162901
0.0 0.5180506686030006 0.7015331163211043 0.0244704299519084 0.031131765873978146
0.0 0.5745406277833096 0.5844456721554232 0.014470384419298266 0.02647628055791218
0.0 0.5625412466212073 0.5418617363598947 0.011452868391168769 0.015015908535531475
