0.0 0.15119485294117646 0.3022875816993465 0.027267156862745084 0.037581699346405206
0.0 0.12637867647058823 0.37867647058823534 0.034620098039215674 0.0326797385620915
0.0 0.17356004901960784 0.4799836601307189 0.04871323529411764 0.08415032679738554
0.0 0.23514093137254902 0.5071486928104575 0.015012254901960786 0.05923202614379086
0.0 0.2712928921568628 0.5249183006535948 0.055453431372549045 0.07107843137254899
0.0 0.2847732843137255 0.45833333333333337 0.06648284313725489 0.06699346405228757
0.0 0.3394607843137255 0.43913398692810457 0.041666666666666685 0.12173202614379086
0.0 0.3985906862745098 0.43729575163398693 0.05085784313725489 0.07148692810457513
0.0 0.3981311274509804 0.39052287581699335 0.016850490196078427 0.022058823529411797
0.0 0.41605392156862747 0.49979575163398693 0.02941176470588236 0.05596405228758172
0.0 0.3151041666666667 0.5927287581699346 0.04136029411764708 0.0490196078431373
0.0 0.44316789215686275 0.4812091503267974 0.01746323529411764 0.037581699346405206
0.0 0.4554227941176471 0.5259395424836601 0.026041666666666685 0.029003267973856328
0.0 0.49555759803921573 0.5187908496732025 0.027879901960784326 0.040849673202614345
0.0 0.5477941176470589 0.4383169934640523 0.058210784313725505 0.11356209150326801
0.0 0.5890012254901961 0.5026552287581699 0.03952205882352944 0.0625
0.0 0.5513174019607843 0.5024509803921569 0.04136029411764708 0.015522875816993409
0.0 0.5251225490196079 0.5138888888888888 0.009803921568627416 0.016339869281045805
0.0 0.5145526960784312 0.4918300653594771 0.018688725490196068 0.03349673202614378
0.0 0.6185661764705883 0.4309640522875817 0.030637254901960786 0.1143790849673203
0.0 0.6197916666666666 0.5042892156862744 0.017769607843137303 0.032271241830065356
0.0 0.6547181372549019 0.5204248366013071 0.03982843137254899 0.07516339869281052
0.0 0.6456801470588235 0.443423202614379 0.021752450980392135 0.08047385620915037
0.0 0.6743259803921569 0.3668300653594772 0.019607843137254943 0.03594771241830064
0.0 0.755514705882353 0.3525326797385621 0.022058823529411797 0.037581699346405206
0.0 0.7685355392156863 0.39767156862745107 0.024816176470588203 0.04534313725490191
0.0 0.7375919117647058 0.4156454248366012 0.010723039215686292 0.021650326797385655
0.0 0.8048406862745099 0.5046977124183006 0.054534313725490224 0.12295751633986929
0.0 0.8524816176470589 0.5353349673202614 0.028492647058823484 0.046160130718954306
0.0 0.8567708333333333 0.4509803921568627 0.05361519607843135 0.06862745098039214
0.0 0.8319546568627452 0.41707516339869277 0.061580882352941235 0.05555555555555558
0.0 0.8356311274509803 0.35968137254901966 0.049325980392156854 0.06413398692810457
0.0 0.8958333333333335 0.508578431372549 0.05208333333333337 0.03431372549019607
