0.0 0.1694879048637621 0.12995424917738213 0.06126897552113092 0.06654357744690986
0.0 0.46188883892311294 0.3657144169901951 0.03222011229551858 0.03381637340463595
0.0 0.46663630985827137 0.3974789212376548 0.0815967271879342 0.08704483575600841
0.0 0.49543430107209424 0.36085261189096723 0.024625545289118755 0.024960991464223037
0.0 0.5366183459173517 0.3568272577897148 0.08521118968742136 0.0931346596855761
0.0 0.5456542666773138 0.3875453597421786 0.08505099348087852 0.09140133658888883
0.0 0.5862536483536602 0.39892975696100524 0.06677064962925505 0.07039115489848502
0.0 0.5706158354437247 0.4711877219829318 0.10479942970194722 0.10881321669371341
0.0 0.5377511777364559 0.44939967876073933 0.00880914293856172 0.009179290442125287
0.0 0.6001623288742026 0.5085332150869377 0.09755734144769279 0.10623267356246086
0.0 0.6737217466036682 0.3761331134572347 0.040516698019770314 0.04114132193203357
0.0 0.6552163862733029 0.6036311205297019 0.11914245083207131 0.13080209719431957
0.0 0.7610887066793262 0.6325308067921643 0.026427428815685605 0.027537871326375862
0.0 0.7655385866151359 0.6505548426005383 0.021061856723714967 0.021779017511868837
