0.0 0.9400440042947296 0.3859516109437992 0.011597353951296574 0.012935783357156838
0.0 0.9556796060126245 0.4361478710425365 0.01598432787549997 0.01959403142463817
0.0 0.9288215247507394 0.435467104248062 0.07084664604200663 0.08240580909261791
0.0 0.8859213145370874 0.40732193491883756 0.036799892700946524 0.044871027602952474
0.0 0.8617339084177956 0.44334894189479 0.026921250466741764 0.03223440962333862
0.0 0.8475635409391771 0.42085129850392977 0.039430983183767365 0.036186305836227506
0.0 0.7978126630073685 0.4452487307891491 0.08281660362311571 0.07648948279541279
0.0 0.6577128335892992 0.46610785565687585 0.06650877019921497 0.08727470522347147
0.0 0.5993254592942776 0.48639674618680034 0.07877321501559054 0.11154445622574516
0.0 0.5832841178020924 0.4358168415853903 0.0204415685427064 0.018535320601026695
0.0 0.5729240064891846 0.4916808854884185 0.0609190069795944 0.0972188348051986
0.0 0.5780569914072398 0.5572759715218719 0.038151267640322284 0.049467079889868204
0.0 0.5439992376053702 0.5483120978884825 0.08261246289912993 0.1106789219553514
0.0 0.4822678568756773 0.4671950374880524 0.024832517919283648 0.024021348582398572
0.0 0.46970871301448214 0.5161844094292549 0.0660180931447103 0.08893362691171192
0.0 0.48041144359293064 0.5818816629791852 0.06950461466030555 0.10105910186513267
0.0 0.46963339415365807 0.42524666947787815 0.017888695707636404 0.017158643304439947
0.0 0.47742813452000804 0.4092547694139769 0.016996194203775628 0.020281430018160074
0.0 0.44977412713338316 0.4369626458711726 0.03537159151354313 0.036953371720468864
0.0 0.4219741733084277 0.48297633747102275 0.017872793898141504 0.021847523648878153
0.0 0.38478007685906906 0.5277309040150194 0.045038040865810536 0.04714708114171162
0.0 0.3923547163785505 0.5738709797650899 0.055143486391724506 0.0709207299941379
0.0 0.25579161945881046 0.5506121572798757 0.0442304165147247 0.05124703127878005
0.0 0.14081389570723446 0.5726009078435846 0.03890850251027324 0.047222988213344586
