0.0 0.554148974864039 0.6892170744059298 0.07691680044390226 0.06110591328910964
0.0 0.5785460121221826 0.628836266587083 0.03724060858880529 0.03520985244048347
0.0 0.5384662611582376 0.6387310484823111 0.07223177658698487 0.06693730520028818
0.0 0.5043432225339387 0.5649142136385201 0.024910712849137095 0.02335138223524691
0.0 0.5226222225585228 0.5728087921907651 0.009194329624008235 0.01006465368757481
0.0 0.3788701924093111 0.5435715863009516 0.0164252178120724 0.017621913399476385
0.0 0.4306678798911789 0.4747078194632835 0.019573110527253856 0.015620388738555646
0.0 0.4159736720445327 0.4600654708523667 0.05182532179472854 0.04080121698955197
0.0 0.3906576626555748 0.45079607820481793 0.06242689600678519 0.050604994143339244
0.0 0.37077691737782953 0.40550817103336495 0.061639054112503144 0.050361104788786526
0.0 0.2905692246414049 0.4159820122357428 0.013152815418831953 0.013442923440020849
0.0 0.3271891868535988 0.3492529668919198 0.0605844893869536 0.05130103270891018
0.0 0.27927147160734467 0.3514348458961038 0.0154654618553286 0.0136522867228982
0.0 0.3290914890400643 0.3097523285439402 0.014560060006880482 0.013182046906233369
0.0 0.3164648403944565 0.3393028677184162 0.01633926078084147 0.01575904473846368
0.0 0.3262664106954192 0.3238655339240768 0.006576407709416032 0.00672146172001048
0.0 0.1810861586931874 0.15353438644041303 0.013521296742798339 0.01330371572690664
0.0 0.15325113286181183 0.1770444462774362 0.019920413514123714 0.02604894546173836
