0.0 0.5846171853619846 0.08611754550478248 0.08424913115791766 0.040602888523015135
0.0 0.6400010411076534 0.11422883938480524 0.017289569448251774 0.012533739846557757
0.0 0.607942112644758 0.20534538413926437 0.034234650781659326 0.015441453162061636
0.0 0.5616742009245239 0.27209850672252217 0.08940353386517719 0.04859544760547918
0.0 0.651947357531815 0.3630630717523986 0.04055296192783753 0.021299522733882414
0.0 0.5383944455158943 0.37277897604993226 0.09143470744071097 0.04947601724511924
0.0 0.5509407513827298 0.41144620412493205 0.051298086510443985 0.029436611728462958
0.0 0.5625607005791777 0.48945509578159985 0.04643361060603868 0.03968340084879546
0.0 0.48560013781461264 0.47599616865184724 0.10968471637871069 0.042872981167814295
0.0 0.5466938271448663 0.5267580879735795 0.06402519655615391 0.028356474543447918
0.0 0.6280765874601608 0.55283281366253 0.043708087601257106 0.038261895638026844
0.0 0.6041850682427461 0.4559412535233854 0.04001557993510996 0.018307519011248052
0.0 0.43223655157890944 0.5921018592930147 0.06640623144609137 0.0201519532231631
0.0 0.480849242753437 0.6506932157464259 0.0342505990525061 0.020366644892721775
0.0 0.6388015762058021 0.7195368039373967 0.03333145920368097 0.016609348668692014
0.0 0.4240779594466294 0.8416442433301288 0.08129881773355879 0.035965022659345425
0.0 0.4464682132679278 0.8793834261943216 0.03577628717700565 0.02810559427104753
0.0 0.44265357829848195 0.9885100010950829 0.05395712983205886 0.020512908762080673
