0.0 0.058407738095238096 0.5413359788359788 0.02157738095238096 0.031746031746031744
0.0 0.0845734126984127 0.5234788359788359 0.03422619047619048 0.0714285714285714
0.0 0.13516865079365076 0.5074404761904762 0.011408730158730146 0.038029100529100524
0.0 0.12090773809523811 0.5102513227513228 0.003720238095238096 0.021825396825396803
0.0 0.09015376984126983 0.4307208994708995 0.029017857142857137 0.043320105820105814
0.0 0.2010168650793651 0.5287698412698413 0.031001984126984128 0.050264550264550234
0.0 0.22780257936507936 0.5157076719576719 0.011656746031746046 0.023478835978835932
0.0 0.24057539682539686 0.5423280423280423 0.02331349206349209 0.03240740740740744
0.0 0.2687251984126985 0.546957671957672 0.029513888888888895 0.05423280423280419
0.0 0.3942212301587302 0.2933201058201058 0.014136904761904767 0.007936507936507908
0.0 0.392609126984127 0.3741732804232804 0.03968253968253971 0.07506613756613756
0.0 0.40463789682539686 0.41947751322751325 0.03000992063492064 0.031415343915343896
0.0 0.4186507936507936 0.4639550264550264 0.016369047619047616 0.01785714285714285
0.0 0.4348958333333333 0.43683862433862436 0.02256944444444442 0.037698412698412676
0.0 0.42993551587301587 0.4036044973544973 0.018601190476190466 0.03207671957671959
0.0 0.4365079365079365 0.3411044973544973 0.03025793650793651 0.06448412698412698
0.0 0.47358630952380953 0.33597883597883593 0.05233134920634919 0.060185185185185175
0.0 0.48722718253968256 0.42857142857142855 0.05282738095238093 0.1164021164021164
0.0 0.48710317460317454 0.5188492063492064 0.048611111111111105 0.09259259259259256
0.0 0.5531994047619047 0.3958333333333333 0.021081349206349187 0.03835978835978837
0.0 0.5647321428571429 0.38921957671957674 0.007936507936507908 0.01785714285714285
0.0 0.5887896825396826 0.41798941798941797 0.012896825396825351 0.06547619047619047
0.0 0.6681547619047619 0.42708333333333326 0.04613095238095244 0.09093915343915343
0.0 0.7003968253968254 0.49537037037037035 0.05009920634920639 0.10119047619047622
0.0 0.7176339285714286 0.45783730158730157 0.018601190476190466 0.015542328042328024
0.0 0.785218253968254 0.511739417989418 0.04960317460317465 0.06183862433862436
0.0 0.8821924603174603 0.48511904761904767 0.03819444444444442 0.06679894179894186
0.0 0.8872767857142857 0.4396494708994708 0.013640873015873023 0.031415343915343896
0.0 0.9262152777777778 0.3773148148148149 0.01661706349206349 0.0224867724867725
