0.0 0.34458582660252146 0.9652523675108284 0.14062370160588483 0.06949526497834313
0.0 0.3371961474837868 0.9164838252810791 0.14588087356791712 0.07746125676204874
0.0 0.39757871129995226 0.8805322104097169 0.07613985185714162 0.062493146782534925
0.0 0.4734775311194287 0.9272357856082678 0.02576980674652729 0.024281075283842934
0.0 0.47355998184932696 0.891336580211685 0.04245343408998414 0.040964702627299676
0.0 0.4010179841704974 0.6915409439585531 0.04356822644389169 0.033891471936443374
0.0 0.35859470198029786 0.676588320752184 0.042368374590605884 0.026054358978689907
0.0 0.29338803205593866 0.6536078258856799 0.07340465669853452 0.045366880817979016
0.0 0.45360392339096806 0.6377525232164422 0.11600950814274469 0.07376675288907619
0.0 0.5111329989291961 0.6135012265698102 0.041116119981525756 0.02988860353378109
0.0 0.5209525776712703 0.638807337110502 0.028488673533342723 0.028116490667671412
0.0 0.5448772524957332 0.6374169220961686 0.024724884733679175 0.01579249595757326
0.0 0.4280519795766241 0.48630875424044695 0.03756203705083272 0.03433645221501663
0.0 0.4330938645650948 0.4339701268153747 0.03754922116525239 0.032958965821975605
0.0 0.40590577991176924 0.3488925470544044 0.045508931542308007 0.029070854975168314
0.0 0.42574823751598645 0.33790470140742923 0.055843853068247296 0.020920694172776977
0.0 0.4916664113623397 0.3711105590216467 0.0756039579355044 0.03373338554750693
0.0 0.3992815643442237 0.31705930133154936 0.043125556207528504 0.026687479640388756
0.0 0.4061786006299558 0.2929126712132138 0.02712924013993495 0.026198782975757284
0.0 0.4348344821687881 0.30865595747307256 0.02609713401266711 0.019087690042528305
0.0 0.4480410721499285 0.287357589774724 0.05432835062092928 0.03683575593438804
0.0 0.3814751868857008 0.22661878890668724 0.05174229438960226 0.04150726558364726
0.0 0.3982563313895188 0.16678321928778841 0.058703694596446754 0.03990845988005681
0.0 0.364152011120325 0.10075309761275038 0.03377261648000862 0.019257484718836176
0.0 0.3710961967325393 0.015446754780517977 0.05719398306228618 0.030893509561035953
0.0 0.47415448892174744 0.3363979289409587 0.016348135891421145 0.015231587294407767
0.0 0.2630377212140715 0.5067950859818161 0.03375049719505929 0.02841587612044022
0.0 0.36910542842087146 0.5804153632429555 0.027697695959363333 0.018082971929527014
0.0 0.4127426155563484 0.5752673423603667 0.016223489521828782 0.013370087551683785
