0.0 0.585 0.954375 0.06933333333333336 0.03425
0.0 0.5529999999999999 0.74125 0.053333333333333344 0.04300000000000004
0.0 0.5189999999999999 0.6645 0.10533333333333339 0.030000000000000027
0.0 0.4583333333333333 0.6327499999999999 0.09733333333333338 0.03149999999999997
0.0 0.5315 0.6224999999999999 0.05899999999999994 0.020499999999999963
0.0 0.4431666666666667 0.56875 0.03433333333333333 0.014999999999999902
0.0 0.4798333333333334 0.5109999999999999 0.023666666666666614 0.018500000000000072
0.0 0.47100000000000003 0.469 0.033333333333333326 0.01849999999999996
0.0 0.4728333333333334 0.409375 0.04166666666666663 0.019750000000000045
0.0 0.44516666666666677 0.22049999999999997 0.04166666666666663 0.05500000000000005
0.0 0.41100000000000003 0.22300000000000003 0.026666666666666616 0.05999999999999994
0.0 0.4713333333333334 0.11624999999999996 0.046666666666666634 0.022499999999999964
0.0 0.4469999999999999 0.14737500000000003 0.01866666666666672 0.03125
0.0 0.41733333333333333 0.15512499999999996 0.036666666666666625 0.011249999999999982
0.0 0.37849999999999995 0.1271250000000001 0.013666666666666716 0.010249999999999981
0.0 0.3543333333333332 0.11149999999999999 0.05133333333333334 0.017000000000000015
0.0 0.4201666666666667 0.04625000000000001 0.07633333333333336 0.02849999999999997
0.0 0.385 0.030000000000000027 0.05066666666666664 0.022499999999999964
0.0 0.3441666666666666 0.011499999999999955 0.07499999999999996 0.022499999999999964
0.0 0.45099999999999996 0.082125 0.016000000000000014 0.011249999999999982
0.0 0.4080000000000001 0.08950000000000002 0.011333333333333306 0.008499999999999952
