0.0 0.09265885702931409 0.709018262277703 0.037765403189848085 0.06280700886844848
0.0 0.12077813177440341 0.7186556053116401 0.0537534040169539 0.05105440511925852
0.0 0.17776911125638084 0.7207146763678773 0.07104492633228177 0.0961323423157775
0.0 0.20873875342061673 0.6842315326648722 0.0329283327879199 0.052219538023906
0.0 0.22047341516751953 0.806183298826189 0.016973756015476404 0.023566392667224045
0.0 0.24742987563452132 0.7880271811160808 0.011684586325234336 0.013941126387241876
0.0 0.2552241704031164 0.746056901374909 0.07843551280921851 0.08467418239241598
0.0 0.4185763715094113 0.6222983498529602 0.055351552664989256 0.06681123650930221
0.0 0.45234108210527013 0.6275245920655069 0.050046917966182214 0.04730367318491813
0.0 0.4574407480370354 0.6559603824227733 0.050871625467770354 0.057596999770224255
0.0 0.5308148180817829 0.567727280807186 0.030520941646861255 0.03605167709295809
0.0 0.5628978282957458 0.6085316584911722 0.08227870914036617 0.10130443907493969
0.0 0.6327292478679152 0.6239534377140307 0.027746567137405642 0.027436845952424127
0.0 0.6448871232770066 0.6551600118074146 0.02016800402495178 0.021185659347033536
0.0 0.622048836743347 0.6056117778533681 0.03443574067116084 0.04257698324781545
0.0 0.6278342166113655 0.584134991001568 0.06428577388185663 0.08282479909717355
0.0 0.6940723673357174 0.6100935297069127 0.009214136883547108 0.008683186280721955
0.0 0.6774515158672456 0.5556620400870944 0.03890712347585623 0.05098624969013199
0.0 0.6859069367613502 0.5167840162944144 0.009970489244947367 0.012536750491936477
0.0 0.6886579323482627 0.48918446591358156 0.020002413014041376 0.022435936610324003
0.0 0.7276943113610628 0.5312507387297247 0.00760419629002429 0.00866609749567504
0.0 0.8042578261628017 0.5067070172541257 0.03452443214935974 0.034081973313671965
0.0 0.6811456789827136 0.5045820937929437 0.013494295499761666 0.01592781909604435
0.0 0.6996050932729717 0.48863838749829913 0.00976217627141951 0.009762176271419454
0.0 0.856104365175222 0.4757333968581836 0.06714191925346957 0.07386729355592347
