0.0 0.44399745839962557 0.6978127496401413 0.08437085740312988 0.06834296581634525
0.0 0.4227958386602498 0.6342665234859127 0.04111035079753289 0.03905172252033107
0.0 0.46331478123812364 0.6469785521641358 0.079674674231968 0.07430753622354924
0.0 0.5030507515508587 0.5733656744536519 0.027489917532255714 0.02590918510511875
0.0 0.48378107041358753 0.5803064884025039 0.010213318151925221 0.011095587413582964
0.0 0.6332315978360874 0.5594465506623266 0.018228990337836315 0.01944211057261591
0.0 0.584438538043655 0.48544549160016137 0.021473230521595 0.01746625762489884
0.0 0.6004576217344059 0.47134848209503083 0.05683054965993617 0.045655139012269697
0.0 0.6270396734603015 0.4634444470752627 0.06852356947230454 0.05653941200145152
0.0 0.6503359149856716 0.4182145069855675 0.06767708607181744 0.05624434688950075
0.0 0.7320167177983575 0.4340773234048045 0.014566247061145843 0.01486033681503196
0.0 0.6986704094524625 0.36323481939672986 0.06660273318103238 0.057191861056681614
0.0 0.7477278070938169 0.3685274308870022 0.017027548378628854 0.015189487416841674
0.0 0.6992336598433305 0.322558931510182 0.016045948721589154 0.014649022390630928
0.0 0.7103147856962969 0.35370237841689606 0.018051511058476022 0.01746333155070423
0.0 0.7012350691987834 0.3372287114396155 0.007283123530572921 0.00743016840751598
0.0 0.861140059014676 0.1716007497961273 0.014950414319400362 0.014729847003985996
0.0 0.8882201922266305 0.19751134989627364 0.022324841057224765 0.02853748710806564
