0.0 0.9552018426063845 0.3619144133035225 0.03499942884316121 0.06663564868861749
0.0 0.589540512100744 0.413713193901525 0.021468668780498024 0.031042787944254413
0.0 0.5695319191351391 0.43814449361353147 0.05071247671901735 0.08338936169096872
0.0 0.563662925252135 0.3927109890860601 0.0187093466211542 0.020721299199045085
0.0 0.5309138447141174 0.3685675581513699 0.04714743416742784 0.09467114161071183
0.0 0.5078110687101075 0.3899551688987946 0.05111226364804505 0.0892006072777719
0.0 0.46779382160400823 0.3791185393735651 0.043677141466960445 0.0653923537731616
0.0 0.4446024830663265 0.4480113771784433 0.0728941376965292 0.0969681909561198
0.0 0.4833286724096856 0.446166987826055 0.006042055246937628 0.008262140850127553
0.0 0.4008419555551992 0.4646641479143149 0.0550091142032309 0.10704237052799431
0.0 0.4054166144920688 0.3158110433150097 0.030593563650515687 0.03433995810589863
0.0 0.3064525208938911 0.5172361096513451 0.06441017200305382 0.13434286850353605
0.0 0.2024950524281267 0.4883118676271164 0.018126165740812827 0.024786422550382603
0.0 0.1896588041766468 0.5012903324176141 0.014882578213809727 0.019183994069990162
