0.0 0.035845588235294115 0.6184640522875817 0.041053921568627444 0.06209150326797386
0.0 0.002144607843137255 0.6053921568627452 0.00428921568627451 0.02777777777777779
0.0 0.2650122549019608 0.4673202614379085 0.04595588235294115 0.07843137254901955
0.0 0.29580269607843135 0.5251225490196079 0.026041666666666685 0.04697712418300659
0.0 0.3681066176470588 0.43607026143790845 0.01378676470588236 0.029820261437908502
0.0 0.38802083333333326 0.4517973856209149 0.06464460784313725 0.07679738562091509
0.0 0.5712316176470589 0.4389297385620915 0.02420343137254899 0.05024509803921573
0.0 0.6542585784313726 0.48100490196078427 0.04381127450980393 0.06740196078431371
0.0 0.7068014705882353 0.4591503267973857 0.015931372549019662 0.04493464052287577
0.0 0.7579656862745097 0.4338235294117647 0.04166666666666663 0.0759803921568627
0.0 0.7933517156862746 0.4330065359477125 0.03278186274509809 0.09558823529411764
0.0 0.7889093137254903 0.36846405228758167 0.018382352941176516 0.016339869281045805
0.0 0.8221507352941178 0.3547794117647058 0.03278186274509809 0.08864379084967322
0.0 0.8457414215686274 0.37806372549019607 0.02113970588235292 0.04861111111111116
0.0 0.8756127450980391 0.35151143790849665 0.04166666666666663 0.08619281045751637
0.0 0.8924632352941178 0.40522875816993464 0.049632352941176516 0.06290849673202614
0.0 0.8630514705882353 0.44995915032679734 0.014705882352941124 0.014297385620914982
0.0 0.960171568627451 0.37806372549019607 0.05882352941176472 0.06740196078431371
0.0 0.9941789215686274 0.41196895424836594 0.011029411764705843 0.023284313725490224
0.0 0.9541973039215688 0.34068627450980393 0.01378676470588236 0.013071895424836555
