0.0 0.0098772030511792 0.45878610936782593 0.008754882830343813 0.011333672793936767
0.0 0.0054152575531239144 0.5169841681673086 0.010830515106247829 0.018043836107039857
0.0 0.03420163721843783 0.509644529342477 0.05160844110058238 0.07387980896797597
0.0 0.07373670402147306 0.4686217995443942 0.025662001852352512 0.041212886784322056
0.0 0.1087841915528675 0.5016872359567097 0.019100811874696033 0.029337826578655968
0.0 0.11859783465419754 0.4738424692804898 0.034084792173376344 0.02783318014042374
0.0 0.17846752380655956 0.48803074081703035 0.07131790492784518 0.059127261463587544
0.0 0.3353006131696221 0.476177262878456 0.04295637513948325 0.08296669215037988
0.0 0.4035122266698946 0.4837935559850257 0.04634860529140522 0.10948988682422661
0.0 0.4084484129314829 0.42508033024036407 0.017794203056565094 0.0141213809872055
0.0 0.43339969662625977 0.4830251923451746 0.029774329442952496 0.09971423906160976
0.0 0.4439666440040917 0.5553158331003478 0.024971172275182862 0.046773669240105176
0.0 0.47864207621021876 0.5372370530713997 0.05209851223494921 0.1061749563199893
0.0 0.5255462420578079 0.4342251461017485 0.020783043684138858 0.01922014067590061
0.0 0.5511887306618724 0.4841852721787806 0.04136382759700297 0.08551583757973069
0.0 0.55574966524242 0.5579557453956163 0.03943318223131498 0.10023010925177911
0.0 0.528915209662109 0.3856959778787069 0.01505227465676473 0.013645661949350463
0.0 0.5165435106803193 0.3702955201914102 0.012097205876115402 0.01842696305947994
0.0 0.5532996849027036 0.39350050255106467 0.028087222337823015 0.031134883203887465
0.0 0.5947139846149574 0.43649182697491873 0.012433051706615128 0.02009127644698211
0.0 0.6459910838704557 0.4758103767486587 0.03571036089854496 0.039773908719964224
0.0 0.6491315224770706 0.5276346343147773 0.036413572413760864 0.06681203592399299
0.0 0.7912894615031519 0.4688780257083234 0.03233051268466913 0.04584962370592932
0.0 0.9211970913237577 0.46442347566306486 0.027253798730596857 0.04327355456503784
