0.0 0.07362226335700592 0.6328660219093075 0.06679375169404239 0.07638521052278113
0.0 0.048548481484371714 0.6603856153602289 0.01690207657915266 0.02761098692191921
0.0 0.3542864904083155 0.6670485992735464 0.07892954509584837 0.09373577765671703
0.0 0.35614776369318196 0.5996223114405135 0.04590723299631261 0.05545213134530014
0.0 0.46368405729459744 0.648546890866774 0.026611050293288363 0.03392104561422038
0.0 0.47482750390499096 0.6249065212753044 0.09539938545000431 0.10094008254039233
0.0 0.6496577645065549 0.552686579523787 0.04573555044364008 0.05760847278018588
0.0 0.7069002770918307 0.47578722802012313 0.07181131897196913 0.08256678979448695
0.0 0.7653761803037168 0.47182321014547496 0.035633293796734966 0.04885647004606408
0.0 0.8241744805023199 0.4716934041179687 0.07383237627001327 0.08947669746640291
0.0 0.8571761947757665 0.45620634518232617 0.07477966015302706 0.10341435519999004
0.0 0.8827018366505401 0.5177548743295715 0.024565034081531323 0.023633824486508193
0.0 0.9196317521793268 0.515116353997277 0.07154283060776234 0.09701141303164651
0.0 0.9306966349275738 0.4828207680507684 0.04214911606460303 0.0546738851176648
0.0 0.9655643054406753 0.493593222555573 0.06887138911864943 0.09889278889043729
0.0 0.9613079166777133 0.43633108345107335 0.07508407196614475 0.08113693433379521
0.0 0.9136606508445764 0.4085870726238311 0.020223232479095188 0.020036990560090617
0.0 0.9966887263256146 0.4303032847242524 0.00662254734877088 0.08956405366439707
