0.0 0.4760251322751323 0.8732638888888888 0.04861111111111116 0.041170634920634996
0.0 0.44775132275132284 0.818328373015873 0.045634920634920584 0.031001984126984183
0.0 0.47867063492063494 0.8012152777777778 0.03670634920634919 0.020585317460317443
0.0 0.4672619047619048 0.7663690476190477 0.11044973544973546 0.04861111111111105
0.0 0.5476190476190477 0.7552083333333334 0.03240740740740744 0.020337301587301626
0.0 0.4813161375661375 0.6196676587301588 0.038690476190476164 0.03546626984126988
0.0 0.4796626984126983 0.5560515873015873 0.0982142857142857 0.04166666666666674
0.0 0.5150462962962963 0.5271577380952381 0.03207671957671954 0.023065476190476164
0.0 0.5368716931216931 0.5601438492063492 0.01620370370370372 0.01116071428571419
0.0 0.5241402116402116 0.4944196428571429 0.045634920634920584 0.015128968253968145
0.0 0.4952050264550265 0.46589781746031744 0.07705026455026465 0.020585317460317443
0.0 0.470568783068783 0.441468253968254 0.015873015873015817 0.009424603174603141
0.0 0.4123677248677249 0.4195188492063492 0.05753968253968256 0.046875
0.0 0.37268518518518523 0.36917162698412703 0.019179894179894186 0.017113095238095233
0.0 0.48445767195767203 0.3265128968253968 0.06216931216931221 0.032490079365079416
0.0 0.4756944444444444 0.29972718253968256 0.035383597883597906 0.013640873015873023
0.0 0.5325727513227514 0.30071924603174605 0.015542328042328024 0.012648809523809534
0.0 0.47536375661375657 0.25781249999999994 0.03802910052910058 0.01215277777777779
0.0 0.48809523809523814 0.23772321428571436 0.042328042328042326 0.01810515873015872
0.0 0.5679563492063492 0.2415674603174604 0.030753968253968145 0.06597222222222221
0.0 0.5337301587301587 0.253844246031746 0.04894179894179884 0.04439484126984128
0.0 0.4246031746031747 0.30530753968253965 0.01851851851851849 0.014880952380952328
0.0 0.41435185185185186 0.2848462301587302 0.031084656084656048 0.02604166666666663
0.0 0.5251322751322751 0.08680555555555552 0.1071428571428572 0.06001984126984128
0.0 0.5889550264550264 0.06597222222222221 0.031084656084656048 0.01835317460317465
0.0 0.6390542328042328 0.07527281746031744 0.03339947089947093 0.024553571428571397
0.0 0.5843253968253967 0.028397817460317498 0.080026455026455 0.05629960317460314
0.0 0.6845238095238095 0.21688988095238093 0.020502645502645578 0.01661706349206349
0.0 0.7056878306878307 0.1919642857142857 0.01256613756613767 0.007936507936507908
0.0 0.3635912698412698 0.4487847222222222 0.016865079365079416 0.014632936507936511
0.0 0.5894510582010583 0.6979166666666666 0.03339947089947093 0.012400793650793718
0.0 0.5740740740740742 0.6752232142857142 0.030423280423280352 0.03149801587301593
0.0 0.5196759259259259 0.9319196428571428 0.028108465608465583 0.01810515873015872
