0.0 0.9722990111558995 0.4433432190579306 0.027373669079943097 0.06411736022031939
0.0 0.6032057621486479 0.4306351178674971 0.018075281936151377 0.02919508320231773
0.0 0.5792462320894725 0.4512062898667928 0.04138248256784449 0.07933484775889088
0.0 0.5813835591406724 0.4054451682030627 0.016579180490282508 0.018915950321578445
0.0 0.5533423211651223 0.37596472542853365 0.036233878229832484 0.09142999321044143
0.0 0.5268662877409033 0.39299962509640524 0.04103548926472089 0.08527295951925284
0.0 0.489349431282724 0.37535598355294647 0.03648121507087926 0.061702213594865496
0.0 0.4545086643081073 0.43915396346296454 0.06247397935417959 0.09043463905968518
0.0 0.4929638112040282 0.4440856153519407 0.005149005296710918 0.007727509938140864
0.0 0.40851591305660384 0.44792695460344545 0.04272183042539707 0.1031555329589105
0.0 0.4389574295319144 0.30214805239903253 0.02705068773526631 0.03140191431767925
0.0 0.30641003225771113 0.4832478498758395 0.04884644721329123 0.13006934341833343
0.0 0.20908275293200737 0.4366520590193364 0.015447015890132698 0.02318252981442248
0.0 0.19418144183110334 0.44719533863081806 0.01283529242801057 0.017831145170781104
