0.0 0.8928416417145402 0.35266199979361407 0.05947147756168869 0.09236693122373152
0.0 0.8515682139580952 0.3027692419290261 0.01634256882675511 0.019926959208207695
0.0 0.766236412317673 0.3562399345964164 0.02312466067236807 0.03728878395391566
0.0 0.7089377764840672 0.4185834652423863 0.06853533245044208 0.09929171443323076
0.0 0.5957484863256098 0.3475978921379792 0.030355356849442794 0.044866356619518044
0.0 0.6118684142361904 0.46531502398413 0.06987229072314594 0.10149586392725396
0.0 0.5696678657885724 0.4614086008467405 0.04085431379982052 0.05733094700488589
0.0 0.48766583559160714 0.46745295923172747 0.04982171151330689 0.05490923334504644
0.0 0.5189773564895493 0.5426460994761022 0.0675888410663526 0.11794374465095586
0.0 0.45335898096304256 0.49213261247535633 0.042733382005359255 0.0696163098662555
0.0 0.4082035775124827 0.4153305587510073 0.04779142191696095 0.051896127031205275
0.0 0.5122207746754431 0.41744353864682826 0.02728422696080718 0.04364523466969655
0.0 0.4131080262113098 0.6235074336141073 0.03520319462056365 0.07006428171759671
0.0 0.3423844363191012 0.587480929048274 0.027979244898102495 0.038443352302021117
0.0 0.23619650569512501 0.44259490261266204 0.024066092215497603 0.03666927129867037
0.0 0.16117175005988593 0.6889465308884217 0.05422136660637966 0.08838870072635752
0.0 0.11766099296721416 0.6748155220603527 0.03595424173363937 0.04173551654243424
0.0 0.011942055599905313 0.703683525643713 0.023884111199810626 0.05788643597889531
