0.0 0.02976190476190476 0.6160714285714285 0.05952380952380952 0.08796296296296302
0.0 0.07998511904761904 0.6349206349206349 0.030505952380952384 0.08399470899470896
0.0 0.09833829365079363 0.5967261904761905 0.029017857142857137 0.03141534391534384
0.0 0.11334325396825397 0.6177248677248678 0.009920634920634913 0.011243386243386277
0.0 0.1232638888888889 0.6541005291005291 0.04662698412698413 0.033068783068783136
0.0 0.11185515873015874 0.5454695767195767 0.00843253968253968 0.014880952380952439
0.0 0.12115575396825395 0.5277777777777778 0.01264880952380952 0.019179894179894186
0.0 0.016865079365079364 0.4141865079365079 0.03373015873015873 0.04530423280423279
0.0 0.10850694444444445 0.40261243386243384 0.02604166666666667 0.03339947089947093
0.0 0.13194444444444442 0.5785383597883598 0.010416666666666657 0.014219576719576743
0.0 0.17348710317460317 0.6734457671957672 0.014632936507936511 0.016865079365079416
0.0 0.21788194444444445 0.589781746031746 0.031001984126984128 0.04067460317460325
0.0 0.28794642857142855 0.5560515873015873 0.06150793650793651 0.05654761904761907
0.0 0.2912946428571429 0.5016534391534392 0.02653769841269843 0.051587301587301626
0.0 0.34375 0.5548941798941799 0.06150793650793651 0.1157407407407407
0.0 0.5243055555555556 0.5338955026455026 0.04613095238095244 0.07638888888888895
0.0 0.49590773809523814 0.5300925925925927 0.01860119047619052 0.027116402116402094
0.0 0.5112847222222222 0.4889219576719577 0.04141865079365076 0.05456349206349209
0.0 0.5536954365079365 0.480489417989418 0.017113095238095233 0.04828042328042326
0.0 0.5856894841269841 0.49537037037037035 0.027529761904761862 0.059523809523809534
0.0 0.5169890873015873 0.6044973544973545 0.05233134920634924 0.06547619047619047
0.0 0.6199156746031746 0.4935515873015873 0.030505952380952328 0.07771164021164023
0.0 0.6650545634920635 0.5863095238095238 0.027529761904761862 0.025793650793650924
0.0 0.677703373015873 0.6106150793650793 0.013144841269841279 0.01620370370370372
0.0 0.6753472222222221 0.5416666666666666 0.015376984126984072 0.027116402116402094
0.0 0.7114335317460319 0.5214947089947091 0.04141865079365081 0.06415343915343918
0.0 0.7204861111111112 0.49222883597883593 0.016369047619047672 0.0625
0.0 0.7437996031746033 0.4990079365079365 0.015873015873015928 0.029761904761904656
0.0 0.7173859126984126 0.6197089947089947 0.016121031746031744 0.029761904761904767
0.0 0.7490079365079365 0.6064814814814814 0.03224206349206349 0.03505291005291011
0.0 0.7643849206349206 0.5484457671957672 0.03125 0.03472222222222232
0.0 0.7806299603174602 0.5894510582010583 0.031001984126984072 0.04530423280423279
0.0 0.8079117063492063 0.5932539682539683 0.024057539682539653 0.05886243386243373
0.0 0.7771577380952381 0.5028108465608465 0.014632936507936511 0.028108465608465583
0.0 0.8196924603174603 0.5047949735449735 0.011904761904761862 0.012235449735449655
0.0 0.8809523809523809 0.5884589947089947 0.04761904761904756 0.12070105820105825
0.0 0.8260168650793651 0.6757605820105821 0.00868055555555558 0.014219576719576743
0.0 0.8785962301587301 0.6636904761904762 0.05481150793650791 0.02910052910052907
0.0 0.9766865079365079 0.6741071428571429 0.02777777777777779 0.027447089947089998
0.0 0.9595734126984127 0.5902777777777778 0.04513888888888884 0.09920634920634908
0.0 0.9249751984126984 0.5471230158730158 0.03993055555555558 0.10152116402116407
0.0 0.9609375 0.6468253968253967 0.028025793650793607 0.028439153439153375
0.0 0.93390376984127 0.6319444444444444 0.015128968253968256 0.016534391534391624
0.0 0.9904513888888888 0.5087632275132274 0.018601190476190466 0.05522486772486779
0.0 0.7321428571428571 0.4603174603174603 0.004960317460317443 0.008597883597883604
0.0 0.7373511904761905 0.732308201058201 0.009920634920634885 0.009589947089947204
