0.0 0.012772817460317462 0.5672949735449735 0.008184523809523812 0.010912698412698485
0.0 0.005084325396825397 0.5094246031746033 0.010168650793650794 0.017526455026455
0.0 0.034350198412698416 0.5152116402116402 0.04786706349206349 0.0714285714285714
0.0 0.07601686507936507 0.5540674603174602 0.023561507936507936 0.040013227513227556
0.0 0.10925099206349206 0.5191798941798942 0.017609126984126977 0.028439153439153486
0.0 0.1205357142857143 0.5464616402116402 0.03273809523809525 0.026124338624338606
0.0 0.17956349206349204 0.5291005291005292 0.06845238095238096 0.05555555555555558
0.0 0.3368055555555556 0.5325727513227514 0.03869047619047622 0.08101851851851849
0.0 0.40451388888888895 0.5213293650793651 0.0406746031746032 0.107473544973545
0.0 0.41257440476190477 0.5796957671957672 0.017113095238095233 0.013227513227513255
0.0 0.4343998015873016 0.5205026455026456 0.024553571428571452 0.09854497354497349
0.0 0.4410962301587302 0.44775132275132284 0.02256944444444442 0.045634920634920584
0.0 0.47668650793650796 0.4639550264550265 0.04662698412698407 0.10383597883597884
0.0 0.5290178571428572 0.564318783068783 0.019841269841269882 0.018187830687830697
0.0 0.5519593253968254 0.5130621693121693 0.036954365079365115 0.08366402116402116
0.0 0.5525793650793651 0.43915343915343913 0.034226190476190466 0.0985449735449736
0.0 0.5349702380952381 0.6125992063492063 0.014384920634920584 0.012896825396825462
0.0 0.5234375 0.6286375661375663 0.011160714285714302 0.017857142857142905
0.0 0.5589037698412699 0.6035052910052909 0.026537698412698374 0.029761904761904767
0.0 0.5979662698412698 0.5583664021164021 0.011408730158730118 0.01951058201058198
0.0 0.6470734126984126 0.5163690476190477 0.03373015873015872 0.03802910052910058
0.0 0.6474454365079365 0.4644510582010582 0.03298611111111116 0.06514550264550267
0.0 0.7925347222222221 0.515542328042328 0.030009920634920584 0.0443121693121693
0.0 0.9224950396825395 0.5130621693121693 0.02504960317460314 0.04199735449735442
