0.0 0.70878481545536 0.8671993137506304 0.09311759155925303 0.08515716292397502
0.0 0.6446242460605612 0.8839360671705129 0.02172587562079431 0.020858482693927316
0.0 0.60574930691105 0.7884239930633274 0.03717976759895769 0.033752166516983984
0.0 0.5954754950171777 0.7023252053585141 0.10224497002289112 0.0948021791020337
0.0 0.45894156905721817 0.693526370378867 0.04591499480349204 0.04240345247053101
0.0 0.5428145828335649 0.6053840062624603 0.10442871881204796 0.09677607476372263
0.0 0.5054174170304742 0.583362350168001 0.05963367550675791 0.055646466084870116
0.0 0.44091290725882126 0.5292435205747197 0.062098311356107105 0.060867173008296194
0.0 0.5119458030821007 0.48552384611372845 0.1150104214903912 0.10282494988876167
0.0 0.4271889301742882 0.48820010848737216 0.06920808317325589 0.06270263622175459
0.0 0.3436918676939027 0.5249675812300805 0.05901864777797017 0.058025342974622696
0.0 0.43136963643232196 0.585490916653895 0.0436190536237937 0.039659824618901496
0.0 0.4724089657241788 0.3549603695458923 0.06601576310876212 0.057579667384557165
0.0 0.3920847763956337 0.3425448512463384 0.04025977924895596 0.03772755151084478
0.0 0.21712049199777933 0.3993310358563811 0.03717988362291147 0.034130018170379695
0.0 0.3022926687443793 0.1497536279506837 0.08785394714405181 0.07958573392182103
0.0 0.2576852286609436 0.1354416152575908 0.04630761015841112 0.044908589308625846
0.0 0.1834894815825921 0.04552860236250142 0.056217318733042254 0.05011758782797865
