0.0 0.9612362726036858 0.4978233507228666 0.07752745479262824 0.09372037949406986
0.0 0.9248957878825432 0.46590343639951237 0.052516766880791876 0.08117337111669509
0.0 0.897198474571735 0.4926343924282204 0.034638455793047807 0.035922909460499364
0.0 0.8910531092994469 0.4700100328897883 0.012001146411335872 0.012709810503722996
0.0 0.8940958357545845 0.43589578284007174 0.05015800204011833 0.04289419509315062
0.0 0.869493489782373 0.5320179176115973 0.011882963013178816 0.015337700463565862
0.0 0.8559832223082906 0.5441472600832941 0.016831966795938347 0.020330995752099623
0.0 0.9089187004232024 0.6738373427316039 0.04303958446064304 0.049240395269030346
0.0 0.8272134494777308 0.6547430304997484 0.032730547567125234 0.03667249158102859
0.0 0.8628311539487514 0.49750754750132536 0.013363844509161504 0.015401253774774415
0.0 0.8574337346849081 0.40355341247304666 0.017790491595168323 0.018986362251071753
0.0 0.7931926699206807 0.4607823878644035 0.03925347746954588 0.04443558364512645
0.0 0.7228646771384102 0.467374533809137 0.07024914844413244 0.06759165809768086
0.0 0.7028275635204722 0.5126461076207914 0.03889892727507449 0.05231925352465505
0.0 0.674972722537704 0.4507307260623037 0.088949518187874 0.11800474597574473
0.0 0.514564792592729 0.4115733472923271 0.06342129145136444 0.07963198256471915
0.0 0.5375489806903587 0.423783653227196 0.0244087514644018 0.028970776559143596
0.0 0.5114461615874213 0.45398958757208424 0.052512850639356734 0.05955520005745363
0.0 0.4726621507001191 0.4477728910427869 0.029827549051821667 0.04652544672869252
0.0 0.4501149461541172 0.42499160765049715 0.0422511515068284 0.05939196424144133
0.0 0.5431006501882093 0.35375519879296186 0.06525443779868412 0.0722967872167809
0.0 0.4203908867743954 0.41572782952117926 0.05053181143313212 0.07582226123019664
0.0 0.4112515974881594 0.3224682115333711 0.03159507489307628 0.030664953271818285
0.0 0.40815761181681337 0.29777183666333856 0.016314180785454657 0.01795296649909983
0.0 0.3883820037696688 0.35723758502646985 0.021662787180540655 0.02795218100047614
0.0 0.3512755748922275 0.36301702922912965 0.05554251948052169 0.06772268356842492
0.0 0.33432003856271286 0.3850820328909942 0.03368613257838732 0.058400792800387125
0.0 0.3166062669668648 0.37194323753661374 0.02292101393901569 0.030361986909080152
0.0 0.3772340901552783 0.27749024847397685 0.02313224196085112 0.03044034041359306
0.0 0.3461236637972362 0.27876567114647566 0.03853360480976453 0.04003951600608702
0.0 0.3146928063874228 0.32333511097617534 0.0375842213830721 0.03944446462558815
0.0 0.3138118170366633 0.28327992348711817 0.04071607622045298 0.048378506719388426
0.0 0.2917781550372932 0.27142220832255715 0.03908501652243096 0.05773174045336632
0.0 0.28939751843252576 0.35816586151148716 0.02134251713308577 0.02856203257427936
0.0 0.2537987407238468 0.34303841131284385 0.014004384604071107 0.014181550627167916
0.0 0.22805666818616677 0.25243084299899865 0.07868781905534558 0.1178415101597326
0.0 0.3024241086112569 0.19543388056251906 0.011885248356313272 0.014852779243184233
0.0 0.253830564095845 0.18910270133511375 0.0558748706884824 0.042100212392708225
0.0 0.1735807286494602 0.1492423133831788 0.03232865961166437 0.03215149358856756
0.0 0.16167197763075258 0.22604377657495447 0.06978490177920774 0.09875154655553026
0.0 0.17750477689155802 0.2737277662538724 0.06608041269611667 0.09907758449789072
0.0 0.17837482253959502 0.17745284332164793 0.03285330165155134 0.0330747591804223
0.0 0.19669746664888738 0.19866705662368 0.018108476299488863 0.018861431897650105
0.0 0.10962190376233633 0.2857123751063563 0.03328881530919514 0.05290995236716284
0.0 0.3143108372891218 0.40857742365505156 0.0069408152598225414 0.008889641513887048
0.0 0.3958027254463726 0.17528526944738929 0.011478789714583326 0.011301623691486629
