0.0 0.056573782001139494 0.5092508438382302 0.023819532569529733 0.03322515532461501
0.0 0.08396383951918479 0.49333529082811467 0.03930863215584979 0.07371944711347878
0.0 0.13558762611682934 0.48100274202685034 0.01413254669037789 0.0387553965045036
0.0 0.12116061190534652 0.4827735470195144 0.005290894375264366 0.022037490987977026
0.0 0.09624634338149243 0.40122494792394015 0.03207857893414717 0.0453076255734135
0.0 0.19971847161970166 0.5070443202123773 0.03456035893896242 0.052377514239245804
0.0 0.22737972702323875 0.4959560513467706 0.013326296368885882 0.024261288677643544
0.0 0.2381913765427805 0.5234314443229753 0.02559897763488428 0.0340105101800825
0.0 0.265932038062073 0.5300873062794792 0.03336351982410396 0.056227594651506285
0.0 0.40946504435536657 0.2862030201013849 0.01467449168657503 0.008939355860303477
0.0 0.40200242571593187 0.36672720307208856 0.04501406112227346 0.07774256957086279
0.0 0.4107190433159881 0.4127835315350561 0.03220598933918506 0.03350595345980645
0.0 0.4214744436616908 0.4581589855134626 0.0176191486529218 0.018995581251227023
0.0 0.43964039226211604 0.43229010673079377 0.025240016055384062 0.039233747471486446
0.0 0.4370996493123917 0.39878403905689874 0.020875100990576212 0.033339462853006374
0.0 0.4481805718022312 0.336924036876358 0.0348479338998704 0.06650588366088905
0.0 0.48553276648665344 0.3344967539717124 0.0565521040727654 0.06381660945270923
0.0 0.4924330060813962 0.4278340365183355 0.06111761926034909 0.11992187859905284
0.0 0.48577212089323696 0.5178658372721375 0.055188320535536295 0.09586955066322206
0.0 0.5606026719141051 0.3999590720338083 0.0238037189625967 0.03978563079847325
0.0 0.5725840502048556 0.39419778756128815 0.009208746085473618 0.018384963407507948
0.0 0.5944951495922401 0.4246341589926035 0.01760423659556165 0.06623818840234397
0.0 0.6729933701995062 0.439451192447402 0.05259494373261653 0.09404085863713851
0.0 0.700205984536692 0.5098936775431134 0.05729509996652493 0.10455261917500197
0.0 0.7201156848931757 0.4737073153352107 0.019677811100931253 0.016848477426637365
0.0 0.7836194227832162 0.5323618502490972 0.053950820466379 0.06526815516355466
0.0 0.8822666890311983 0.5128334689154108 0.04293122748907763 0.06938932076761034
0.0 0.8906302142463303 0.467851425633962 0.015879913767079756 0.032320636469058084
0.0 0.9339802678093906 0.4085000282666651 0.018201754603417886 0.023631016518954995
