0.0 0.5788748141608566 0.041954378397884795 0.13989856105082532 0.06087174012112284
0.0 0.5908116133518748 0.09139275873212835 0.14483332686385697 0.06616312516217654
0.0 0.5335167173540372 0.13291490096220562 0.07333051564172954 0.05763926960875615
0.0 0.45317465224045084 0.09295598364348637 0.02449799637871619 0.022786224084209994
0.0 0.45634396389367116 0.12896317686435213 0.04025940319969151 0.03854763090518537
0.0 0.547187923775029 0.3227469014067365 0.04215224007726659 0.031025720162976334
0.0 0.5910845023757878 0.33389840409235616 0.041699351469755785 0.022941180075792156
0.0 0.658555481901753 0.35103638310344737 0.07222229195745278 0.03998391374425292
0.0 0.49932726188439375 0.381449522032994 0.1139287707226041 0.0653572318659909
0.0 0.4438339499230515 0.41098009648662 0.03999470647064507 0.027085090416244184
0.0 0.4316944771129394 0.38649265203025296 0.026952072393825133 0.026524129320198597
0.0 0.40782876567587334 0.39005421938847296 0.024274168023274423 0.014003534256237238
0.0 0.5386695545764831 0.5310026700278603 0.03581649896900729 0.03210765899757717
0.0 0.5383547396298294 0.5839445753203014 0.03594433598644853 0.030666371411721127
0.0 0.573325855344867 0.6667974940081177 0.04467903014542107 0.025778211060248468
0.0 0.5544231917525757 0.6796135702062629 0.05633828001566321 0.01618295494037225
0.0 0.48531243343560504 0.652286049963273 0.07571855059951088 0.027574954816524277
0.0 0.5828522899925332 0.6981198074712309 0.04242740059956751 0.023526581514394906
0.0 0.5781233071466161 0.7229588291713865 0.025725034386270718 0.024655176702204296
0.0 0.5479610547259657 0.7097673051240763 0.02537336901338738 0.017313774460087528
0.0 0.5366468363329179 0.7323216513038896 0.05311907729467458 0.03300575283422669
0.0 0.6089012402196794 0.7872005337995156 0.049931720253126644 0.038163285728396557
0.0 0.597493419287106 0.8487237946166273 0.05738614883891735 0.03577502362077656
0.0 0.6376746884873148 0.911849402269714 0.033394268633339275 0.01670448876190389
0.0 0.6385510479213994 0.9923620617612553 0.056475139727268364 0.015275876477489403
0.0 0.5060178950136435 0.6855095278944043 0.015558960351720108 0.014275131130840446
0.0 0.7022900672072128 0.49551086640737624 0.03243192735483125 0.026298076632850775
0.0 0.589256343656508 0.4312927816515437 0.02715262346431202 0.016097427395626307
0.0 0.5459633136659783 0.4404081692105127 0.015619315212743068 0.012338418314939537
