0.0 0.25141058462521854 0.8145767530009878 0.04130014687285144 0.03267909532103064
0.0 0.32312189415890874 0.8507512335813866 0.03757676303274249 0.03919854500783759
0.0 0.430438979470405 0.8195699608547785 0.09059446486087341 0.06097560457887563
0.0 0.4666767761592876 0.7628516554940463 0.060828526124589166 0.02386896848163511
0.0 0.4897513753277779 0.7298321748097147 0.07870325604129852 0.06564364329448102
0.0 0.42600073913395936 0.7063559052886328 0.07634793531585593 0.07592115058556781
0.0 0.4153652156002682 0.649380268409329 0.12666211774452152 0.05974227203533922
0.0 0.42256518678534727 0.5906615760718585 0.07840619497565599 0.06116409187201477
0.0 0.3762692398064089 0.583983372733571 0.024370374782634208 0.020017170533695006
0.0 0.48699721751531444 0.582933186656833 0.05979454981748056 0.03760174384249659
0.0 0.5634495658737331 0.696873676163678 0.054753349525653916 0.048351578571331655
0.0 0.47276259038073787 0.5533020452756496 0.039805148590221884 0.022989830216868623
0.0 0.5188386102717644 0.5480113935599443 0.03263516512138109 0.030159813685709747
0.0 0.5178936703528275 0.5072558616253634 0.044623339300236486 0.033783007150917366
0.0 0.44632649034746585 0.44335880175566544 0.12111053975965719 0.0748470749964214
0.0 0.516195957250207 0.4124445355944907 0.06779577686588373 0.04859046400291683
0.0 0.5102476979116796 0.44965650254105893 0.021648360419766643 0.04324366777234728
0.0 0.5175573919968012 0.4772891724043098 0.017643773456233136 0.012180928908544664
0.0 0.49414475048897644 0.4843716652088182 0.03595482958214968 0.023578072403793282
0.0 0.4498515603720764 0.3722931705730233 0.11771329584844176 0.047720600081184616
0.0 0.5225060637489506 0.3822633537571699 0.03460351535513295 0.022482829014949413
0.0 0.5437789106147519 0.35020586483042027 0.08035779632175866 0.05082429298581831
0.0 0.4662996060673462 0.3473961904201668 0.08284974516958149 0.03376950118644384
0.0 0.39497042054813836 0.30740569486089975 0.03851730194718678 0.024860190577965957
0.0 0.39322069679926114 0.2249862623882227 0.04050592903520445 0.027531673234444665
0.0 0.43981723281045815 0.21900092843136432 0.048597065509655646 0.03144031935207192
0.0 0.4528622971718723 0.25232350160119676 0.023032281476650762 0.013899088248484182
0.0 0.5511278757129234 0.19944076651121992 0.12983546112849303 0.07264630726988058
0.0 0.5886715864430829 0.15702886352889964 0.04996512862432201 0.03519837695635181
0.0 0.5059575963580054 0.13992659565570364 0.076000627587265 0.06345315651679329
0.0 0.4686646734698721 0.15928234555652007 0.0642962935530188 0.06933235337041893
0.0 0.412502725028576 0.14689690202956554 0.07090565266587362 0.05852889548751711
0.0 0.5688386626273099 0.1101040449167563 0.04185460624103676 0.05670671485506462
