0.0 0.1267361111111111 0.4760251322751323 0.04117063492063493 0.04861111111111116
0.0 0.18167162698412698 0.44775132275132284 0.031001984126984128 0.045634920634920584
0.0 0.1987847222222222 0.47867063492063494 0.02058531746031747 0.03670634920634919
0.0 0.23363095238095238 0.4672619047619048 0.04861111111111113 0.11044973544973546
0.0 0.24479166666666666 0.5476190476190477 0.02033730158730157 0.03240740740740744
0.0 0.3803323412698413 0.4813161375661375 0.035466269841269826 0.038690476190476164
0.0 0.4439484126984127 0.4796626984126983 0.041666666666666685 0.0982142857142857
0.0 0.4728422619047619 0.5150462962962963 0.023065476190476164 0.03207671957671954
0.0 0.4398561507936508 0.5368716931216931 0.011160714285714302 0.01620370370370372
0.0 0.5055803571428571 0.5241402116402116 0.0151289682539682 0.045634920634920584
0.0 0.5341021825396826 0.4952050264550265 0.020585317460317443 0.07705026455026465
0.0 0.558531746031746 0.470568783068783 0.009424603174603141 0.015873015873015817
0.0 0.5804811507936508 0.4123677248677249 0.046875 0.05753968253968256
0.0 0.630828373015873 0.37268518518518523 0.017113095238095233 0.019179894179894186
0.0 0.6734871031746033 0.48445767195767203 0.032490079365079416 0.06216931216931221
0.0 0.7002728174603174 0.4756944444444444 0.013640873015873023 0.035383597883597906
0.0 0.699280753968254 0.5325727513227514 0.012648809523809534 0.015542328042328024
0.0 0.7421875 0.47536375661375657 0.01215277777777779 0.03802910052910058
0.0 0.7622767857142856 0.48809523809523814 0.01810515873015872 0.042328042328042326
0.0 0.7584325396825395 0.5679563492063492 0.06597222222222221 0.030753968253968145
0.0 0.746155753968254 0.5337301587301587 0.04439484126984128 0.04894179894179884
0.0 0.6946924603174603 0.4246031746031747 0.014880952380952328 0.01851851851851849
0.0 0.7151537698412698 0.41435185185185186 0.02604166666666663 0.031084656084656048
0.0 0.9131944444444444 0.5251322751322751 0.06001984126984128 0.1071428571428572
0.0 0.9340277777777778 0.5889550264550264 0.01835317460317465 0.031084656084656048
0.0 0.9247271825396826 0.6390542328042328 0.024553571428571397 0.03339947089947093
0.0 0.9716021825396826 0.5843253968253967 0.05629960317460314 0.080026455026455
0.0 0.7831101190476191 0.6845238095238095 0.01661706349206349 0.020502645502645578
0.0 0.8080357142857143 0.7056878306878307 0.007936507936507908 0.01256613756613767
0.0 0.5512152777777778 0.3635912698412698 0.014632936507936511 0.016865079365079416
0.0 0.30208333333333337 0.5894510582010583 0.012400793650793662 0.03339947089947093
0.0 0.3247767857142857 0.5740740740740742 0.03149801587301587 0.030423280423280352
0.0 0.06808035714285714 0.5196759259259259 0.01810515873015873 0.028108465608465583
