0.0 0.8338315697149128 0.7220624102064495 0.029875565243370206 0.039428978307144424
0.0 0.8640274092275717 0.6476358273450543 0.03686055229432561 0.035063375579358125
0.0 0.8241841213863538 0.5432244247943371 0.05458516820413073 0.08740729031432531
0.0 0.7646952667935771 0.511740774257947 0.01919440266885175 0.060151114120477855
0.0 0.7299012780684615 0.49144048903714344 0.060376856857853545 0.07484885882574921
0.0 0.7117109453106405 0.5568957458153643 0.07108718167923378 0.07156012292001468
0.0 0.6557944755724038 0.5721497934962532 0.05023421749507939 0.12439140404952476
0.0 0.59668387944518 0.5697703312938347 0.05582205400198692 0.07492888012953536
0.0 0.5938096870280224 0.6164570759271173 0.018379362737171778 0.023203363393137
0.0 0.5837181737611511 0.5061849158037015 0.03332447136822436 0.05791741588883126
0.0 0.6910328695332908 0.4206808060199634 0.044747839152572855 0.05184195776428635
0.0 0.5553488126377524 0.5227923990164675 0.020096560685535447 0.038730445572302985
0.0 0.546312112543173 0.4773025248027944 0.02804197353065474 0.030785032727183914
0.0 0.5057699658487149 0.4815734305762917 0.030719597273182075 0.04273230478901702
0.0 0.4479324176571778 0.5581208899273584 0.06615417707405769 0.11742100757470741
0.0 0.4114141601974257 0.4910101521154371 0.04387475830838583 0.06515711414352632
0.0 0.4489876562012939 0.49389886657660553 0.042361185641864474 0.01843035885835076
0.0 0.47593088886157375 0.48435642007670276 0.010943225782570565 0.016996873664566092
0.0 0.4849021794970962 0.507112285936582 0.021027880949080924 0.03474317693172713
0.0 0.37681632895417694 0.5604126101660976 0.03870893781638407 0.11627130130445218
0.0 0.38081839613044943 0.4871864886521032 0.02002378267992877 0.0334553139181063
0.0 0.3471303608525896 0.4686033541161274 0.045082623649988274 0.07781015751202675
0.0 0.3506589881577762 0.5460532456123868 0.027430955894519604 0.0818191985843234
0.0 0.31662867222440366 0.620410693385856 0.022119295810088313 0.037253415515077104
0.0 0.2346275971581906 0.6288870174889591 0.024680469072020594 0.039057882791759924
0.0 0.22485601786314896 0.5829351118821335 0.027983819185661063 0.046996057065053276
0.0 0.2570016443460243 0.5672116808037799 0.012238379357906726 0.022359321910617957
0.0 0.19626879063193625 0.4735942247587274 0.0631564775690927 0.1265306038337336
0.0 0.15093185515508747 0.4396404030071235 0.03170915695608584 0.0480729238871051
0.0 0.1406432485883363 0.5234749799853338 0.05836866031954918 0.07227313279850772
0.0 0.16298059483402882 0.5590621983995798 0.06538272454300142 0.05980201790178674
0.0 0.15522414107295648 0.616048171139672 0.05377018498869418 0.06748548097134033
0.0 0.10578390712040686 0.46324011184267044 0.05439582628544237 0.037937471106266996
