0.0 0.019921535547071732 0.4700328206871749 0.039843071094143465 0.06996919397459272
0.0 0.2609637993862013 0.5424818521948351 0.06538823052554554 0.08699903913060064
0.0 0.2725902771111517 0.4816753809434573 0.03776204250333287 0.051693538616654544
0.0 0.3627937033266694 0.5418493317499726 0.02137681800149127 0.03204630526876706
0.0 0.3763736496533475 0.5220765627855906 0.08259701355173266 0.09068407714922189
0.0 0.5453978928110135 0.48242763540784894 0.036938868468753605 0.054268290463373337
0.0 0.6085903125436886 0.4212042178909152 0.0602746568363457 0.07597307440794249
0.0 0.6621475080245901 0.4262340998693426 0.02763347535551408 0.04693369436128664
0.0 0.7154314987288511 0.43478488964532697 0.060647884738297186 0.08348194666061948
0.0 0.7476106466831473 0.42562060200130947 0.057736088324999324 0.09953057666496462
0.0 0.7616602629361896 0.48513999908530786 0.021948744323669223 0.02058957397115002
0.0 0.7955037286030825 0.48819420535489766 0.055792846094800064 0.0929661552362
0.0 0.8102885058611449 0.46056917101893224 0.03358556672542834 0.05186640796681147
0.0 0.8446897773368656 0.476184796301576 0.0635055939003547 0.09313550758527345
0.0 0.8448727658212662 0.42296747106897054 0.06451979453209311 0.07335440182346786
0.0 0.8057997140009959 0.3908099889681267 0.017901920558382134 0.01763008648787845
0.0 0.9102254017980462 0.42906610169645365 0.06769808524051923 0.07913878319940965
0.0 0.9306469637015445 0.389058273910039 0.008581018516928163 0.023817641671445733
0.0 0.9186740248778374 0.4639689127828346 0.016690174975716454 0.016214465352334673
