0.0 0.9284888276703416 0.5838418230825613 0.07955708086937685 0.11817099924131302
0.0 0.8553806665001302 0.4605723200356944 0.02770612187424082 0.08151240157284045
0.0 0.8204142099591719 0.4827249167676642 0.014198290535804903 0.017574370830618857
0.0 0.6679017526234772 0.47682655808022656 0.052208103447921705 0.048972693165391545
0.0 0.6391517313013719 0.4205497698014123 0.018334378721492017 0.024312854243558668
0.0 0.696914552397916 0.521855412463012 0.027397042307274466 0.0382286332531363
0.0 0.701716873294952 0.5648433816146209 0.020586268971094723 0.04787625135417528
0.0 0.6680154679574007 0.5637664773855884 0.02959539969758107 0.06307486262115436
0.0 0.6364801856070318 0.5677245819929115 0.034465320165421476 0.025392104373108793
0.0 0.5645540510561422 0.5413223924433349 0.040983029768843604 0.03022177382912372
0.0 0.5503205893957679 0.5109306407800522 0.022863170570755376 0.032077056375352186
0.0 0.5279579730712181 0.5805865175522151 0.043678422554579766 0.038684637118500675
0.0 0.5091525318283098 0.43598381892904303 0.03523548783080632 0.03228141757284397
0.0 0.5015336944070342 0.5084796654362231 0.018841961977653476 0.036003703476292004
0.0 0.4868383684758002 0.5053099027045982 0.017919009608375447 0.046193682077443565
0.0 0.4595093138255507 0.5021370150028155 0.02227665501901921 0.029732165670067146
0.0 0.4778964405423005 0.4423413238351962 0.008494121682551647 0.02157643282495636
0.0 0.45045895318009027 0.4442061804051065 0.05381759938597497 0.08793007736482572
0.0 0.38303856563429955 0.5264461643197845 0.027646732955247777 0.021808927445465143
0.0 0.36368862362266696 0.4964818935640288 0.010554545944511773 0.02736461241244037
0.0 0.3868194584899013 0.4766333551204874 0.015123976891821045 0.022227812512159106
0.0 0.38620480082355124 0.37934403158634544 0.029319921527108272 0.05625822887947912
0.0 0.34115524025412164 0.4520680791394161 0.0405063139224372 0.040154638891727434
0.0 0.32057638837920355 0.40810987904534746 0.057017841441134365 0.09324036960424403
0.0 0.31751643404450514 0.5166512396285248 0.029877915569606783 0.02052335975272601
0.0 0.3321865545825709 0.4950542910385359 0.015302549118213826 0.028384860260618594
0.0 0.25308506776334566 0.34378286260353447 0.03334894399420396 0.06556237680722188
0.0 0.23700590409912217 0.3818499234417331 0.009304928445982463 0.01556474399261698
0.0 0.19310513945554794 0.34356189837240514 0.02265919890808371 0.03398313489693933
0.0 0.1559803738014012 0.3468672555748564 0.01359145543504564 0.02167998114137104
0.0 0.1953175548657664 0.2081115397073314 0.028518886451968317 0.02774520138440678
