0.0 0.674743833424396 0.9460242620364749 0.06667620851226619 0.048390641631589015
0.0 0.6659233591393878 0.9810789302388401 0.028094591274359426 0.0076786670871955565
0.0 0.496518877020109 0.7372237075874724 0.08349550996498684 0.05526827565403847
0.0 0.5500875688048481 0.6995467785991538 0.049827508844402346 0.03163070685149538
0.0 0.45280606423179837 0.6387645783614225 0.031291580824336196 0.01735549344440268
0.0 0.46596002187251473 0.6170645364293569 0.0841763560942323 0.07361333444956908
0.0 0.43061946684906416 0.43683464712040965 0.05284412405945821 0.03020907767803732
0.0 0.462145481941188 0.34925664780255666 0.07228590879818902 0.05178121972325489
0.0 0.43398428735352457 0.29980641937865454 0.04655503123453669 0.021345803107777894
0.0 0.40254716904371834 0.2521521307471038 0.08053478399972408 0.05070978170891072
0.0 0.39737696373646336 0.21713631242264617 0.09889868349967029 0.04430827752094951
0.0 0.33387343412489406 0.22949628244979348 0.018480038770272933 0.020255336525678458
0.0 0.31619781191053103 0.1981939842357859 0.09200713978588582 0.0434527461755439
0.0 0.3363984622922101 0.17191445857936355 0.0508451440626535 0.02696738925244868
0.0 0.3063683992905166 0.14554183524882658 0.09066940710823085 0.05196791604038964
0.0 0.35760059519432186 0.12220192053621115 0.06854381119938907 0.05700437578925299
0.0 0.4056136712842406 0.14587900671683277 0.016000185789239008 0.016355245340320124
0.0 0.32230106710798856 0.05835600664854554 0.07413536626546308 0.0666791156927598
0.0 0.351758428504406 0.02043070571670816 0.024465725765392576 0.013813939232959205
0.0 0.2859443551147691 0.06888953282023488 0.01467079892638512 0.015292153140777087
