0.0 0.0083857261987893 0.51530838544341 0.009897573727199238 0.012129966376872248
0.0 0.01050413581964657 0.5736488089736902 0.012962002844410347 0.01898269817231657
0.0 0.03838630632567672 0.5630391111023132 0.05916042648068659 0.07844018118240859
0.0 0.0729520843538358 0.5177501184383666 0.02993388610181008 0.043395890261959946
0.0 0.1115628161174734 0.5465747755929028 0.022126051468003338 0.0309879738045844
0.0 0.11811595288667162 0.5177877121675101 0.03665313514700369 0.0312412741780993
0.0 0.17921839514686336 0.525011165513037 0.07679455179556277 0.06624142290619917
0.0 0.3336548102341446 0.49523673766980914 0.0517207420222231 0.08635665222321126
0.0 0.4022898103585496 0.4949742592541897 0.0581102576622185 0.11277005344815327
0.0 0.40045503612642586 0.4360824736158697 0.01908780173146446 0.01590833341223319
0.0 0.43189161395851305 0.49078087557214145 0.04072092481549883 0.10126611940511704
0.0 0.4506853238078443 0.5613811134455262 0.029897960478457497 0.04877182560751159
0.0 0.4830567872700652 0.5394421927945254 0.06336885929522396 0.11018145667624724
0.0 0.5178286568959478 0.4317278908931399 0.022608665408716644 0.021255700166490477
0.0 0.5490354877743304 0.47841498896070594 0.050452528316846545 0.08867379640973405
0.0 0.5620327059913739 0.5511745736317475 0.05025675116237893 0.10288709908497451
0.0 0.5156058138526884 0.3831327359911937 0.01634279157619556 0.015125122858192175
0.0 0.501548396474209 0.3692539014103848 0.01399545442459832 0.019474963655614075
0.0 0.5407248693416296 0.3880871571949382 0.031150025146129523 0.033788307368470494
0.0 0.5867995091202872 0.42604141605531365 0.01451705333603237 0.021146583022940257
0.0 0.6422502657648539 0.4592152438705257 0.03962622053214926 0.04314393016193713
0.0 0.6513176713846094 0.5103366501720755 0.04343698034301502 0.06975215430431275
0.0 0.785792968791641 0.4356532311932588 0.0370115390796667 0.04871468842492255
0.0 0.9143309893701982 0.4163189981477087 0.03173344496130093 0.045601338694118365
