0.0 0.21989986536757053 0.7749915183482325 0.06974080333871574 0.08241973525380697
0.0 0.2683586842023441 0.8073839092854183 0.017482469651847243 0.018864005291101438
0.0 0.3281725113245405 0.7392698107671271 0.02754115976502991 0.033000453823373244
0.0 0.3615209835285472 0.670729312737125 0.07816431498758658 0.09001878208570346
0.0 0.47744328717867995 0.7027757263364041 0.03489415378429561 0.040487144839985945
0.0 0.43319545321363745 0.6054019455516808 0.07977150390823617 0.09196021349972083
0.0 0.47059972247142473 0.5978928809587447 0.0460214782254279 0.05237208559941897
0.0 0.5397670493705491 0.5715415600143265 0.051496122726038984 0.05345701202046449
0.0 0.49337838038916443 0.5147600595495592 0.08325892564919524 0.10266727309742801
0.0 0.5629943299623595 0.5414122745999297 0.05111326393455329 0.06147478122896011
0.0 0.6217378619333507 0.5960128153067142 0.04915847899153347 0.0507405601268085
0.0 0.5314800449616879 0.6210035475757674 0.03238694946732945 0.03869299117553815
0.0 0.5638448404517908 0.41772789492749607 0.04602712813039411 0.05946367636378597
0.0 0.6341295571820567 0.4305693211351459 0.03126516100453802 0.03529835375784468
0.0 0.7630630696306764 0.528158457052197 0.028003278933364073 0.032860936503644966
0.0 0.7642671498633646 0.2963445973039466 0.06487173234689247 0.07804088658558994
0.0 0.8054371061714307 0.297316331208225 0.03781314808723757 0.04004143137635724
0.0 0.8929696796941871 0.2440326417235658 0.04052166913363742 0.050236984274199425
