0.0 0.9434964157181283 0.5048288886573916 0.024118484068848534 0.03341516954405144
0.0 0.9159490225642413 0.4891872388439989 0.03999232486827087 0.07400458880193994
0.0 0.8642048319620789 0.47737005468101856 0.014501807219375662 0.03883947163413454
0.0 0.878648786018639 0.47899691687319995 0.005504999471013461 0.022057634585399
0.0 0.9027486778743186 0.3972039464963152 0.03248685209137081 0.045562678003648216
0.0 0.8003368406496054 0.5040498002760577 0.03503613882927625 0.052646933266042584
0.0 0.7725663969493197 0.4932378987955155 0.013550715055202667 0.024359056705235194
0.0 0.7620292477900408 0.5208197310792018 0.025903164538671364 0.03421727350023496
0.0 0.7343563323501651 0.5277518700686824 0.033879898085293236 0.0564791578989976
0.0 0.5883986405443841 0.2853109058260076 0.01474248363373154 0.00907377297812001
0.0 0.5966638116091875 0.36575667431215325 0.0457297062275428 0.07807914836889907
0.0 0.5884068645999314 0.4118976283547465 0.03249514661746844 0.03378005436607362
0.0 0.5781044470590674 0.45737807088949467 0.017784043555234108 0.019144534112580824
0.0 0.5596814575710558 0.43169161460704264 0.025597377251164732 0.039429031250856894
0.0 0.5618879782231982 0.3981618783671633 0.021179636486566955 0.03349963431142938
0.0 0.5501907876260699 0.33641544166724685 0.03546565086987907 0.0667569336888546
0.0 0.5128162469147735 0.3343607259541109 0.057110051132963024 0.06429041796340423
0.0 0.5068470358645072 0.42776217208365636 0.06223406038432938 0.12035724030653272
0.0 0.5144053157747279 0.517723079945132 0.05607131424750322 0.0962813684979742
0.0 0.4384028119169239 0.4005683273211017 0.024168803422696783 0.039965610449667566
0.0 0.42636458229637497 0.39492679808495423 0.009380147698165586 0.01845008474714399
0.0 0.4047580595979935 0.4255801365516394 0.01824521226596615 0.06631587862555172
0.0 0.32641148516086016 0.44117915552317627 0.05346341362965251 0.09442929596753835
0.0 0.2999026203725667 0.5118894813119881 0.058262420712529295 0.10497259651476804
0.0 0.27963308803818404 0.47590344183732647 0.01981797106414207 0.017021407140707046
0.0 0.216717363754962 0.5351882698280432 0.054527310192036216 0.06571356588577626
0.0 0.11788028006857151 0.5166444917857026 0.04356583307096534 0.06971748489551977
0.0 0.1090686453019058 0.4717480791836118 0.016181701718453345 0.03243200559787296
0.0 0.06512894167231276 0.4128318848197996 0.01841248328107381 0.023778862701719472
