0.0 0.063875 0.47933333333333333 0.06425 0.10999999999999999
0.0 0.154125 0.5906666666666667 0.016249999999999987 0.07999999999999996
0.0 0.1855 0.5636666666666666 0.01200000000000001 0.016000000000000014
0.0 0.33725 0.5473333333333333 0.046499999999999986 0.04266666666666663
0.0 0.373875 0.5988333333333333 0.015249999999999986 0.022333333333333316
0.0 0.30200000000000005 0.507 0.02250000000000002 0.03533333333333338
0.0 0.291 0.4651666666666667 0.014000000000000012 0.04633333333333334
0.0 0.3245 0.4613333333333333 0.02100000000000002 0.06066666666666665
0.0 0.355125 0.4528333333333333 0.03175 0.02100000000000002
0.0 0.430125 0.4685 0.037750000000000006 0.025000000000000022
0.0 0.44862499999999994 0.4965 0.01874999999999999 0.02966666666666662
0.0 0.460625 0.42433333333333334 0.03925000000000001 0.033333333333333326
0.0 0.50025 0.5646666666666667 0.03150000000000003 0.028000000000000025
0.0 0.49724999999999997 0.49183333333333334 0.013999999999999957 0.03433333333333333
0.0 0.5122499999999999 0.49283333333333335 0.011499999999999955 0.044999999999999984
0.0 0.53975 0.492 0.01849999999999996 0.027333333333333376
0.0 0.5302499999999999 0.5538333333333334 0.005499999999999949 0.02100000000000002
0.0 0.5571250000000001 0.548 0.04225000000000001 0.08266666666666667
0.0 0.611875 0.4568333333333333 0.025249999999999995 0.018333333333333313
0.0 0.635375 0.4836666666666667 0.006750000000000034 0.026666666666666672
0.0 0.615375 0.5066666666666668 0.012249999999999983 0.020666666666666722
0.0 0.630125 0.6028333333333333 0.021750000000000047 0.05366666666666664
0.0 0.664125 0.5243333333333333 0.03574999999999995 0.03533333333333333
0.0 0.6908749999999999 0.5648333333333333 0.044749999999999956 0.08766666666666667
0.0 0.6781250000000001 0.45699999999999996 0.027750000000000052 0.016666666666666663
0.0 0.66675 0.4805 0.011499999999999955 0.027000000000000024
0.0 0.767 0.6186666666666667 0.024499999999999966 0.06266666666666665
0.0 0.777375 0.5786666666666667 0.007249999999999979 0.014666666666666717
0.0 0.8263749999999999 0.6101666666666665 0.01824999999999999 0.03166666666666662
0.0 0.862625 0.6015 0.010750000000000037 0.020333333333333314
0.0 0.843875 0.7445 0.025249999999999995 0.024333333333333318
