0.0 0.1267361111111111 0.5239748677248677 0.04117063492063493 0.04861111111111116
0.0 0.18167162698412698 0.5522486772486772 0.031001984126984128 0.045634920634920584
0.0 0.1987847222222222 0.5213293650793651 0.02058531746031747 0.03670634920634919
0.0 0.23363095238095238 0.5327380952380952 0.04861111111111113 0.11044973544973541
0.0 0.24479166666666666 0.45238095238095233 0.02033730158730157 0.032407407407407385
0.0 0.3803323412698413 0.5186838624338624 0.035466269841269826 0.03869047619047622
0.0 0.4439484126984127 0.5203373015873016 0.041666666666666685 0.09821428571428575
0.0 0.4728422619047619 0.4849537037037037 0.023065476190476164 0.03207671957671954
0.0 0.4398561507936508 0.46312830687830686 0.011160714285714302 0.01620370370370372
0.0 0.5055803571428571 0.47585978835978837 0.0151289682539682 0.04563492063492064
0.0 0.5341021825396826 0.5047949735449735 0.020585317460317443 0.07705026455026459
0.0 0.558531746031746 0.529431216931217 0.009424603174603141 0.015873015873015817
0.0 0.5804811507936508 0.5876322751322751 0.046875 0.05753968253968256
0.0 0.630828373015873 0.6273148148148148 0.017113095238095233 0.019179894179894186
0.0 0.6734871031746033 0.515542328042328 0.032490079365079416 0.06216931216931215
0.0 0.7002728174603174 0.5243055555555556 0.013640873015873023 0.035383597883597906
0.0 0.699280753968254 0.46742724867724866 0.012648809523809534 0.015542328042328024
0.0 0.7421875 0.5246362433862435 0.01215277777777779 0.03802910052910058
0.0 0.7622767857142856 0.5119047619047619 0.01810515873015872 0.042328042328042326
0.0 0.7584325396825395 0.4320436507936508 0.06597222222222221 0.030753968253968256
0.0 0.746155753968254 0.4662698412698413 0.04439484126984128 0.04894179894179895
0.0 0.6946924603174603 0.5753968253968254 0.014880952380952328 0.01851851851851849
0.0 0.7151537698412698 0.5856481481481481 0.02604166666666663 0.031084656084656048
0.0 0.9131944444444444 0.4748677248677249 0.06001984126984128 0.10714285714285715
0.0 0.9340277777777778 0.4110449735449736 0.01835317460317465 0.031084656084656104
0.0 0.9247271825396826 0.3609457671957672 0.024553571428571397 0.03339947089947093
0.0 0.9716021825396826 0.4156746031746032 0.05629960317460314 0.080026455026455
0.0 0.7831101190476191 0.31547619047619047 0.01661706349206349 0.020502645502645522
0.0 0.8080357142857143 0.2943121693121693 0.007936507936507908 0.012566137566137559
0.0 0.5512152777777778 0.6364087301587302 0.014632936507936511 0.016865079365079416
0.0 0.30208333333333337 0.41054894179894175 0.012400793650793662 0.03339947089947087
0.0 0.3247767857142857 0.42592592592592593 0.03149801587301587 0.030423280423280408
0.0 0.06808035714285714 0.48032407407407407 0.01810515873015873 0.028108465608465583
