0.0 0.6516425593486204 0.9537792475911152 0.09664974382328251 0.0698382624142071
0.0 0.6664941265491073 0.9000044352376432 0.08983979403911035 0.039412385691227625
0.0 0.6252248614766889 0.8845475793486155 0.03523964536405966 0.032979375128992294
0.0 0.6455793274905448 0.867051861448384 0.01256885062525992 0.011321804978326022
0.0 0.6823342860641264 0.853391913351299 0.038590516063091385 0.051372733944161975
0.0 0.5708757402450216 0.8753153919522789 0.016198198921063556 0.01011885139226154
0.0 0.5516853082426951 0.8673277651635721 0.021043297080282963 0.014886009198547656
0.0 0.44372999653311457 0.9831717911997759 0.05006415821515575 0.03365641760044802
0.0 0.4232158086889899 0.892073970014253 0.03701791871135146 0.03008122730028251
0.0 0.6032594092790398 0.8514304058428878 0.015697736261741868 0.012112480026807315
0.0 0.697699642943768 0.7995709534362727 0.018830202157112508 0.01672581262791184
0.0 0.6069102436339027 0.7613703325341196 0.04501497628783002 0.035895954994627166
0.0 0.5654542023818243 0.691935574539235 0.06429432105637567 0.06897074223237709
0.0 0.508797104860711 0.6935283434554124 0.05590302117524121 0.0322870942364335
0.0 0.559063759122255 0.6342419132779697 0.1256065561021577 0.07447768457787451
0.0 0.5205156169655583 0.44917605017150086 0.08341533381437177 0.05488916464076249
0.0 0.5192185106576985 0.4789443072750191 0.02981770268540984 0.021789846333273966
0.0 0.475143392879679 0.46684707483024573 0.06037018609680228 0.0479776699803981
0.0 0.46246335182114556 0.42370256580895316 0.05160095297800926 0.022217439922133098
0.0 0.47490052447552167 0.38917870465684823 0.06421595116482376 0.03405303457961378
0.0 0.5943256911648243 0.45018611167778155 0.07268880539240108 0.06029628927599712
0.0 0.4698324472380313 0.35389642452088044 0.08333179143648567 0.038827849911537815
0.0 0.5617116891384866 0.29851196970713045 0.029278252982311126 0.03091500039391143
0.0 0.5857106205974233 0.2831491023725202 0.018006706566909836 0.015122913508375413
0.0 0.5145130561123178 0.29200411440457286 0.02951774353530595 0.018450213418768957
0.0 0.4902617073902782 0.25650258274928994 0.07030345322712445 0.048869856170450865
0.0 0.4591059233217881 0.24984862723643086 0.06626036910477617 0.022769652167962118
0.0 0.4639587802105086 0.22506982897492067 0.03230410271901818 0.019210123426214004
0.0 0.5914382931242352 0.24119988941165438 0.03232717649979544 0.019467018265791253
0.0 0.57479532796435 0.20967639900700055 0.03930739549463058 0.03665742349489648
0.0 0.5132513610950742 0.1991481836550784 0.03887257391875215 0.03559907909555099
0.0 0.5542133085976129 0.1785067065742643 0.04981034662660622 0.036326665569135164
0.0 0.5556142469189701 0.14989447624884394 0.06320786532840272 0.030394976743459007
0.0 0.464794410902824 0.1901636750798565 0.03047610155128333 0.017771824023146005
0.0 0.4628924162161486 0.14592161984613194 0.013781020229786778 0.013469258818053303
0.0 0.5438523849149166 0.07468503908835576 0.1294523211701793 0.06055304917709017
0.0 0.639390210888281 0.1234652752211447 0.015536219796301265 0.010314216149766298
0.0 0.6219963538374143 0.07012649322858226 0.0352416333955029 0.0594810831577773
0.0 0.5384218918987703 0.010536176886815574 0.10695736393237426 0.021072353773631147
0.0 0.496940982230743 0.0329318351929224 0.10887049970544088 0.05080493677008868
0.0 0.5968670095281197 0.0011219393912241873 0.03206461216602319 0.0022438787824483747
0.0 0.5839683612581992 0.015792387942329046 0.018533823265897253 0.01720883726603016
0.0 0.42496765293297956 0.24074339623630064 0.009367163387557553 0.005937787858489724
0.0 0.7062111109397625 0.2100443583528222 0.010856218361411152 0.011167979773144543
