0.0 0.0355 0.5163333333333333 0.043 0.1353333333333333
0.0 0.082875 0.5348333333333334 0.04775000000000001 0.1396666666666666
0.0 0.13175 0.4836666666666667 0.04899999999999999 0.0673333333333333
0.0 0.10300000000000001 0.39866666666666667 0.020000000000000004 0.02200000000000002
0.0 0.13825 0.4066666666666666 0.03399999999999999 0.035999999999999976
0.0 0.318 0.5228333333333335 0.026000000000000023 0.039000000000000035
0.0 0.323125 0.5678333333333332 0.017749999999999988 0.03966666666666663
0.0 0.331 0.637 0.031000000000000028 0.06866666666666665
0.0 0.382625 0.48333333333333334 0.05125000000000002 0.10799999999999998
0.0 0.419375 0.43233333333333335 0.022249999999999992 0.03733333333333333
0.0 0.39675000000000005 0.417 0.02350000000000002 0.02400000000000002
0.0 0.4035 0.3938333333333333 0.01100000000000001 0.02300000000000002
0.0 0.5255 0.5425 0.028000000000000025 0.032333333333333325
0.0 0.578 0.5493333333333333 0.026499999999999968 0.03266666666666662
0.0 0.655375 0.5951666666666666 0.02024999999999999 0.042333333333333334
0.0 0.670625 0.5781666666666667 0.008750000000000036 0.05566666666666664
0.0 0.6528750000000001 0.506 0.017750000000000044 0.07400000000000001
0.0 0.685125 0.6088333333333333 0.01824999999999999 0.04033333333333333
0.0 0.710375 0.6075000000000002 0.021750000000000047 0.02300000000000002
0.0 0.7013749999999999 0.5758333333333332 0.014249999999999985 0.023666666666666614
0.0 0.72525 0.5676666666666667 0.026499999999999968 0.050000000000000044
0.0 0.7698749999999999 0.6466666666666666 0.03225 0.04600000000000004
0.0 0.832375 0.6436666666666667 0.028750000000000053 0.05400000000000005
0.0 0.8895 0.692 0.012499999999999956 0.03200000000000003
0.0 0.976 0.7046666666666667 0.02200000000000002 0.05400000000000005
0.0 0.683 0.531 0.012499999999999956 0.014000000000000012
0.0 0.46825000000000006 0.6998333333333333 0.02250000000000002 0.02966666666666662
0.0 0.419875 0.5791666666666666 0.012749999999999984 0.025666666666666615
0.0 0.4347500000000001 0.5375 0.01050000000000001 0.014333333333333309
