0.0 0.13241473779193752 0.43084943934926023 0.046772075337179975 0.05325337093214627
0.0 0.19037862981674777 0.40946003939135645 0.0363171443646117 0.0490636923680452
0.0 0.20360808909107514 0.4422295877703073 0.024892792693226196 0.038935599815653144
0.0 0.23958235303606046 0.43513936818792165 0.06167110900311412 0.11553787683683381
0.0 0.24089660339103944 0.516257212695373 0.024124272664360735 0.034638374407305994
0.0 0.38348915409700457 0.46691438305889266 0.03990457071666409 0.04271313214114947
0.0 0.44683478538030175 0.47300284775533274 0.05329145200970825 0.10254929853145184
0.0 0.47121528147786107 0.511635022573537 0.02679205368727805 0.03464162279673716
0.0 0.43582168046461833 0.5292907434632654 0.013046849480146727 0.017439727605623956
0.0 0.502605861676019 0.5246393930282687 0.020561733997149 0.047135045936510855
0.0 0.5344321264042045 0.49938412943591215 0.029794769040042857 0.07898060116628697
0.0 0.5616741076551546 0.47789872699327984 0.01128342133721516 0.016900544186185917
0.0 0.5905325896362041 0.4227958453728571 0.05351903955572479 0.06280889657517652
0.0 0.6453283979743352 0.3895247448542243 0.019316749573857872 0.021117109461348482
0.0 0.674090178048169 0.5056523301431879 0.03980322078607623 0.06565638877044166
0.0 0.7017422065940048 0.5002086215226988 0.01783908012150026 0.0367788661379016
0.0 0.6938465103997067 0.5565449682708018 0.014443558934115752 0.016964062776602562
0.0 0.7433865172295757 0.5049732157899807 0.0166834514714731 0.03922395726285571
0.0 0.7617800233172687 0.5200513109954603 0.023114072101145244 0.044214289982535515
0.0 0.7482607575102412 0.5988536253491185 0.06922017680086379 0.03854204431802333
0.0 0.7402335761721532 0.5633893342698877 0.050012573202061095 0.053973364954540415
0.0 0.7024110258381953 0.4488178546413429 0.017020784722952875 0.020189418124936354
0.0 0.7239663186687015 0.44112863123633983 0.029625652729206364 0.034018530854683426
0.0 0.9070793359447442 0.5751511438360294 0.07259350886482485 0.11364171429961112
0.0 0.9200035461919106 0.6410323714632569 0.021994125832466738 0.03308434273940897
0.0 0.9046845701301951 0.6896303191670832 0.028429843945188882 0.03613538426364871
0.0 0.9578620785470023 0.6410025111640616 0.06560606357274623 0.08627419508113843
0.0 0.7585919998343247 0.7175558627341971 0.018985113535835874 0.02236979012431828
0.0 0.7807613891016014 0.7415916541569993 0.009404550275362689 0.013437356423341762
0.0 0.5674101215347646 0.3708248404063673 0.016573705766009805 0.0185180944444997
0.0 0.2926810007363262 0.5647404919817758 0.01636710788260043 0.03465876433950521
0.0 0.31707469022660667 0.552234799883381 0.034961214775040994 0.03402502763354576
0.0 0.06888979523170424 0.4670498665932523 0.02138632633956239 0.030100068195017038
