0.0 0.009569027546467546 0.5724758435360199 0.01913805509293509 0.06635030156445976
0.0 0.038264676143361154 0.5918827917868594 0.044936300578788835 0.03914015810327831
0.0 0.09696771745191904 0.613857713948635 0.0401167010065146 0.0939923204100297
0.0 0.14195010331422206 0.5865948390372232 0.013438579443050214 0.05486674533358382
0.0 0.11175573909416517 0.7178257856626351 0.009181687570253783 0.023339478207156428
0.0 0.1461776593907339 0.7082746182296369 0.007855451056491658 0.012701406240934854
0.0 0.16890623746657685 0.6672277047871842 0.058724193695340876 0.07212183449938958
0.0 0.38227671495778337 0.5950286222328376 0.03669435612824817 0.06130420696689087
0.0 0.41566187941895716 0.6122248659666507 0.04199273282334626 0.03610157161872907
0.0 0.4110855620797895 0.6436465947514531 0.0362851528787384 0.05072799970296116
0.0 0.5182839472272676 0.5771818479167998 0.020763490629338466 0.03264083176767951
0.0 0.5375375257813794 0.6308871581678455 0.05320585361431651 0.09406390713020973
0.0 0.604979043208363 0.6712615910466604 0.022466536239843293 0.021801405136096297
0.0 0.6067976913948232 0.7080278383909483 0.015494166826159117 0.017679597595613883
0.0 0.6002248975142157 0.6484224802326093 0.02214794608868431 0.03963139224432233
0.0 0.6137289308353927 0.6280433744833971 0.03909937034660538 0.0789122178423246
0.0 0.6737581520768394 0.6781533913704316 0.007748697462630627 0.0066084727133498555
0.0 0.675366690917299 0.6156198460781126 0.023086018577973322 0.04902613162411018
0.0 0.6977087190182198 0.57802696973912 0.006272071436256077 0.01178315772444638
0.0 0.7101792811839773 0.5502084900387362 0.014408932923359985 0.019634963024230068
0.0 0.7362434847114305 0.607648659058027 0.005385761694346791 0.007666211192908223
0.0 0.8246086231585443 0.6086968264020257 0.027993003149496154 0.027042815858428826
0.0 0.6969898311805183 0.5636485892298821 0.009188143768458001 0.014414173869327973
0.0 0.7217829022024373 0.5534478424228202 0.00783118373235292 0.00783118373235292
0.0 0.8894406379041624 0.5944416619727084 0.04933712576599314 0.06377997259021606
