0.0 0.970734126984127 0.43154761904761907 0.025793650793650702 0.06349206349206349
0.0 0.6014384920634921 0.4280753968253968 0.01736111111111116 0.02876984126984128
0.0 0.5780009920634921 0.4492394179894179 0.039434523809523836 0.07837301587301587
0.0 0.5789930555555556 0.40343915343915343 0.016121031746031633 0.01851851851851849
0.0 0.5502232142857143 0.3746693121693122 0.03397817460317465 0.09060846560846564
0.0 0.5241815476190477 0.3923611111111111 0.03893849206349209 0.08432539682539686
0.0 0.48623511904761907 0.37566137566137564 0.03497023809523814 0.060846560846560815
0.0 0.45300099206349215 0.4403108465608466 0.060267857142857095 0.08895502645502645
0.0 0.49156746031746035 0.4442791005291005 0.004960317460317443 0.007605820105820116
0.0 0.4072420634920635 0.45023148148148145 0.0401785714285714 0.10218253968253965
0.0 0.4340277777777778 0.3037367724867725 0.026289682539682557 0.030753968253968256
0.0 0.3060515873015874 0.48809523809523814 0.045634920634920584 0.128968253968254
0.0 0.2075892857142857 0.4439484126984127 0.014880952380952328 0.022817460317460292
0.0 0.19295634920634924 0.4548611111111111 0.012400793650793607 0.017526455026455
