0.0 0.5137507975268455 0.10338434652191952 0.1402761129914764 0.0965755378327352
0.0 0.48835496685426577 0.1426456682410022 0.146209480222815 0.1027061098256205
0.0 0.5254325074117818 0.1960996545513581 0.08159198712566207 0.07291497761760873
0.0 0.6072928076367453 0.1858720461837342 0.028364233487385482 0.027417650631961582
0.0 0.5935894822865078 0.2161476443725768 0.046958194860501234 0.04601161200507725
0.0 0.45582318656312887 0.35663841067174173 0.04624094746771812 0.040088158907462035
0.0 0.41434629081746166 0.35295977140713086 0.04331517387771516 0.032942203420360416
0.0 0.3505951925626782 0.34730348162133345 0.07509930344288074 0.05727199299906205
0.0 0.47948919391121836 0.4221281645867382 0.11918279957092354 0.09232351104826753
0.0 0.518651604986854 0.4646302507625395 0.04313691327261898 0.035998100904629626
0.0 0.5366330249247314 0.4470779354957233 0.03166165018632072 0.03142500447246477
0.0 0.5562553856327341 0.4574280567077659 0.025418130233626823 0.019738633101082814
0.0 0.39986083063703726 0.5399117933584248 0.041091024385446706 0.03904009486536131
0.0 0.3840286641162215 0.5859397890233177 0.040750126470302794 0.03783149599941216
0.0 0.32848339755818745 0.6471842560807196 0.046785643416730416 0.03633379105475698
0.0 0.34098454741343576 0.6640537654280075 0.05387980706739404 0.031674550917239364
0.0 0.4092580423913698 0.6613684742251721 0.07423974840380587 0.04761710559500609
0.0 0.31068982602980644 0.6714613862525929 0.04412936322057098 0.033677510858597604
0.0 0.3072364716998082 0.6944502313412524 0.030012941836853213 0.02942132755221305
0.0 0.33741809903473396 0.6921808762692485 0.027407736498238133 0.02295090888728346
0.0 0.3403730882040906 0.7151908190710652 0.05636253302716426 0.04524018447593203
0.0 0.26099085878211226 0.7408232645145876 0.05521735990288798 0.048709602771848104
0.0 0.252172440029894 0.7976709868655415 0.06092710083291131 0.04897649228318346
0.0 0.1981080474618738 0.8402151370826663 0.034165708602465206 0.024936525762081274
0.0 0.17302471551739892 0.909429008011753 0.05350159099811508 0.030170245196075696
0.0 0.38118723548725714 0.6838943101660472 0.01795282487033989 0.017242887728772027
0.0 0.2687010557682271 0.4593447110189978 0.03633828184087995 0.03294635994227724
0.0 0.3863043426066534 0.4380149588252198 0.02856803152125409 0.02245468391330746
0.0 0.4210922713429114 0.4590934831588992 0.017398214787604227 0.015583930981374894
