0.0 0.5390772271035482 0.06513784131289502 0.11774270149637295 0.07866809291048127
0.0 0.6370446984865317 0.16974447667574116 0.08146956149676743 0.027021336418065922
0.0 0.6060135073858124 0.19713892508907202 0.017488673852469883 0.014072314631845384
0.0 0.5691125734003049 0.34523741039116757 0.04861635418032162 0.05189036510008671
0.0 0.6151292930061418 0.3885514051471095 0.02420645765282392 0.018156654866301525
0.0 0.5339701850233889 0.3048102806767818 0.03807464471420818 0.027113825548038095
0.0 0.49403064936813923 0.28820120877553385 0.04781099301467279 0.020195422647958705
0.0 0.485658989155078 0.3208640278474004 0.06296588934188896 0.029086993737363454
0.0 0.4730569348666025 0.35004156805747155 0.025138591271350652 0.03432005667677873
0.0 0.47833605394910717 0.4264783088707557 0.02992039226696519 0.04081003728270549
0.0 0.5035477381797185 0.44862827451984727 0.0319490114802079 0.02262519777392047
0.0 0.43041845563478687 0.4506619441688638 0.038380491722006194 0.04343385640251318
0.0 0.5640268615006555 0.5090775153072661 0.03203889310556174 0.035028207423608126
0.0 0.49228531896310557 0.4961606457647899 0.03592338522281141 0.018556892517970602
0.0 0.49122779028327557 0.5111566996821155 0.046148787260718416 0.01753677878798887
0.0 0.4866472970831737 0.5382853473905485 0.02960339614297125 0.022058936197425605
0.0 0.5491986680302551 0.5373173061973467 0.02155430661200186 0.008315914632082144
0.0 0.5397503450278145 0.5631440867791253 0.08766140073215523 0.05314193777376275
0.0 0.44196175322435327 0.6049330198141664 0.0216093634971935 0.027516817982856656
0.0 0.46533497692103876 0.6318768538361181 0.02733857940225448 0.010327957449562164
0.0 0.4908504420720864 0.6152046902654931 0.022145768482568384 0.014957179289171174
0.0 0.584102383452642 0.6429475399124771 0.05613385959642747 0.028874159981861935
0.0 0.5016951137792499 0.6659103773890787 0.03988385506606984 0.04023972581821822
0.0 0.5381632333286833 0.6979398756138124 0.09295593108917827 0.05630124361789546
0.0 0.43308080712882 0.6705852785279838 0.0202996673031825 0.02976582931032945
0.0 0.4579138957402662 0.6625256051465085 0.028317375572926518 0.015078983593006967
0.0 0.5810979372161715 0.7807025157654623 0.06542506192844566 0.03282730103165454
0.0 0.5400559320684152 0.785518576235549 0.015519243699142704 0.00918474431090166
0.0 0.5645702378245997 0.8383607829768678 0.033862007356768586 0.022402969137590767
0.0 0.5510350168739166 0.8730878819764575 0.021610740888768132 0.013425713589355626
0.0 0.6952558797217033 0.874039312184032 0.02755316739312419 0.028336083047850624
