0.0 0.869464911011274 0.6336543962332293 0.10081255603638695 0.12276514659828064
0.0 0.7451988463300461 0.6955439354541807 0.04645366698656728 0.07704334235969812
0.0 0.728386823177188 0.6591435140578296 0.017003525269319364 0.0189228774495942
0.0 0.6011848323266887 0.5837998782938087 0.058123932010842205 0.05628455283807887
0.0 0.5482176592225256 0.6144856928768605 0.022411894462747717 0.025810747281984514
0.0 0.6484551952509109 0.5624048224033045 0.03402360392349668 0.04018152550187859
0.0 0.6749525422403146 0.5299481944538136 0.030949040248313908 0.04646380370553571
0.0 0.646963125863417 0.5131148569763906 0.042875882737885895 0.061909458525611805
0.0 0.6233821573182609 0.4933226991646508 0.03642051776764954 0.03126225878316091
0.0 0.5509804051982194 0.47701047813653613 0.04331578486966714 0.03719784979504104
0.0 0.5234278907974836 0.4942613702884852 0.028442253021394026 0.03368048501339416
0.0 0.5418342045601507 0.4258297145366818 0.047984843455015413 0.04514580168835869
0.0 0.45054505738387307 0.5336138587612831 0.03901151946771603 0.03733208630997542
0.0 0.48244104932541915 0.4706189199714014 0.026129553650387494 0.03588626056678468
0.0 0.4688174965188201 0.46547602365222274 0.02820988691685994 0.04428446142666198
0.0 0.4449119800618163 0.4536968152584506 0.027284765145295375 0.031523334543402504
0.0 0.4284521249379015 0.5120159713773171 0.01328214215163187 0.020719631850196985
0.0 0.4071056416018436 0.4960804682693741 0.07044267414228916 0.08983612846381639
0.0 0.39546031171276064 0.3937316148761025 0.029620018212398014 0.02630113840067272
0.0 0.36396904886789927 0.4079460153626482 0.016659838233161472 0.026216612630780123
0.0 0.372360938119792 0.4362521173751314 0.019098135539459105 0.023136772418787532
0.0 0.3207365445811399 0.5150954205298923 0.04072561200193425 0.05604044294037758
0.0 0.3222943138494471 0.43224544713643887 0.04570297447253402 0.04550304195375543
0.0 0.28244944000131356 0.457201216355179 0.07465444837866475 0.09524749781286379
0.0 0.3369965216537131 0.3672709429380891 0.031154299894370296 0.02583609489485872
0.0 0.3375849898330485 0.3925537699224274 0.020980657019970483 0.028418146718535597
0.0 0.19372739833805397 0.4740796320525916 0.046764247253009456 0.06507806597313204
0.0 0.2006471861590966 0.4346543071356314 0.012281082599349763 0.015839881433609482
0.0 0.14480439935630726 0.44274078759998675 0.028804769823600307 0.03524259692827225
0.0 0.11633214477872167 0.4205425851240976 0.017642068019395107 0.022240515951303497
0.0 0.07542734064106456 0.5541220886701392 0.03202976151136119 0.03158990997004829
