0.0 0.15119485294117646 0.6977124183006536 0.027267156862745084 0.037581699346405206
0.0 0.12637867647058823 0.6213235294117647 0.034620098039215674 0.0326797385620915
0.0 0.17356004901960784 0.5200163398692811 0.04871323529411764 0.0841503267973856
0.0 0.23514093137254902 0.4928513071895425 0.015012254901960786 0.05923202614379086
0.0 0.2712928921568628 0.4750816993464052 0.055453431372549045 0.07107843137254899
0.0 0.2847732843137255 0.5416666666666666 0.06648284313725489 0.06699346405228757
0.0 0.3394607843137255 0.5608660130718954 0.041666666666666685 0.12173202614379086
0.0 0.3985906862745098 0.5627042483660131 0.05085784313725489 0.07148692810457513
0.0 0.3981311274509804 0.6094771241830066 0.016850490196078427 0.022058823529411797
0.0 0.41605392156862747 0.5002042483660131 0.02941176470588236 0.05596405228758172
0.0 0.3151041666666667 0.40727124183006536 0.04136029411764708 0.04901960784313725
0.0 0.44316789215686275 0.5187908496732025 0.01746323529411764 0.037581699346405206
0.0 0.4554227941176471 0.47406045751633985 0.026041666666666685 0.029003267973856217
0.0 0.49555759803921573 0.4812091503267974 0.027879901960784326 0.040849673202614345
0.0 0.5477941176470589 0.5616830065359477 0.058210784313725505 0.11356209150326801
0.0 0.5890012254901961 0.4973447712418301 0.03952205882352944 0.0625
0.0 0.5513174019607843 0.49754901960784315 0.04136029411764708 0.015522875816993409
0.0 0.5251225490196079 0.48611111111111105 0.009803921568627416 0.01633986928104575
0.0 0.5145526960784312 0.5081699346405228 0.018688725490196068 0.03349673202614384
0.0 0.6185661764705883 0.5690359477124183 0.030637254901960786 0.1143790849673203
0.0 0.6197916666666666 0.4957107843137255 0.017769607843137303 0.03227124183006541
0.0 0.6547181372549019 0.4795751633986929 0.03982843137254899 0.07516339869281047
0.0 0.6456801470588235 0.556576797385621 0.021752450980392135 0.08047385620915037
0.0 0.6743259803921569 0.6331699346405228 0.019607843137254943 0.03594771241830064
0.0 0.755514705882353 0.6474673202614378 0.022058823529411797 0.037581699346405206
0.0 0.7685355392156863 0.602328431372549 0.024816176470588203 0.04534313725490191
0.0 0.7375919117647058 0.5843545751633987 0.010723039215686292 0.021650326797385655
0.0 0.8048406862745099 0.49530228758169936 0.054534313725490224 0.12295751633986929
0.0 0.8524816176470589 0.4646650326797386 0.028492647058823484 0.04616013071895425
0.0 0.8567708333333333 0.5490196078431373 0.05361519607843135 0.06862745098039214
0.0 0.8319546568627452 0.5829248366013072 0.061580882352941235 0.05555555555555558
0.0 0.8356311274509803 0.6403186274509803 0.049325980392156854 0.06413398692810457
0.0 0.8958333333333335 0.49142156862745096 0.05208333333333337 0.03431372549019607
