0.0 0.9813749199496209 0.600980826464591 0.008922871837302782 0.01145492438230522
0.0 0.993065182154023 0.5437844065888108 0.011361673155913854 0.018190542140920307
0.0 0.9634679828973594 0.5475243153056908 0.052713669085745374 0.07458139561076627
0.0 0.919202610551886 0.5833916079038723 0.026284363847814074 0.041553407982828805
0.0 0.8884724738523583 0.5462795052171683 0.0195422950444899 0.02959377635949967
0.0 0.8753197102933945 0.5727113691872974 0.03447389682589208 0.028335587625886283
0.0 0.8176406515146972 0.5512914507281002 0.07214652750769357 0.06017682456768225
0.0 0.6605372749197851 0.5438314292214386 0.04422548182836261 0.0835106607084003
0.0 0.5937736253930894 0.527911402874969 0.048042687512994675 0.11003961043305427
0.0 0.5816777781051736 0.5855768109680374 0.017990685064722567 0.014384428409719208
0.0 0.5640173526344943 0.5250104591333979 0.03134032332587877 0.10001265750094446
0.0 0.562391252438034 0.45196969711772317 0.025685245153218128 0.0470925984882386
0.0 0.5257612663250343 0.4656617387251043 0.05372797963570247 0.10682435421575359
0.0 0.46658392451314923 0.56214746807127 0.021056869301558423 0.019522292001556973
0.0 0.4472587623729717 0.5094209137774575 0.0426773525301371 0.08602916125517862
0.0 0.451774777012462 0.4356476770675244 0.04098957265932257 0.10068462962937996
0.0 0.4572918076326859 0.6098977212121584 0.01524612851329199 0.01386500894329079
0.0 0.46768247164207877 0.6266985287557898 0.012374313160316008 0.018589351225322015
0.0 0.4340478696164112 0.5991630771278774 0.028541188053608835 0.03153361378861175
0.0 0.39821561724097043 0.5514195133095345 0.012736596840393188 0.020256025610400408
0.0 0.3521447431997692 0.5061120765088496 0.036290606043806795 0.0402805070238107
0.0 0.3553804429831614 0.454293679449185 0.03743217539530952 0.0672797038803381
0.0 0.20709231173899725 0.49518192733520483 0.03301585101608123 0.04628994466109404
0.0 0.07761828790719508 0.4836792122420108 0.02790670418186908 0.04363612150688406
