0.0 0.962611550018343 0.44500330069781235 0.061415505863356756 0.08731199905150111
0.0 0.7281294774716929 0.4610136882954919 0.06534515270681451 0.07297262338455779
0.0 0.6417086092794728 0.4912106146652607 0.06935410816161891 0.12496082987677964
0.0 0.6018530689342901 0.5543575859247435 0.06819385403671663 0.11678822367717762
0.0 0.5971563631696916 0.4739237571720357 0.042864790715695156 0.07128327017631947
0.0 0.5309501716886833 0.5652060716866965 0.028281632615631214 0.04255238420624785
0.0 0.4714066528137386 0.5202631099806113 0.02836510235748224 0.03217883769635388
0.0 0.42497526318029066 0.5261652337029696 0.03173723367548503 0.042686344809665044
0.0 0.3603253612184578 0.5189203712891943 0.03600297280048481 0.05218059206053732
0.0 0.15258433944120375 0.5323565547547517 0.07431914098092135 0.06447724333222027
0.0 0.15229223237778233 0.5697153696145142 0.0745214408909052 0.04991669676915289
0.0 0.041571197119862575 0.4947309740914688 0.04073638326444547 0.05857482275271603
0.0 0.07326016030388466 0.5239225468299062 0.04047993605796868 0.03119164515200712
0.0 0.079071098423509 0.5568523814410338 0.02501940724326132 0.043780524636097606
0.0 0.04521493213263118 0.5965971979352127 0.01590907681973938 0.01843106309221909
0.0 0.02610209775846982 0.6214896398954923 0.036385899508666525 0.06172878595407161
0.0 0.005795919111398692 0.5138270762151438 0.011591838222797385 0.021316199083501353
0.0 0.006915681306624059 0.561216992266259 0.013192892972466716 0.015284296222815685
