0.0 0.5856578557356122 0.9857659212638462 0.07788102801366248 0.028468157472307576
0.0 0.5666526184124121 0.9374235804438991 0.04122338886907417 0.013591312927506594
0.0 0.5701742498880651 0.9526315547937464 0.02355861445194052 0.004765370255657153
0.0 0.48589568092025054 0.9860580079301337 0.047525631545227376 0.027883984139732698
0.0 0.5872176321036171 0.8659886701547918 0.05504987112867665 0.035055232326238084
0.0 0.5722493110358003 0.8376994595315848 0.02561416232921676 0.013342774566346693
0.0 0.6003712809684965 0.8230475731866573 0.03561032389783925 0.026170794849477708
0.0 0.6043447707932598 0.7926682805795984 0.05925668055714617 0.033598324325690765
0.0 0.32765486547835 0.6669361270928007 0.009019040087766494 0.015455082620740246
0.0 0.4144982885032578 0.6658061346260207 0.08197856106001689 0.045250211671846396
0.0 0.46270151389301756 0.6512919047517672 0.034782364169505864 0.033323527862031854
0.0 0.5099471591100323 0.6346771949035246 0.019746644956619486 0.018201994748705763
0.0 0.4802661735070395 0.6181993668094221 0.04126327423948167 0.025559330459025587
0.0 0.4447687243663241 0.6246994308292422 0.03508865914110254 0.02110099336943949
0.0 0.37744979515879673 0.6198558125203999 0.07028659466432008 0.034759639882304794
0.0 0.37063625343618856 0.5802378660683142 0.06645309099425006 0.058300770452483386
0.0 0.46954094886309117 0.5623202812802488 0.12681291510165527 0.06082202566356376
0.0 0.5664479316016914 0.5592595728931433 0.10110702483179668 0.05545402979790237
0.0 0.43206650443581085 0.4926650431506991 0.041920538040543465 0.023985432848656507
0.0 0.424559411916742 0.4805199819947579 0.019448321451574047 0.009150653398815933
0.0 0.45458935946373646 0.45367922794991744 0.07073726290097831 0.016159622221360415
0.0 0.4615428593033862 0.36816841146512147 0.09924450981072652 0.05273337577243592
0.0 0.5337003278135946 0.3311445061550772 0.11038848878747676 0.057355498315772524
0.0 0.4928031766013207 0.3139703316436908 0.017340931004063642 0.020516045320330745
0.0 0.5482697951773357 0.23951956224345056 0.06813134737985105 0.05543089011478275
0.0 0.516265232568681 0.1363709030787829 0.07305205166707784 0.04336044211495857
0.0 0.46727910866672323 0.13252208381169234 0.034203265600888266 0.015753277006363448
0.0 0.3989926209344362 0.09293143819410558 0.02472478305572695 0.018631996124511746
