0.0 0.9096129755533072 0.2605556541489441 0.03423951357131805 0.03941267359963138
0.0 0.8926769574784462 0.288845166742969 0.06350395293333544 0.08243014815887137
0.0 0.8518619057665513 0.32607334381815695 0.02737126973524706 0.04091401387440852
0.0 0.8641120346606194 0.3171958155530832 0.013036893918238368 0.02224764226133269
0.0 0.9278692170303752 0.3789345267534194 0.04631984359055985 0.05359591419948806
0.0 0.7803313513815928 0.3346436577855364 0.051224326865805025 0.06102389017147147
0.0 0.7607175990726578 0.3586724806530313 0.021258093333017647 0.027272417593576903
0.0 0.7370343408169264 0.33908874634792424 0.036168638790175955 0.040795042067529264
0.0 0.7084135042357884 0.34699415337651013 0.05154924744471412 0.06412465271679257
0.0 0.7004708390513923 0.6414256475047067 0.016821472838285834 0.013667106967362952
0.0 0.6667220841834506 0.5643172676491836 0.07024701232215924 0.08824792689222494
0.0 0.635591111826199 0.5267529584809068 0.042063881223012856 0.04277887082042209
0.0 0.602945823809218 0.49083546226840746 0.023258689652677855 0.02401573746169916
0.0 0.5994240133278295 0.523546969659562 0.037773723596871145 0.045470376321922745
0.0 0.6186098191986983 0.5527888103501161 0.03157131833948257 0.03842680683228794
0.0 0.6396645785233546 0.6147176379328831 0.05672449786905032 0.07413659747654366
0.0 0.606862111217398 0.6357367424541309 0.0757081471497042 0.07970367725287297
0.0 0.5535781936850089 0.5541888850992291 0.10070150689005675 0.1330442716199176
0.0 0.5143117301011514 0.4688235702785256 0.08633029531421399 0.108705263891959
0.0 0.505517364420122 0.6139062787373375 0.03665601965853971 0.04544618588551097
0.0 0.49750433993081 0.6251873377046802 0.015290059549258883 0.020337044942735027
0.0 0.46221947368870897 0.6084953401265308 0.04075128207012502 0.06750030465554935
0.0 0.38325338470470843 0.6345247078405436 0.08326526831929415 0.10606081901316211
0.0 0.3229948968517915 0.5840600178108575 0.0914873479008198 0.11747932267722283
0.0 0.32307986770519154 0.6270479144496428 0.02435819575327891 0.022802041923623673
0.0 0.23569886151000208 0.605594819418505 0.07385137319839497 0.0800759885170158
0.0 0.15567274268447406 0.6730556548895397 0.0652342221872777 0.07978636340513434
0.0 0.17070421458712026 0.7182417935836242 0.026595363963435203 0.035637879460080235
0.0 0.161101365377204 0.7941340609797982 0.025512735450444746 0.028498868474918226
