0.0 0.9745786608812663 0.5105560956472981 0.05084267823746724 0.05295731303583873
0.0 0.9458892154881618 0.5929498876044317 0.05447118862252265 0.05425525197661685
0.0 0.8380465211919024 0.6491678305637008 0.10535220847140225 0.1092958935308439
0.0 0.7668823861180541 0.6318318008970059 0.05751223743696854 0.06243331994630097
0.0 0.7238975681975355 0.6232275611523654 0.10134002451671487 0.10307888277058985
0.0 0.7563638685027757 0.5568074349451368 0.10779059931915058 0.1078474247522837
0.0 0.7218631422138198 0.5040056198982699 0.12753449526741523 0.13644472318269596
0.0 0.6720268473708745 0.46325110905818867 0.09767934615797036 0.09997509365655044
0.0 0.7034057511912983 0.423170887973463 0.031140215987737307 0.03171983540569545
0.0 0.6155490654697761 0.5056472941435917 0.06748710955862913 0.07044203208155386
0.0 0.6411527459764681 0.6527560955656642 0.07258056185411021 0.07343294335110784
0.0 0.6044499932408829 0.4716390989979311 0.043344538574967006 0.045583460640413964
0.0 0.5642396863893732 0.5021426246693085 0.04429920585160452 0.04462879336377701
0.0 0.5343217563327105 0.4693852142062027 0.054796446379497876 0.056239812381080334
0.0 0.5425251743477221 0.3653012864769928 0.13567413822202196 0.14183401517365746
0.0 0.46432882346197946 0.39355682178446455 0.08113244001439784 0.08368958450539032
0.0 0.4970010786358753 0.4183420399488409 0.04738656616974146 0.04451119925320324
0.0 0.5120418236544326 0.44556909287208213 0.020754654703956543 0.02148202024806123
0.0 0.5357796956194927 0.43352448232027074 0.041330212665821264 0.042978150226683054
0.0 0.48628972263112 0.3120735643526932 0.11248109267031703 0.12180046370415654
0.0 0.4366614001546395 0.37457220920887685 0.039614896674682376 0.04122873897566437
0.0 0.3958170393330972 0.36536891106149405 0.09092152750572513 0.09485384747854053
0.0 0.45462610471168396 0.3048708881270414 0.07930853686626832 0.08584346167658252
0.0 0.48062762185262103 0.21976399912637046 0.04396726020638819 0.04578567406664957
0.0 0.41999817729758493 0.15364035941326817 0.04731246078352114 0.04903995395076938
0.0 0.3788559639504757 0.18398924029188551 0.055530847255031546 0.057815229666984824
0.0 0.39366751721109117 0.22000512408845163 0.02554240919318923 0.02675847346223903
0.0 0.27661581309602695 0.2523493976444549 0.13956640900079442 0.1471810170406388
0.0 0.2151877266376484 0.24724510524762688 0.05931967272149355 0.06128583270790111
0.0 0.2673603679065574 0.17157053436956723 0.09790939253443709 0.0995800602685522
0.0 0.3112457964158418 0.1587341933214063 0.09495532116869732 0.09428478105772603
0.0 0.34608880956375293 0.10674397859145729 0.09082631612521708 0.09247425368607887
0.0 0.19548038515534094 0.19542702760723893 0.07077826841426527 0.06880074334123104
