0.0 0.32599999999999996 0.48683333333333334 0.03199999999999997 0.06833333333333336
0.0 0.3675 0.43833333333333335 0.02400000000000002 0.028666666666666674
0.0 0.377 0.4776666666666667 0.044499999999999984 0.05666666666666664
0.0 0.45662499999999995 0.474 0.015749999999999986 0.019333333333333313
0.0 0.4415 0.46166666666666667 0.008000000000000007 0.006000000000000005
0.0 0.5318750000000001 0.5735000000000001 0.01375000000000004 0.01100000000000001
0.0 0.5683749999999999 0.49733333333333335 0.00824999999999998 0.01733333333333331
0.0 0.58775 0.5035 0.02100000000000002 0.04633333333333334
0.0 0.6072499999999998 0.5213333333333333 0.02749999999999997 0.05466666666666664
0.0 0.6556250000000001 0.5181666666666667 0.027750000000000052 0.053666666666666696
0.0 0.68275 0.5926666666666667 0.010000000000000009 0.009333333333333305
0.0 0.72425 0.5306666666666666 0.030000000000000027 0.05133333333333334
0.0 0.744 0.5733333333333335 0.008499999999999952 0.012666666666666715
0.0 0.75775 0.5111666666666667 0.008499999999999952 0.011666666666666714
0.0 0.7377500000000001 0.5355 0.01100000000000001 0.012333333333333307
0.0 0.74675 0.52 0.0050000000000000044 0.004666666666666708
0.0 0.9604999999999999 0.5693333333333334 0.009499999999999953 0.010000000000000009
0.0 0.952625 0.6041666666666666 0.02375000000000005 0.009666666666666712
