0.0 0.9702380952380952 0.3839285714285715 0.059523809523809534 0.08796296296296302
0.0 0.9200148809523809 0.36507936507936506 0.03050595238095244 0.08399470899470896
0.0 0.9016617063492063 0.4032738095238095 0.029017857142857095 0.03141534391534384
0.0 0.886656746031746 0.3822751322751322 0.009920634920634885 0.011243386243386277
0.0 0.8767361111111112 0.3458994708994709 0.04662698412698407 0.033068783068783136
0.0 0.8881448412698413 0.4545304232804233 0.008432539682539764 0.014880952380952439
0.0 0.878844246031746 0.4722222222222222 0.012648809523809534 0.019179894179894186
0.0 0.9831349206349207 0.5858134920634921 0.03373015873015872 0.04530423280423279
0.0 0.8914930555555556 0.5973875661375662 0.02604166666666663 0.03339947089947093
0.0 0.8680555555555556 0.42146164021164023 0.01041666666666663 0.014219576719576743
0.0 0.8265128968253969 0.32655423280423274 0.014632936507936511 0.016865079365079416
0.0 0.7821180555555556 0.41021825396825395 0.031001984126984183 0.04067460317460325
0.0 0.7120535714285715 0.4439484126984127 0.06150793650793651 0.05654761904761907
0.0 0.7087053571428571 0.4983465608465608 0.026537698412698374 0.051587301587301626
0.0 0.65625 0.4451058201058201 0.06150793650793651 0.1157407407407407
0.0 0.47569444444444436 0.4661044973544974 0.04613095238095244 0.07638888888888895
0.0 0.5040922619047619 0.46990740740740733 0.018601190476190577 0.027116402116402094
0.0 0.48871527777777785 0.5110780423280423 0.04141865079365081 0.05456349206349209
0.0 0.44630456349206354 0.519510582010582 0.017113095238095233 0.04828042328042326
0.0 0.4143105158730159 0.5046296296296297 0.027529761904761862 0.059523809523809534
0.0 0.4830109126984126 0.39550264550264547 0.05233134920634919 0.06547619047619047
0.0 0.38008432539682535 0.5064484126984127 0.030505952380952328 0.07771164021164023
0.0 0.3349454365079365 0.41369047619047616 0.027529761904761862 0.025793650793650924
0.0 0.3222966269841269 0.3893849206349207 0.013144841269841279 0.01620370370370372
0.0 0.32465277777777785 0.45833333333333337 0.015376984126984072 0.027116402116402094
0.0 0.2885664682539682 0.478505291005291 0.04141865079365081 0.06415343915343918
0.0 0.27951388888888884 0.5077711640211641 0.016369047619047672 0.0625
0.0 0.2562003968253968 0.5009920634920635 0.015873015873015928 0.029761904761904656
0.0 0.2826140873015874 0.3802910052910053 0.016121031746031744 0.029761904761904767
0.0 0.2509920634920635 0.39351851851851855 0.03224206349206349 0.03505291005291011
0.0 0.23561507936507942 0.4515542328042328 0.03125 0.03472222222222232
0.0 0.2193700396825397 0.41054894179894175 0.031001984126984072 0.04530423280423279
0.0 0.19208829365079366 0.40674603174603174 0.024057539682539653 0.05886243386243373
0.0 0.22284226190476186 0.4971891534391535 0.014632936507936511 0.028108465608465583
0.0 0.18030753968253965 0.49520502645502645 0.011904761904761862 0.012235449735449655
0.0 0.11904761904761912 0.4115410052910053 0.04761904761904756 0.12070105820105825
0.0 0.17398313492063489 0.3242394179894179 0.00868055555555558 0.014219576719576743
0.0 0.12140376984126988 0.33630952380952384 0.05481150793650791 0.02910052910052907
0.0 0.023313492063492036 0.3258928571428571 0.02777777777777779 0.027447089947089998
0.0 0.040426587301587324 0.4097222222222222 0.04513888888888884 0.09920634920634908
0.0 0.07502480158730163 0.45287698412698413 0.03993055555555558 0.10152116402116407
0.0 0.039062500000000056 0.3531746031746032 0.028025793650793607 0.028439153439153375
0.0 0.06609623015873006 0.3680555555555556 0.015128968253968256 0.016534391534391624
0.0 0.00954861111111116 0.4912367724867725 0.018601190476190466 0.05522486772486779
0.0 0.2678571428571429 0.5396825396825398 0.004960317460317443 0.008597883597883604
0.0 0.26264880952380953 0.26769179894179895 0.009920634920634885 0.009589947089947204
