0.0 0.4994971039455342 0.9366141017324905 0.11298575589298443 0.06950772178028308
0.0 0.39267042207935776 0.8410723116478692 0.08069378665197074 0.02010964075722277
0.0 0.4211598664060501 0.8110432892369366 0.016562995800958602 0.012761637627170419
0.0 0.44483149795024146 0.6602636681410675 0.04487101255377729 0.04851398080365743
0.0 0.39516780606276014 0.6211847949087785 0.023046455043884084 0.016314883277801062
0.0 0.48340832188550414 0.6974277493599745 0.036382678140573055 0.024186653999669683
0.0 0.5246591283493128 0.7104430766268237 0.0469576241100802 0.01622997887195987
0.0 0.5301121807402679 0.6771683314878157 0.06161349136105421 0.023916689470988794
0.0 0.5400870188779486 0.6469914656941804 0.022514682334933145 0.0327308324269886
0.0 0.5280751068976773 0.5713200813073288 0.026800884475080666 0.038917713654030184
0.0 0.5010049979131193 0.5514842753099879 0.03054085932605155 0.020166319310088276
0.0 0.5736686050154041 0.5429973453195522 0.03519714390405926 0.04081998620278737
0.0 0.43542150630712756 0.49661496969918884 0.02949432881635483 0.0328205172184195
0.0 0.5080237300865953 0.5031427217410882 0.034971736829084665 0.015648166112328388
0.0 0.5077521720960515 0.488111878243208 0.045504647865046544 0.013668273159571087
0.0 0.509917846286942 0.46068462355478984 0.02819814903336576 0.019803483066250238
0.0 0.44769663089043765 0.4671754991269227 0.02124196692323982 0.006511703999810825
0.0 0.45482612203384565 0.440614931384236 0.08461791147139297 0.04620835492374237
0.0 0.548540091953893 0.3903494814913367 0.01953600324991156 0.026109185092086817
0.0 0.5228776995492779 0.36557612092298947 0.026962574746171586 0.008034978839185025
0.0 0.4989350609946511 0.3844374586020223 0.021236295287171414 0.013237604129825609
0.0 0.4035966369403866 0.3650422226759761 0.054658087077950446 0.024326416649599614
0.0 0.4836527857225208 0.3348882338490764 0.03702509639599927 0.03742107120576876
0.0 0.4444973737591722 0.30620607538810185 0.08973324216339762 0.04894783675712938
0.0 0.5515857125743431 0.32416931472806787 0.017992507674696623 0.028525437614567772
0.0 0.5275618399706599 0.33439155372556717 0.02752581694355316 0.012795554020124278
0.0 0.39441822634528323 0.22756052626371862 0.06378083462944589 0.027509542054551084
0.0 0.43487420956369943 0.21913710375079526 0.015000929663493978 0.00795257804959515
0.0 0.40578699088624715 0.16866747219269837 0.0325142650078995 0.019763876133318592
0.0 0.41620102441168527 0.13288030246886912 0.020830627378856437 0.011723206754155835
0.0 0.2724601185428981 0.14467498262648587 0.025528946890409354 0.026400091471902476
