0.0 0.6739999999999999 0.5131666666666667 0.03199999999999992 0.06833333333333336
0.0 0.6325000000000001 0.5616666666666665 0.02400000000000002 0.02866666666666673
0.0 0.623 0.5223333333333333 0.044499999999999984 0.05666666666666664
0.0 0.543375 0.526 0.01574999999999993 0.019333333333333425
0.0 0.5585 0.5383333333333333 0.008000000000000007 0.006000000000000005
0.0 0.46812499999999996 0.42649999999999993 0.01375000000000004 0.01100000000000001
0.0 0.4316250000000001 0.5026666666666666 0.00824999999999998 0.01733333333333331
0.0 0.41224999999999995 0.49650000000000005 0.02100000000000002 0.04633333333333334
0.0 0.3927500000000001 0.4786666666666667 0.02749999999999997 0.05466666666666664
0.0 0.34437499999999993 0.4818333333333333 0.027750000000000052 0.05366666666666664
0.0 0.31725000000000003 0.4073333333333334 0.010000000000000009 0.009333333333333305
0.0 0.27575000000000005 0.4693333333333333 0.030000000000000027 0.05133333333333334
0.0 0.256 0.4266666666666666 0.008499999999999952 0.012666666666666715
0.0 0.24224999999999997 0.48883333333333334 0.008499999999999952 0.011666666666666714
0.0 0.2622499999999999 0.4645 0.01100000000000001 0.012333333333333307
0.0 0.2532499999999999 0.4799999999999999 0.0050000000000000044 0.004666666666666708
0.0 0.039500000000000035 0.43066666666666664 0.009499999999999953 0.010000000000000009
0.0 0.04737499999999989 0.39583333333333337 0.02375000000000005 0.009666666666666712
