0.0 0.035845588235294115 0.3815359477124183 0.041053921568627444 0.06209150326797386
0.0 0.002144607843137255 0.3946078431372549 0.00428921568627451 0.02777777777777779
0.0 0.2650122549019608 0.5326797385620915 0.04595588235294115 0.07843137254901955
0.0 0.29580269607843135 0.47487745098039214 0.026041666666666685 0.046977124183006536
0.0 0.3681066176470588 0.5639297385620916 0.01378676470588236 0.029820261437908502
0.0 0.38802083333333326 0.548202614379085 0.06464460784313725 0.07679738562091509
0.0 0.5712316176470589 0.5610702614379085 0.02420343137254899 0.05024509803921573
0.0 0.6542585784313726 0.5189950980392157 0.04381127450980393 0.06740196078431371
0.0 0.7068014705882353 0.5408496732026142 0.015931372549019662 0.04493464052287577
0.0 0.7579656862745097 0.5661764705882353 0.04166666666666663 0.0759803921568627
0.0 0.7933517156862746 0.5669934640522876 0.03278186274509809 0.09558823529411764
0.0 0.7889093137254903 0.6315359477124183 0.018382352941176516 0.016339869281045805
0.0 0.8221507352941178 0.6452205882352942 0.03278186274509809 0.08864379084967322
0.0 0.8457414215686274 0.6219362745098039 0.02113970588235292 0.04861111111111116
0.0 0.8756127450980391 0.6484885620915033 0.04166666666666663 0.08619281045751637
0.0 0.8924632352941178 0.5947712418300654 0.049632352941176516 0.06290849673202614
0.0 0.8630514705882353 0.5500408496732027 0.014705882352941124 0.014297385620914982
0.0 0.960171568627451 0.6219362745098039 0.05882352941176472 0.06740196078431371
0.0 0.9941789215686274 0.588031045751634 0.011029411764705843 0.023284313725490224
0.0 0.9541973039215688 0.6593137254901961 0.01378676470588236 0.013071895424836555
