0.0 0.970734126984127 0.5684523809523809 0.025793650793650702 0.06349206349206349
0.0 0.6014384920634921 0.5719246031746033 0.01736111111111116 0.02876984126984128
0.0 0.5780009920634921 0.5507605820105821 0.039434523809523836 0.07837301587301582
0.0 0.5789930555555556 0.5965608465608465 0.016121031746031633 0.01851851851851849
0.0 0.5502232142857143 0.6253306878306879 0.03397817460317465 0.0906084656084657
0.0 0.5241815476190477 0.6076388888888888 0.03893849206349209 0.08432539682539686
0.0 0.48623511904761907 0.6243386243386244 0.03497023809523814 0.060846560846560815
0.0 0.45300099206349215 0.5596891534391535 0.060267857142857095 0.0889550264550264
0.0 0.49156746031746035 0.5557208994708995 0.004960317460317443 0.007605820105820116
0.0 0.4072420634920635 0.5497685185185186 0.0401785714285714 0.10218253968253965
0.0 0.4340277777777778 0.6962632275132274 0.026289682539682557 0.030753968253968256
0.0 0.3060515873015874 0.5119047619047619 0.045634920634920584 0.12896825396825395
0.0 0.2075892857142857 0.5560515873015873 0.014880952380952328 0.022817460317460236
0.0 0.19295634920634924 0.5451388888888888 0.012400793650793607 0.017526455026455
