0.0 0.8790325173136784 0.4818736124499111 0.07362030677531195 0.1134536331976595
0.0 0.7800014344386299 0.5809477573382598 0.02391403504919498 0.07941948990000702
0.0 0.7522401536515828 0.5515168003368311 0.013288983298539336 0.01677167850486483
0.0 0.6063759437577716 0.5202419537810063 0.04953323807452292 0.04619565516846108
0.0 0.5655462976315866 0.5665908814547145 0.017091004204719762 0.023258276965921088
0.0 0.6447359279878113 0.48460901890754193 0.025457967052297192 0.036631614172591476
0.0 0.659673843164858 0.44505746207282165 0.018310891317388167 0.04646267756851885
0.0 0.6274962720799644 0.43793201559400907 0.02657010139860072 0.06110682886132829
0.0 0.598587070436523 0.42656164107653516 0.03299594150724228 0.023636198140242537
0.0 0.5240874380698117 0.43418219983747397 0.03923459063086032 0.028133499660697725
0.0 0.5032620533798537 0.4595249422801754 0.021237519350561618 0.030742375017824952
0.0 0.49891851575089063 0.3881517131221289 0.041538297542126346 0.036386810882769904
0.0 0.4461593802352043 0.5205542010325948 0.03346313231888448 0.030415774013349717
0.0 0.45646549952209814 0.45005479172374646 0.017093363740432355 0.03479706437258678
0.0 0.4417820223957703 0.44950501668554627 0.015745274393018205 0.04491284674599405
0.0 0.4151328760146037 0.4459047372941945 0.020757744269016165 0.028448696182984845
0.0 0.4180945040856815 0.5069789257327671 0.007477412641141046 0.020972856565652342
0.0 0.39256024488220104 0.4985813870710768 0.04946009199081569 0.08464982480472921
0.0 0.34858571223957685 0.4044001616932337 0.026406506009011177 0.020384345548073446
0.0 0.3230180261212954 0.42810144414037693 0.009267524260390847 0.026608444141886345
0.0 0.34012712025868386 0.4524897487275059 0.014005499853381898 0.021333671016691702
0.0 0.31603100665113726 0.5444801323871193 0.02658897780345587 0.054377983303927735
0.0 0.2909430954952479 0.46471791792902356 0.03833874828947209 0.03797596753881316
0.0 0.26082934384042444 0.5013752905749972 0.05239773123036623 0.08976414854823328
0.0 0.2841648959484668 0.3978404172676238 0.02866774103914216 0.01901777307161534
0.0 0.2928386002855728 0.42183969112531305 0.013918983027584875 0.02741442695209606
0.0 0.18136364613766628 0.5459848369848801 0.030175493176906876 0.06340620993726243
0.0 0.1753361766518687 0.5060468056141973 0.008536063899932389 0.014993561261660904
0.0 0.12450557954563819 0.5316974693142835 0.020954373396890408 0.03263591356810702
0.0 0.0901450318218393 0.5195943563396126 0.012513477993419383 0.020857435258574086
0.0 0.09386368214842894 0.6605119670967952 0.027015269797489014 0.02621715214603937
