0.0 0.13338318056624487 0.6507659812676445 0.05152349370713716 0.07493339724756243
0.0 0.32572568916992006 0.5615681379216949 0.055355423731353104 0.062250502208818004
0.0 0.38877061155146 0.5082278810155726 0.05747533364247415 0.10774267996205689
0.0 0.40195278313544747 0.4421681466304187 0.05667717155121427 0.10060549410925668
0.0 0.4318802002503459 0.5084037345070935 0.03568284079697037 0.0613725686726862
0.0 0.45817380454711637 0.4101363155322849 0.02366339339068202 0.036563862800132296
0.0 0.5228409045280493 0.4287673085878283 0.024015243583802803 0.02746278282253506
0.0 0.5600458841441074 0.408803552268852 0.02669076957445915 0.03658854351791674
0.0 0.6168419475004863 0.39403137889802253 0.030177312759772423 0.04480155178858908
0.0 0.7874907577348348 0.3156362736507009 0.06345487115758641 0.054557995702792905
0.0 0.7756740467259505 0.2840733761904702 0.06402341394555822 0.041781225308574754
0.0 0.8931497386916316 0.31148459989241384 0.03415732709069452 0.05028291385250766
0.0 0.8570314179244188 0.29712758984464416 0.03466791450581996 0.02627148829535869
0.0 0.8415039782921417 0.27126597872029257 0.020769044222114674 0.03772871305781461
0.0 0.8571889824473342 0.22685579581591023 0.01345909334482398 0.01573891768011476
0.0 0.8652508582498663 0.19971672922186942 0.030256717173294367 0.05316617146938746
0.0 0.9450709975352308 0.24380650593452055 0.04803268935570437 0.0799502300497758
0.0 0.9506783369105964 0.2061099664377187 0.03526444129372486 0.05405909069197595
0.0 0.956841363970537 0.16244109134579898 0.04199938602882525 0.07703083313207436
0.0 0.9197374168212746 0.282843966247182 0.015048954173125129 0.018218466053895432
0.0 0.9008736130909303 0.2442913070347356 0.011161199359122076 0.013051785393265847
