0.0 0.029265873015873016 0.43154761904761907 0.025793650793650796 0.06349206349206349
0.0 0.3985615079365079 0.4280753968253968 0.017361111111111105 0.02876984126984128
0.0 0.42199900793650796 0.4492394179894179 0.039434523809523836 0.07837301587301587
0.0 0.4210069444444444 0.40343915343915343 0.016121031746031744 0.01851851851851849
0.0 0.4497767857142857 0.3746693121693122 0.033978174603174593 0.09060846560846564
0.0 0.47581845238095233 0.3923611111111111 0.038938492063492036 0.08432539682539686
0.0 0.5137648809523809 0.37566137566137564 0.03497023809523814 0.060846560846560815
0.0 0.5469990079365079 0.4403108465608466 0.060267857142857095 0.08895502645502645
0.0 0.5084325396825397 0.4442791005291005 0.004960317460317443 0.007605820105820116
0.0 0.5927579365079365 0.45023148148148145 0.0401785714285714 0.10218253968253965
0.0 0.5659722222222222 0.3037367724867725 0.026289682539682557 0.030753968253968256
0.0 0.6939484126984126 0.48809523809523814 0.045634920634920584 0.128968253968254
0.0 0.7924107142857143 0.4439484126984127 0.014880952380952328 0.022817460317460292
0.0 0.8070436507936507 0.4548611111111111 0.012400793650793607 0.017526455026455
