0.0 0.1977657624312848 0.8819065991086318 0.08152449797323391 0.07764550621158683
0.0 0.3233763362962871 0.6835594506500617 0.07458594515496553 0.07344343926792474
0.0 0.35009941500033664 0.5961048365171548 0.1081437360114238 0.09981449954460897
0.0 0.322773173685185 0.5266979790385802 0.1026244809259092 0.09534561277459974
0.0 0.39034194391692983 0.5704265391019459 0.06320970694202044 0.058952951137077436
0.0 0.35591619754581577 0.4631731253544628 0.0389725136405179 0.03683492198089289
0.0 0.42729273881914986 0.4417548146869251 0.03268306095185647 0.03211180800833602
0.0 0.4499651099289719 0.40086508129625537 0.04064453870804957 0.0390044899347165
0.0 0.4939898205234683 0.35306509567405003 0.048399176678006695 0.0459759585466214
0.0 0.6058782082052403 0.17778009796741098 0.07353369784058428 0.07500789898515331
0.0 0.5759559121894591 0.15547703540594326 0.06474486093944687 0.06843036380086942
0.0 0.7017631142858162 0.11057745531125485 0.054478031582680275 0.05180604200814909
0.0 0.6595289056279577 0.11886149685810823 0.03765626499810337 0.0390475423282905
0.0 0.6295693754524565 0.10409100259547427 0.038220364420572195 0.03541016848873746
0.0 0.6175512072876106 0.05334060342500657 0.01856450197379733 0.018186737930501518
0.0 0.608788701355717 0.02427099967164259 0.054399805265488155 0.04854199934328518
0.0 0.709534713215619 0.02769611127886626 0.08318974865081974 0.05539222255773252
0.0 0.6921582422029526 0.002656084764746186 0.05777243617144989 0.005312169529492372
0.0 0.7093489132197965 0.06797366624920342 0.021199274045262673 0.02067408988750996
0.0 0.6686754229380696 0.043387174071709445 0.015394952856319755 0.01508168511309882
