0.0 0.1783088235294118 0.5872140522875817 0.005514705882352949 0.008578431372548989
0.0 0.1629901960784314 0.6008986928104576 0.02022058823529413 0.030228758169934644
0.0 0.13602941176470587 0.6558415032679739 0.031862745098039214 0.07638888888888884
0.0 0.16268382352941177 0.7005718954248366 0.031862745098039214 0.03594771241830064
0.0 0.18995098039215685 0.6977124183006536 0.0625 0.08496732026143794
0.0 0.21997549019607843 0.6721813725490197 0.030637254901960786 0.06495098039215685
0.0 0.2417279411764706 0.676062091503268 0.01654411764705882 0.04575163398692805
0.0 0.3111213235294117 0.5800653594771242 0.03768382352941174 0.053104575163398726
0.0 0.33609068627450983 0.5837418300653595 0.03308823529411764 0.053104575163398726
0.0 0.32613357843137253 0.6313316993464051 0.049325980392156854 0.09436274509803921
0.0 0.41161151960784315 0.6060049019607843 0.01746323529411764 0.05024509803921573
0.0 0.42708333333333337 0.5943627450980393 0.039828431372549045 0.08660130718954251
0.0 0.4509803921568628 0.5706699346405228 0.01286764705882354 0.054738562091503296
0.0 0.46767769607843135 0.5702614379084967 0.01378676470588236 0.0490196078431373
0.0 0.4866727941176471 0.610702614379085 0.03400735294117646 0.04493464052287577
0.0 0.48468137254901966 0.5723039215686274 0.03247549019607848 0.05147058823529416
0.0 0.5139399509803921 0.5751633986928104 0.0333946078431373 0.04493464052287577
0.0 0.4990808823529412 0.5496323529411764 0.019607843137254943 0.033905228758169925
0.0 0.5556066176470589 0.4387254901960784 0.013174019607843146 0.01307189542483661
0.0 0.6076899509803921 0.5657679738562091 0.00520833333333337 0.006535947712418277
0.0 0.6686580882352942 0.5641339869281046 0.042585784313725505 0.053104575163398726
0.0 0.7276348039215687 0.585171568627451 0.02267156862745101 0.05923202614379086
0.0 0.711703431372549 0.6160130718954249 0.039215686274509776 0.10702614379084963
0.0 0.7795649509803921 0.62234477124183 0.049325980392156854 0.0951797385620915
0.0 0.9569546568627451 0.5620915032679739 0.037071078431372584 0.08006535947712423
0.0 0.9954044117647058 0.5627042483660131 0.005514705882352922 0.01593137254901955
0.0 0.9810049019607843 0.6439950980392157 0.028799019607843146 0.06740196078431371
