0.0 0.8325074215192095 0.894439285350862 0.08394695823391007 0.0843170888032505
0.0 0.8803094920166518 0.8800087050701191 0.055658126854734924 0.05204935380366715
0.0 0.9019496174758146 0.8471596555989797 0.09818640247951183 0.09457762942844394
0.0 0.874216580969933 0.824780733270495 0.01904688195434634 0.01531473204683187
0.0 0.6809135600074574 0.6914118788365788 0.01590243605740682 0.014606979064715642
0.0 0.7583946146442894 0.6730260369182005 0.08875386348106984 0.09060451632777133
0.0 0.7487102688268612 0.5314591161851044 0.08413555107658044 0.07596183433698195
0.0 0.6518275764946064 0.4650289041431999 0.033469727542165706 0.02924407020886388
0.0 0.6362073641242236 0.4359797637582695 0.01997001197365955 0.01947650454787253
0.0 0.6793003533538413 0.3844273783806914 0.03180354096085136 0.03229704838663838
0.0 0.6389846745482383 0.4140990078944397 0.011464463341021247 0.010724202202340605
0.0 0.6206898344451385 0.3453704552762339 0.04326787118647624 0.0433295596146997
0.0 0.6506521737524203 0.3053728694779743 0.02292945914362754 0.02021516830179837
0.0 0.6155171914367137 0.31596863643881157 0.019968947050489794 0.021942976753638155
0.0 0.6277241788781516 0.2990204256403243 0.006286761947539965 0.006348450375763259
0.0 0.5073431872201457 0.31995708580993526 0.0177512252885611 0.017072652578103864
0.0 0.5720660520234164 0.29725451818527837 0.07026810101586578 0.06101483678235825
0.0 0.6106325626350492 0.2224795537934648 0.07600039924407476 0.06622278337066823
0.0 0.634120745190687 0.1960102648160871 0.02052420946219824 0.021233626386767235
0.0 0.565151029706229 0.1818838809837246 0.04197540929020038 0.03768806352867504
0.0 0.5324271541493856 0.14881006983995415 0.01386918056086528 0.010938980220254496
0.0 0.38173372648188947 0.09100013078638003 0.01867568646183637 0.018151334821937648
0.0 0.393294882321378 0.06586947018989889 0.007766219301731381 0.007334400304167599
0.0 0.4278757337062439 0.05163701450259878 0.04031095320903688 0.03673302437208059
0.0 0.47705730773220284 0.08135433059713823 0.05842938052822133 0.060218344946699476
0.0 0.5206109967214014 0.0393095647434889 0.0678639162576068 0.05956682266156155
0.0 0.5287517394005485 0.025824297771035343 0.0981925257877384 0.051648595542070685
