0.0 0.047619047619047616 0.49404761904761907 0.04067460317460317 0.07341269841269837
0.0 0.18675595238095238 0.5443121693121693 0.036706349206349215 0.03835978835978837
0.0 0.6516617063492064 0.46643518518518523 0.04786706349206349 0.11276455026455023
0.0 0.6139632936507935 0.4581679894179894 0.028025793650793607 0.028108465608465583
0.0 0.6765873015873016 0.5836640211640212 0.03025793650793651 0.12037037037037024
0.0 0.7335069444444444 0.5530753968253967 0.03993055555555558 0.03670634920634919
0.0 0.7309027777777778 0.4538690476190477 0.01736111111111116 0.01951058201058198
0.0 0.7325148809523809 0.49503968253968256 0.020585317460317443 0.029761904761904656
0.0 0.8236607142857144 0.4952050264550265 0.049107142857142905 0.045965608465608376
0.0 0.9410962301587302 0.5104166666666667 0.07762896825396826 0.09226190476190477
0.0 0.9050099206349206 0.6000330687830687 0.042162698412698374 0.06779100529100535
0.0 0.9898313492063493 0.5535714285714286 0.019841269841269882 0.09126984126984128
