0.0 0.15823412698412698 0.34259259259259256 0.04811507936507936 0.08333333333333331
0.0 0.19915674603174605 0.3414351851851851 0.023313492063492064 0.027447089947089942
0.0 0.2255704365079365 0.4971891534391534 0.02752976190476189 0.07969576719576715
0.0 0.24466765873015872 0.37351190476190477 0.024553571428571425 0.018187830687830697
0.0 0.267609126984127 0.39203042328042326 0.02033730158730157 0.0267857142857143
0.0 0.2932787698412699 0.4070767195767196 0.026041666666666685 0.06812169312169314
0.0 0.3478422619047619 0.3349867724867725 0.018601190476190466 0.02314814814814814
0.0 0.31882440476190477 0.2951388888888889 0.011160714285714302 0.015542328042328024
0.0 0.367063492063492 0.27414021164021163 0.015873015873015872 0.02314814814814814
0.0 0.3759920634920635 0.33564814814814814 0.03621031746031744 0.0892857142857143
0.0 0.4229910714285715 0.3186177248677249 0.028025793650793662 0.03339947089947093
0.0 0.43266369047619047 0.3480489417989418 0.006696428571428548 0.024801587301587324
0.0 0.43563988095238093 0.43716931216931215 0.0424107142857143 0.08730158730158732
0.0 0.4792906746031746 0.43369708994708994 0.009672619047619069 0.02215608465608465
0.0 0.49057539682539686 0.4031084656084656 0.009920634920634941 0.02380952380952378
0.0 0.44816468253968256 0.33465608465608465 0.018849206349206338 0.0661375661375661
0.0 0.4789186507936508 0.3187830687830687 0.042162698412698374 0.04100529100529099
0.0 0.5126488095238095 0.36078042328042326 0.05505952380952378 0.07341269841269843
0.0 0.49813988095238093 0.2791005291005291 0.02852182539682535 0.07275132275132276
0.0 0.525421626984127 0.2748015873015873 0.05034722222222221 0.08465608465608465
0.0 0.5798611111111112 0.40128968253968256 0.015873015873015817 0.018187830687830697
0.0 0.5923859126984126 0.26868386243386244 0.022073412698412676 0.031415343915343896
0.0 0.6411210317460317 0.30208333333333337 0.052579365079365115 0.11078042328042331
0.0 0.7177579365079365 0.32688492063492064 0.07440476190476186 0.14054232804232802
0.0 0.7564484126984126 0.35085978835978837 0.007440476190476164 0.0224867724867725
0.0 0.7725694444444444 0.34672619047619047 0.01835317460317465 0.030753968253968256
0.0 0.8087797619047619 0.24371693121693122 0.014384920634920584 0.021164021164021163
0.0 0.8656994047619047 0.24785052910052907 0.05034722222222221 0.08167989417989416
0.0 0.9816468253968254 0.1782407407407407 0.03621031746031744 0.04695767195767195
0.0 0.5233134920634921 0.11689814814814815 0.019841269841269882 0.02810846560846561
0.0 0.5871775793650795 0.12913359788359788 0.011160714285714302 0.01421957671957673
