0.0 0.3707165899202686 0.8533649724338555 0.08694793492548858 0.05468989272729319
0.0 0.36625703590861614 0.8126696075916473 0.029240758782095255 0.02545460359451368
0.0 0.5193681042603036 0.7737596805853542 0.08165927522912991 0.03387799676184988
0.0 0.39455232027061793 0.7647161301753065 0.020111942548482975 0.0259426215373586
0.0 0.4111569879767726 0.7403536281663434 0.028341113550114205 0.022434711457486767
0.0 0.4240803869129132 0.7135523715430698 0.07000281471501646 0.03145975490543551
0.0 0.34781815553660445 0.664990995912838 0.024575185027589652 0.020410414321249792
0.0 0.31044471696791276 0.6971331170305548 0.01639314600157188 0.0123798215027352
0.0 0.2856176830093575 0.650748072299467 0.024354789726113657 0.01769115659596998
0.0 0.3462032907381094 0.6368797711289107 0.09191913591965856 0.043304903311110365
0.0 0.3254317204260867 0.5914101776526213 0.035554367521618946 0.03063236577776285
0.0 0.35398534163599404 0.5793915751925245 0.02526149506071257 0.008678135339104887
0.0 0.44257399609049575 0.5692255323712765 0.09044239235008228 0.04932474701294587
0.0 0.435586797798342 0.525997911877768 0.022865070322657333 0.011430881656160796
0.0 0.4041865154648564 0.5172211719397503 0.024533141244173273 0.01181165981389909
0.0 0.3393840122262338 0.565023187778862 0.067444130574558 0.024130515228624194
0.0 0.32107842024433075 0.5356520369933856 0.0442773768330777 0.04533750028560046
0.0 0.3602136215000874 0.49863937138538605 0.07762073123731894 0.06081020220445632
0.0 0.27997279552531573 0.519699380132201 0.07481767203804518 0.034305811530921715
0.0 0.2734839515495088 0.4928540924453645 0.0884466863419835 0.05702159828505593
0.0 0.3951607398421225 0.4283742129497569 0.01941068477105934 0.017290437866013586
0.0 0.2619765192505312 0.4266028953190777 0.03309586306364953 0.024539152339715042
0.0 0.29132976442607583 0.37532889135396313 0.11466596253374989 0.061356897492600426
0.0 0.3098591848235219 0.2969388761485926 0.14609375467588342 0.08551527167457729
0.0 0.3306300860126249 0.25643805030438016 0.023014353891180672 0.009232749008383445
0.0 0.3252076626777215 0.24070364147541726 0.03213611002217509 0.020777644459430256
0.0 0.21960983638241272 0.21293326759561426 0.022256932125105044 0.016047637617471078
0.0 0.21913167641870898 0.15586573096140255 0.08548022336895095 0.05678116704708214
0.0 0.14038260323671764 0.04592069714739566 0.04972944030319526 0.039885436815482955
0.0 0.11626691594051172 0.5077115499548726 0.029619469665133014 0.022047159289969864
0.0 0.12330312118145786 0.4430677591246561 0.01507471801355742 0.01227296317474702
