0.0 0.17796919010568837 0.41404849382200515 0.005548313458081544 0.00859999751905477
0.0 0.16259700074194067 0.4004240478741015 0.02033900886963247 0.0303078434688121
0.0 0.13542090359261993 0.3455874172745427 0.03216214522853755 0.07651328691468356
0.0 0.16189964955892638 0.3007528138851848 0.03200350949854869 0.03607242157984647
0.0 0.18917781330852537 0.303505310070711 0.06283281442492689 0.08521183087206485
0.0 0.21930224093716008 0.32891838438660126 0.030891797789707243 0.06507065927260874
0.0 0.24103930194367706 0.32495236849465325 0.016723457048683388 0.04581617842996266
0.0 0.310808709977039 0.4206761574750053 0.03789184315189165 0.053251986258790907
0.0 0.3357634591893827 0.41690176962642855 0.033296290272932905 0.053233959471292225
0.0 0.3256197505522074 0.3693513245194585 0.049695750937464755 0.09455550663377305
0.0 0.4111963817297223 0.3943426288049102 0.017660193816696146 0.050313213269111035
0.0 0.42671374428388026 0.40592400591369326 0.04016782974650768 0.08675687307736757
0.0 0.4507035573589038 0.4295228947946651 0.013082267129958414 0.0547886159632609
0.0 0.46740233520023156 0.4298658910559938 0.013978944370196145 0.04907331107138968
0.0 0.48623865136993893 0.38935051499949525 0.03418335322650462 0.04506769304397629
0.0 0.484397868946824 0.4277567239960446 0.032677140364627766 0.051597581542662585
0.0 0.5136450056084177 0.42478249832428394 0.033570612842643566 0.04506528947230981
0.0 0.4988862001192219 0.45037163426474514 0.019740689915770382 0.03398188220031256
0.0 0.5558465470020509 0.5610559142573821 0.013225194448567068 0.013123471646534601
0.0 0.6074311391047296 0.43381010441184753 0.0052339313605959115 0.006556327787017702
0.0 0.66840521682336 0.4352049233879941 0.04279376622278108 0.05327121483212294
0.0 0.727298956142781 0.4139361597691935 0.022903739463958073 0.0593205025915734
0.0 0.7112467263885099 0.3831573866448437 0.039635208418196344 0.10717914896773995
0.0 0.7790828869939139 0.376559540449547 0.04969895569968674 0.09537249381225466
0.0 0.9567075793355946 0.4361165108651106 0.03738485992135654 0.08021015957701588
0.0 0.9951546348512164 0.4353529463591767 0.005577156318079424 0.015952882125388812
0.0 0.9804363619893901 0.35411920603442437 0.029063190924789706 0.06751441009305392
