0.0 0.10745996574338708 0.5590340602753011 0.0759988123013797 0.07543836769212309
0.0 0.08415859368261557 0.5225774706095423 0.04573605085197033 0.051200385792222414
0.0 0.08845490292246438 0.48876405381971993 0.08401138205911933 0.08947571699937129
0.0 0.11932003700742373 0.4896885020881013 0.012637104187741027 0.018288253997745252
0.0 0.32169702966858316 0.5110071221336357 0.012748416823321729 0.014709972955719852
0.0 0.28110558349697834 0.4552071911158398 0.0821121360251732 0.07930991297889001
0.0 0.3673327018280992 0.367555075219921 0.06585536092537819 0.07823184604646183
0.0 0.46852985532196467 0.3785120028190874 0.02502191818395294 0.03142032747296608
0.0 0.4951904740769216 0.3682163535003029 0.017377248501492193 0.018124507980501026
0.0 0.49592672773971 0.30999943367346994 0.02921880688112416 0.02847154740211516
0.0 0.5057065494891668 0.3522577148389858 0.009424424401303977 0.010545313619817198
0.0 0.5565093762307118 0.3173718542571201 0.039015428605876146 0.038922021170999965
0.0 0.5593642444676252 0.2741619949025148 0.017360059508815695 0.021469986643364303
0.0 0.5764970970321169 0.3009508039169611 0.020354827089076766 0.017365789173041324
0.0 0.5780284171100032 0.28291728515644876 0.005732531904007132 0.005639124469131174
0.0 0.6453982008045741 0.3645946730190355 0.015156956305311331 0.016184438088948372
0.0 0.6156334434681063 0.31315227411848945 0.052071584030109364 0.06608269926152471
0.0 0.6324467239263161 0.24221417297600226 0.05659769756903721 0.07140277599689954
0.0 0.631928686736364 0.21155453435445587 0.019328061513467887 0.018253876012392395
0.0 0.6852618422199617 0.24116848401536467 0.03260254496069326 0.03909436168458233
0.0 0.7254426186790365 0.2378737272344178 0.008945211690444266 0.013382064847059227
0.0 0.8571708858519116 0.28485500233507677 0.016175127384582044 0.01696909058102891
0.0 0.8637426830604276 0.2618038243644717 0.006468332054565096 0.007122184098697915
0.0 0.8490257479120721 0.2329355823399369 0.03196086845303969 0.03737849967585358
0.0 0.7999133776296509 0.2247389034471885 0.05474572126495114 0.0520369056535441
0.0 0.7949834013426362 0.17251569939549696 0.051062007447176594 0.06362530743801253
0.0 0.8053438218916361 0.14959962135429483 0.06689030518050942 0.09383835014226508
0.0 0.8774137147659911 0.15994366479104385 0.02767845060930263 0.03888734279443484
0.0 0.9241404220489011 0.19402695927767735 0.06397052969143147 0.08543317668347516
