0.0 0.028186274509803922 0.5051062091503268 0.056372549019607844 0.05514705882352944
0.0 0.01485906862745098 0.5490196078431373 0.02971813725490196 0.04166666666666663
0.0 0.028952205882352942 0.582312091503268 0.057904411764705885 0.06985294117647056
0.0 0.06020220588235294 0.5725081699346406 0.005208333333333329 0.01756535947712423
0.0 0.2607230392156863 0.49264705882352944 0.007965686274509831 0.012254901960784326
0.0 0.23529411764705882 0.5612745098039216 0.0625 0.056372549019607865
0.0 0.34849877450980393 0.6260212418300654 0.03952205882352944 0.06658496732026142
0.0 0.4486825980392157 0.5857843137254903 0.01378676470588236 0.02777777777777779
0.0 0.4788602941176471 0.5886437908496732 0.012254901960784326 0.01388888888888884
0.0 0.4963235294117647 0.6478758169934642 0.022058823529411742 0.020424836601307228
0.0 0.49417892156862747 0.6019199346405228 0.006127450980392135 0.008578431372548989
0.0 0.5560661764705882 0.6229575163398693 0.028799019607843146 0.028594771241830075
0.0 0.5713848039215687 0.6662581699346406 0.009803921568627416 0.01879084967320266
0.0 0.5811887254901962 0.6339869281045751 0.01715686274509809 0.0106209150326797
0.0 0.5879289215686274 0.6519607843137255 0.0042892156862744946 0.004084967320261423
0.0 0.6332720588235294 0.5492238562091504 0.01041666666666663 0.012663398692810413
0.0 0.6176470588235294 0.6102941176470589 0.028186274509803932 0.05882352941176472
0.0 0.6551776960784313 0.6779003267973857 0.03094362745098045 0.06331699346405228
0.0 0.6634497549019609 0.7093545751633987 0.015012254901960786 0.012663398692810413
0.0 0.7094056372549019 0.6638071895424835 0.01930147058823528 0.03349673202614378
0.0 0.7513786764705882 0.6556372549019608 0.00337009803921573 0.013071895424836555
0.0 0.8723958333333335 0.5698529411764706 0.011335784313725505 0.013071895424836555
0.0 0.8857230392156863 0.5915032679738562 0.0042892156862744946 0.005718954248365993
0.0 0.878982843137255 0.6252042483660132 0.019607843137254943 0.03145424836601307
0.0 0.8311887254901961 0.647671568627451 0.04227941176470584 0.03635620915032678
0.0 0.8411458333333333 0.7024101307189542 0.028492647058823484 0.05596405228758172
0.0 0.8583026960784312 0.7228349673202614 0.02971813725490191 0.08864379084967322
0.0 0.928921568627451 0.6915849673202614 0.01225490196078427 0.03676470588235292
0.0 0.9705882352941175 0.6437908496732027 0.039215686274509776 0.07761437908496727
