0.0 0.9057208579433 0.7551945431918496 0.03590134905177467 0.03218841142289863
0.0 0.9351569948656786 0.7829839595012134 0.01696834190350416 0.033602302480868596
0.0 0.9264493908590996 0.8045622012955842 0.0029597215070701344 0.007786540424609023
0.0 0.9024437455260812 0.7939150976531928 0.04238613563130811 0.05857454369320747
0.0 0.9008285631305383 0.726143487961254 0.022097797778727335 0.03605844326330121
0.0 0.8424550279356303 0.6526714553042091 0.06897901976692755 0.10061324836495111
0.0 0.7302212783714537 0.7443951011042584 0.00619091090208812 0.005819617139200539
0.0 0.7122423496135659 0.7358307925917531 0.02524502269447526 0.02821537279757591
0.0 0.6826282903565957 0.7392561024990948 0.006627886711181641 0.015316160762751663
0.0 0.6944338739271043 0.7063509691107002 0.028476212089493025 0.026248449512167427
0.0 0.6593624855184537 0.6417961640090504 0.040705043461460644 0.04634870865735219
0.0 0.5452641842338097 0.67469480013632 0.08882291254724861 0.10352614555759754
0.0 0.43807311911342717 0.6265319308976689 0.054894110305372446 0.11162779727459782
0.0 0.29620462839893713 0.6733356053377341 0.058322693409628146 0.09664020973962839
0.0 0.08636167856561866 0.6262941142064993 0.058697906377966236 0.09798078649147424
0.0 0.05995964655549493 0.5379976731851703 0.04499789403432647 0.08034506026122618
0.0 0.23313557364755588 0.6837987831847507 0.032122381806072964 0.0686576880742128
