0.0 0.7268188903812653 0.18298646382429096 0.08123830308825908 0.09825743972807416
0.0 0.6884800609834733 0.19996907019889965 0.03365857849170739 0.035656129740511855
0.0 0.7327725379695718 0.3555977624096517 0.060604878800164075 0.08581397556007775
0.0 0.6605606971651234 0.2496968716312679 0.03072028396976967 0.027644055046610466
0.0 0.6475231593376912 0.27693545058812324 0.030615675247728014 0.0337318551958633
0.0 0.6304320109618886 0.3021678592890837 0.05412354938503239 0.07445862109786294
0.0 0.5481927699255107 0.2595989913029753 0.027406173895625607 0.029603480269310506
0.0 0.5574380503472544 0.20996334578150497 0.017173098130484288 0.019290502454217262
0.0 0.5035832621872611 0.21183254817905023 0.024884290312784385 0.028399980510680572
0.0 0.5224632741107127 0.2726282863477102 0.07285953783650922 0.09850809587116013
0.0 0.4715053417736546 0.277618637702738 0.04064037688089839 0.043237193504344296
0.0 0.4755473276791058 0.30909136580125685 0.017130984781791758 0.025880259251555904
0.0 0.5121105074009509 0.3927858050016606 0.07771581888214452 0.09940922544416209
0.0 0.470228643109965 0.40883213112521616 0.018715100439553045 0.024747705210942827
0.0 0.44630343039024045 0.3855345793495134 0.019673756376556772 0.026385528572540062
0.0 0.45531035396150693 0.3035492768413441 0.04659967466035686 0.0694516609466812
0.0 0.41987966770472407 0.3024432241839165 0.05706353053119462 0.05650421618152934
0.0 0.4072266184800243 0.35614458059616805 0.08328128035865445 0.09215040790334683
0.0 0.384606400518271 0.2742404840056674 0.058458473444684245 0.07983227180689323
0.0 0.3574911408277769 0.2823016044311272 0.08388517741779822 0.10046485278287617
0.0 0.36296672541574987 0.42324058845551116 0.022696108933457082 0.02381473763278763
0.0 0.2928916049417203 0.3061869201693115 0.0342628128756961 0.0387772786979943
0.0 0.2625753482872273 0.3585597709323473 0.09747295864397396 0.12559848022714237
0.0 0.20267425272042 0.4152933876324184 0.1307771155826661 0.16273793556353922
0.0 0.1774855682729382 0.45452320963432 0.016797619903123062 0.024068706448771682
0.0 0.16076004443701372 0.4578137633855565 0.030532123200032846 0.036524776946446624
0.0 0.0818465381176991 0.3785672770237386 0.02263344489768565 0.025909428945725177
0.0 0.036170247435876365 0.4074976940830969 0.07234049487175273 0.09771370705614052
0.0 0.28978276180896156 0.1354080623986587 0.030740665994426042 0.03473576849203519
0.0 0.23614527382509903 0.1748911634229669 0.016589583095997174 0.01806777102011256
