0.0 0.6401549697330216 0.8266164916523503 0.008050574785995579 0.005387894912713964
0.0 0.6532729123263548 0.8399988847742149 0.028401956949412943 0.019703869363359106
0.0 0.7044819500460988 0.862248949596913 0.07096032113944184 0.03226270698108047
0.0 0.7441203196157427 0.8360694700078841 0.034105351364590364 0.030555111533548063
0.0 0.7403630793677959 0.8113410249135548 0.08007167491557121 0.06054535584483833
0.0 0.7158282927382823 0.78505702932789 0.06048494800774051 0.030662933426984895
0.0 0.7184464013774741 0.7650696626888758 0.04239307303442852 0.01700885824247589
0.0 0.6280323036629322 0.7058832681400597 0.049986583341066204 0.036584427978881284
0.0 0.6303284446350862 0.6829728803974779 0.049792538403846676 0.03239636323173922
0.0 0.67411861249169 0.690037577555301 0.08807767846747694 0.048936284330235225
0.0 0.6474284864973777 0.6132089764680215 0.046526878663522675 0.018036204019407975
0.0 0.6361654378493116 0.599600738993599 0.08060347624649422 0.03995323018105945
0.0 0.6135646037016143 0.5788232117625693 0.050427830367953175 0.014037872099769366
0.0 0.6124873013410815 0.5636238249534833 0.04525482544784243 0.014634006905102304
0.0 0.6485402187087588 0.5446055618844297 0.04238589895192657 0.032889007403888226
0.0 0.6136306971832101 0.5480417431947373 0.04827757605767791 0.03176896084333103
0.0 0.6150011847033561 0.5212569918992174 0.04236002629363056 0.032330598770936025
0.0 0.5923615702940204 0.5358764286773083 0.03172653608883047 0.019300696680182416
0.0 0.48890285500185415 0.48904618343902495 0.01246897965634508 0.012557735652121205
0.0 0.6024804022788082 0.4362171851513874 0.006176276347006682 0.005022448401917956
0.0 0.5984169830904889 0.38072451992808976 0.05019356460743374 0.04105169704249978
0.0 0.6150987694608663 0.3260893944049373 0.054936789542338604 0.023162143054509587
0.0 0.6438780264351598 0.33930576172746785 0.0991912246866079 0.04025724349130522
0.0 0.646782852069391 0.2771946548256097 0.08882222331141343 0.04897078120796311
0.0 0.5843825352524061 0.11807950031835467 0.07453069053267136 0.03716441631095066
0.0 0.5833174345772878 0.08301348594230223 0.014751478381423211 0.005698366812265196
0.0 0.6580076540189137 0.0927036494827525 0.06264096456466173 0.029091198161311782
