0.0 0.9118027859467687 0.5099270827854937 0.04502705614863545 0.04431194210564615
0.0 0.9492325043546603 0.5147072286461929 0.03157443036757446 0.034778141280167874
0.0 0.9545156804111177 0.5357435324117432 0.006585136609629227 0.007514784865515822
0.0 0.9305860549832269 0.5408978006561289 0.06467513629893973 0.06779303352637422
0.0 0.8921719131221615 0.4907252356279287 0.03680831429663112 0.039497143098272014
0.0 0.8078673271345719 0.4674104823755918 0.10821265842191807 0.11430543006818933
0.0 0.7736541370195442 0.5981158508739979 0.007915123585318984 0.007843612181019921
0.0 0.7554082023189441 0.6015314593062577 0.034786027968039424 0.03535811920243104
0.0 0.7349770160270032 0.6203661184036368 0.013559454882560606 0.0152328217431561
0.0 0.725810954378041 0.5890957800161312 0.03611601494372896 0.035686946517935136
0.0 0.6639565152297957 0.5597095948937465 0.056567119638420316 0.05765409298376445
0.0 0.5960517578396058 0.6471196291294217 0.12477244706067614 0.12760429867091494
0.0 0.4888593226158624 0.6696668692730353 0.10378129846016387 0.11470824103704458
0.0 0.40766447423876045 0.782794951555092 0.09797163024132183 0.10535160716497427
0.0 0.2237496718303321 0.8625287610967158 0.09900428939904299 0.10657019597387285
0.0 0.15539583597042644 0.8104973654397203 0.07882585130453601 0.08563373699379673
0.0 0.36589113933163614 0.8252941122676849 0.06259723708606302 0.06963395926908056
