0.0 0.23988263033480542 0.12829398743149473 0.08710878405697137 0.07520262781728126
0.0 0.3584523614151462 0.2259537677337463 0.05369876267842999 0.05309744165622332
0.0 0.5350649432520319 0.682437969138511 0.12606580668097528 0.10246395655936735
0.0 0.5077191840445673 0.6531437871373635 0.03994599268592386 0.03991592663481347
0.0 0.6529705020516835 0.6426275857988759 0.12353505308516088 0.09076305737490287
0.0 0.6557885461979006 0.709664383231274 0.05392917533937491 0.055101751332677695
0.0 0.5657998095601904 0.7598689241351125 0.026619441887592465 0.025837724558724018
0.0 0.6034265020147589 0.73950865595345 0.0374830317175725 0.03414570004432593
0.0 0.6518366263822833 0.820831367739859 0.06705849997650914 0.06820100991870137
0.0 0.7276065005558728 0.9176685459324365 0.12351227719050661 0.11819058614397848
0.0 0.7885427083721299 0.8379841322421586 0.08287551973107066 0.07355504388686862
0.0 0.7919573996998238 0.9383473264100134 0.09202713464451562 0.06605006648519152
