0.0 0.4948937908496732 0.028186274509803932 0.05514705882352944 0.056372549019607865
0.0 0.45098039215686275 0.014859068627450955 0.04166666666666663 0.02971813725490191
0.0 0.417687908496732 0.02895220588235292 0.06985294117647056 0.05790441176470584
0.0 0.42749183006535946 0.06020220588235292 0.01756535947712423 0.005208333333333259
0.0 0.5073529411764706 0.26072303921568635 0.01225490196078427 0.007965686274509776
0.0 0.4387254901960784 0.23529411764705888 0.056372549019607865 0.0625
0.0 0.37397875816993464 0.34849877450980393 0.06658496732026142 0.03952205882352944
0.0 0.4142156862745097 0.4486825980392157 0.02777777777777779 0.01378676470588236
0.0 0.4113562091503268 0.47886029411764713 0.01388888888888884 0.012254901960784381
0.0 0.35212418300653586 0.4963235294117647 0.020424836601307228 0.022058823529411686
0.0 0.39808006535947715 0.4941789215686275 0.008578431372548989 0.006127450980392135
0.0 0.37704248366013066 0.5560661764705882 0.028594771241830075 0.028799019607843146
0.0 0.33374183006535946 0.5713848039215687 0.01879084967320266 0.009803921568627416
0.0 0.36601307189542487 0.5811887254901962 0.0106209150326797 0.01715686274509809
0.0 0.3480392156862745 0.5879289215686274 0.004084967320261423 0.0042892156862744946
0.0 0.4507761437908496 0.6332720588235294 0.012663398692810413 0.01041666666666663
0.0 0.3897058823529411 0.6176470588235294 0.05882352941176472 0.028186274509803932
0.0 0.32209967320261434 0.6551776960784313 0.06331699346405228 0.03094362745098045
0.0 0.2906454248366013 0.6634497549019609 0.012663398692810413 0.015012254901960786
0.0 0.3361928104575164 0.7094056372549019 0.03349673202614378 0.01930147058823528
0.0 0.3443627450980392 0.7513786764705882 0.013071895424836555 0.00337009803921573
0.0 0.43014705882352944 0.8723958333333335 0.013071895424836555 0.011335784313725505
0.0 0.4084967320261438 0.8857230392156863 0.005718954248365993 0.0042892156862744946
0.0 0.3747957516339869 0.878982843137255 0.03145424836601307 0.019607843137254943
0.0 0.35232843137254904 0.8311887254901961 0.03635620915032678 0.04227941176470584
0.0 0.2975898692810458 0.8411458333333333 0.05596405228758172 0.028492647058823484
0.0 0.2771650326797385 0.8583026960784312 0.08864379084967322 0.02971813725490191
0.0 0.30841503267973863 0.928921568627451 0.03676470588235292 0.01225490196078427
0.0 0.35620915032679734 0.9705882352941175 0.07761437908496727 0.039215686274509776
