0.0 0.7126335559511072 0.7990515274599864 0.010023395950323977 0.008417894079260524
0.0 0.7311812422941929 0.8077199632745902 0.035629556224963777 0.030384916779489957
0.0 0.7920996812870005 0.8108725141246669 0.08249189124624667 0.0591585973867913
0.0 0.8226302575603837 0.7689041731563354 0.045436336680868106 0.04329566751945024
0.0 0.8093147075542961 0.7450413675182784 0.10236953150810058 0.090595851120302
0.0 0.7741440256796925 0.7275449014188189 0.07153083753480616 0.053549216578895664
0.0 0.7691675282345933 0.7060913043042113 0.04841081586817897 0.03310503136404086
0.0 0.6539880278903654 0.6801617708398829 0.06344017549253989 0.055359149408187314
0.0 0.6475625572130641 0.655840688601349 0.06163756982579649 0.05114829093484874
0.0 0.6950739816815796 0.6462972321668627 0.10581092814226178 0.0822100506376292
0.0 0.6383390073604218 0.577909624681708 0.05288862084212542 0.035709750821746544
0.0 0.6216027268165953 0.5682996688438848 0.09497387100935384 0.07046320911111881
0.0 0.5905198625536516 0.5556966384421791 0.055203299015979757 0.03326144011144605
0.0 0.5835960967668541 0.540557417603871 0.0503236407158405 0.031860369198610905
0.0 0.613200881243027 0.5072896060467307 0.054512120339876624 0.04878583033308381
0.0 0.5787979484547209 0.5241760831784104 0.05990002827971064 0.049945916679117075
0.0 0.5699414487598655 0.49624532959440415 0.0542717729176444 0.048224382536638855
0.0 0.5523762155637887 0.5198749145845503 0.03875789558140208 0.03126555351643934
0.0 0.42858211470627705 0.511584238786559 0.017145022568826995 0.017198539297862414
0.0 0.5245594269461432 0.4140291438791965 0.008031729584390357 0.00733601210692969
0.0 0.4991476643101615 0.3588060145921924 0.06536295487039945 0.05985073177974837
0.0 0.4952905992649051 0.29651473602103473 0.06316614161229628 0.044007152617606016
0.0 0.5297991713306869 0.2990148918095753 0.11344845013529248 0.07791334205575501
0.0 0.5089823215483767 0.2343509583235418 0.10655952520418865 0.0825305138672725
0.0 0.3841927094949801 0.0954459844388666 0.08790353111389332 0.06537298818996967
0.0 0.3696723565463394 0.05997478778970225 0.016760769507665363 0.011302063146049646
0.0 0.44980592863052243 0.04128271965665868 0.07305558645388921 0.05282626287848988
