0.0 0.8216911764705882 0.4127859477124183 0.005514705882353033 0.008578431372548989
0.0 0.8370098039215687 0.39910130718954245 0.020220588235294157 0.030228758169934644
0.0 0.8639705882352942 0.34415849673202614 0.031862745098039214 0.07638888888888884
0.0 0.8373161764705883 0.2994281045751635 0.031862745098039214 0.03594771241830064
0.0 0.8100490196078431 0.3022875816993464 0.0625 0.08496732026143794
0.0 0.7800245098039216 0.32781862745098034 0.030637254901960898 0.06495098039215685
0.0 0.7582720588235294 0.32393790849673204 0.016544117647058876 0.04575163398692805
0.0 0.6888786764705883 0.41993464052287577 0.037683823529411686 0.053104575163398726
0.0 0.6639093137254901 0.4162581699346405 0.03308823529411764 0.053104575163398726
0.0 0.6738664215686274 0.36866830065359485 0.049325980392156854 0.09436274509803921
0.0 0.5883884803921569 0.39399509803921573 0.01746323529411775 0.05024509803921573
0.0 0.5729166666666666 0.40563725490196073 0.03982843137254899 0.08660130718954251
0.0 0.5490196078431372 0.42933006535947715 0.012867647058823595 0.054738562091503296
0.0 0.5323223039215687 0.4297385620915033 0.01378676470588247 0.0490196078431373
0.0 0.5133272058823529 0.38929738562091504 0.034007352941176405 0.04493464052287577
0.0 0.5153186274509803 0.4276960784313726 0.03247549019607843 0.05147058823529416
0.0 0.48606004901960786 0.42483660130718964 0.0333946078431373 0.04493464052287577
0.0 0.5009191176470589 0.45036764705882354 0.019607843137254943 0.033905228758169925
0.0 0.4443933823529411 0.5612745098039216 0.013174019607843146 0.013071895424836555
0.0 0.3923100490196078 0.43423202614379086 0.00520833333333337 0.006535947712418277
0.0 0.3313419117647058 0.43586601307189543 0.042585784313725505 0.053104575163398726
0.0 0.27236519607843135 0.414828431372549 0.02267156862745101 0.05923202614379086
0.0 0.28829656862745107 0.3839869281045752 0.039215686274509776 0.10702614379084963
0.0 0.22043504901960786 0.37765522875817 0.049325980392156854 0.0951797385620915
0.0 0.04304534313725494 0.4379084967320261 0.037071078431372584 0.08006535947712423
0.0 0.004595588235294212 0.43729575163398693 0.005514705882352922 0.01593137254901955
0.0 0.01899509803921573 0.35600490196078427 0.028799019607843146 0.06740196078431371
