0.0 0.07142857142857142 0.2853835978835979 0.03323412698412698 0.02910052910052907
0.0 0.03943452380952381 0.2605820105820106 0.013888888888888888 0.03240740740740741
0.0 0.04600694444444445 0.238260582010582 0.002232142857142856 0.007605820105820116
0.0 0.07093253968253968 0.2465277777777778 0.037202380952380945 0.055224867724867704
0.0 0.07911706349206349 0.3138227513227513 0.01884920634920635 0.03439153439153436
0.0 0.14434523809523808 0.3812830687830688 0.06001984126984128 0.09523809523809523
0.0 0.24714781746031747 0.2791005291005292 0.005704365079365059 0.005291005291005291
0.0 0.2658730158730158 0.28587962962962965 0.022817460317460292 0.026124338624338606
0.0 0.29501488095238093 0.2795965608465609 0.005208333333333315 0.014880952380952384
0.0 0.2864583333333333 0.3134920634920635 0.026289682539682557 0.02380952380952378
0.0 0.32762896825396826 0.3743386243386243 0.03670634920634919 0.042989417989417966
0.0 0.43799603174603174 0.33052248677248675 0.0798611111111111 0.09623015873015872
0.0 0.5493551587301586 0.3680555555555556 0.044642857142857095 0.10780423280423279
0.0 0.6860119047619048 0.30770502645502645 0.04960317460317465 0.09226190476190477
0.0 0.8994295634920635 0.3341600529100529 0.049851190476190466 0.0935846560846561
0.0 0.9342757936507935 0.41947751322751325 0.037698412698412676 0.07705026455026454
0.0 0.7477678571428572 0.29117063492063494 0.025793650793650813 0.06646825396825395
