0.0 0.9285714285714286 0.7146164021164021 0.03323412698412698 0.02910052910052907
0.0 0.9605654761904763 0.7394179894179894 0.01388888888888895 0.03240740740740744
0.0 0.9539930555555556 0.7617394179894179 0.0022321428571427937 0.007605820105820116
0.0 0.9290674603174603 0.7534722222222222 0.03720238095238093 0.05522486772486768
0.0 0.9208829365079365 0.6861772486772486 0.018849206349206282 0.034391534391534306
0.0 0.8556547619047619 0.6187169312169312 0.06001984126984128 0.09523809523809523
0.0 0.7528521825396826 0.7208994708994708 0.005704365079365115 0.005291005291005346
0.0 0.7341269841269842 0.7141203703703703 0.022817460317460347 0.026124338624338606
0.0 0.7049851190476191 0.7204034391534391 0.00520833333333337 0.014880952380952439
0.0 0.7135416666666666 0.6865079365079365 0.026289682539682557 0.023809523809523725
0.0 0.6723710317460317 0.6256613756613757 0.036706349206349076 0.04298941798941791
0.0 0.5620039682539684 0.6694775132275133 0.07986111111111105 0.09623015873015861
0.0 0.45064484126984133 0.6319444444444444 0.044642857142857095 0.10780423280423279
0.0 0.31398809523809523 0.6922949735449735 0.04960317460317465 0.09226190476190477
0.0 0.10057043650793651 0.6658399470899471 0.049851190476190466 0.09358465608465605
0.0 0.06572420634920645 0.5805224867724867 0.037698412698412676 0.07705026455026465
0.0 0.25223214285714285 0.7088293650793651 0.025793650793650813 0.06646825396825395
