0.0 0.841765873015873 0.6574074074074074 0.048115079365079305 0.08333333333333337
0.0 0.800843253968254 0.6585648148148149 0.02331349206349209 0.027447089947089887
0.0 0.7744295634920635 0.5028108465608466 0.027529761904761862 0.07969576719576721
0.0 0.7553323412698413 0.6264880952380952 0.024553571428571397 0.018187830687830697
0.0 0.732390873015873 0.6079695767195767 0.020337301587301515 0.026785714285714413
0.0 0.7067212301587301 0.5929232804232805 0.02604166666666674 0.06812169312169314
0.0 0.652157738095238 0.6650132275132276 0.018601190476190466 0.02314814814814814
0.0 0.6811755952380952 0.7048611111111112 0.01116071428571419 0.015542328042328024
0.0 0.6329365079365079 0.7258597883597884 0.015873015873015928 0.02314814814814814
0.0 0.6240079365079365 0.6643518518518519 0.03621031746031744 0.08928571428571441
0.0 0.5770089285714285 0.6813822751322751 0.028025793650793718 0.03339947089947093
0.0 0.5673363095238095 0.6519510582010581 0.006696428571428492 0.024801587301587324
0.0 0.5643601190476191 0.5628306878306879 0.04241071428571441 0.08730158730158732
0.0 0.5207093253968254 0.56630291005291 0.009672619047619069 0.02215608465608465
0.0 0.5094246031746033 0.5968915343915344 0.009920634920634996 0.023809523809523725
0.0 0.5518353174603174 0.6653439153439153 0.018849206349206393 0.06613756613756605
0.0 0.5210813492063492 0.6812169312169313 0.042162698412698374 0.041005291005290934
0.0 0.48735119047619047 0.6392195767195767 0.055059523809523725 0.07341269841269848
0.0 0.5018601190476191 0.7208994708994709 0.02852182539682535 0.07275132275132268
0.0 0.4745783730158731 0.7251984126984127 0.05034722222222221 0.08465608465608465
0.0 0.42013888888888884 0.5987103174603174 0.015873015873015817 0.018187830687830697
0.0 0.4076140873015874 0.7313161375661376 0.022073412698412676 0.03141534391534395
0.0 0.35887896825396826 0.6979166666666667 0.052579365079365115 0.11078042328042337
0.0 0.2822420634920635 0.6731150793650793 0.07440476190476186 0.14054232804232802
0.0 0.24355158730158738 0.6491402116402116 0.007440476190476164 0.022486772486772555
0.0 0.22743055555555558 0.6532738095238095 0.01835317460317465 0.030753968253968367
0.0 0.1912202380952382 0.7562830687830687 0.014384920634920584 0.021164021164021163
0.0 0.1343005952380953 0.7521494708994709 0.05034722222222221 0.08167989417989419
0.0 0.01835317460317465 0.8217592592592593 0.03621031746031744 0.046957671957671976
0.0 0.47668650793650785 0.8831018518518519 0.019841269841269882 0.028108465608465583
0.0 0.41282242063492053 0.8708664021164021 0.011160714285714302 0.014219576719576743
