0.0 0.9036115467719114 0.37642374878603896 0.041530904589085926 0.0412388512880032
0.0 0.9415730749791054 0.37365497674079834 0.03008257997637731 0.03139097876522745
0.0 0.9510083423884962 0.3933943818331025 0.0063417309705917635 0.006721400261999078
0.0 0.9283826819200699 0.4032815396921427 0.060727108333205715 0.06200046072592602
0.0 0.880358935227199 0.3613708122494662 0.03479823607038712 0.035896356482457814
0.0 0.7923439844575314 0.35520140490456936 0.10183383804161417 0.10432213216683817
0.0 0.7846908695620431 0.4912720802818171 0.007314587765619773 0.007285382435511467
0.0 0.7673361803350278 0.49830228266776466 0.0323763454429864 0.032609988083852626
0.0 0.7509084471255553 0.5210138802195368 0.012995864400420887 0.013679269124954097
0.0 0.7355852428317021 0.4919342079108134 0.03334920223801441 0.03317397025736468
0.0 0.6685496408604753 0.4752671389428629 0.05268920969377233 0.05313313071141795
0.0 0.6189187264497562 0.5752805625951232 0.1163312702849435 0.11748780135723058
0.0 0.5174590125303475 0.619034868317851 0.0989805362792992 0.10344311071984158
0.0 0.45983858350974427 0.747135189992826 0.09267927889551503 0.0956932689626876
0.0 0.2939788599907917 0.8627884537245376 0.09368416698074067 0.09677409090619482
0.0 0.21598343679486343 0.8250348807685253 0.07479312944162098 0.07757347686792748
0.0 0.4270495917559404 0.7975157478361715 0.05981710807620089 0.06269091255885395
