0.0 0.5059523809523809 0.047619047619047616 0.07341269841269837 0.04067460317460314
0.0 0.4556878306878307 0.18675595238095238 0.03835978835978837 0.03670634920634919
0.0 0.5335648148148148 0.6516617063492064 0.11276455026455023 0.04786706349206349
0.0 0.5418320105820106 0.6139632936507935 0.028108465608465583 0.028025793650793607
0.0 0.41633597883597884 0.6765873015873016 0.12037037037037035 0.03025793650793651
0.0 0.4469246031746032 0.7335069444444444 0.03670634920634919 0.03993055555555558
0.0 0.5461309523809523 0.7309027777777778 0.01951058201058198 0.01736111111111116
0.0 0.5049603174603174 0.7325148809523809 0.02976190476190471 0.020585317460317443
0.0 0.5047949735449735 0.8236607142857144 0.04596560846560843 0.049107142857142905
0.0 0.4895833333333333 0.9410962301587302 0.09226190476190477 0.07762896825396826
0.0 0.3999669312169313 0.9050099206349206 0.06779100529100529 0.042162698412698374
0.0 0.44642857142857145 0.9898313492063493 0.09126984126984128 0.019841269841269882
