0.0 0.13777742960959644 0.022345960292982327 0.03723071287856189 0.04087604140289699
0.0 0.10536574858799444 0.0016081034266274968 0.03717069663563577 0.0032162068532549937
0.0 0.08275839125047152 0.003954371589345227 0.008533060198306852 0.0037941331166713235
0.0 0.09620871862672548 0.02902704398836589 0.06585354780551128 0.049959915439410654
0.0 0.169561588569734 0.025275518540714765 0.04020915247804391 0.026502717226544285
0.0 0.2536766897525655 0.08238457824913012 0.11279997785622672 0.08174177882889262
0.0 0.1636792309658908 0.21108350656277725 0.0067064592498005116 0.0070709921022340805
0.0 0.17439046712079306 0.22981371243015897 0.03212072990749515 0.029204467088027097
0.0 0.17309153250994827 0.26208717325989556 0.016851202337924587 0.008321133590980745
0.0 0.20768544049518506 0.24666340868596842 0.030294128958988698 0.032481326073589806
0.0 0.28027626587336785 0.279319569361284 0.052700762097146026 0.04715986274015682
0.0 0.25398580745988786 0.4052620082361071 0.11754095115424937 0.10310545019788275
0.0 0.3147156924782313 0.5171672473554965 0.12336016065205357 0.06765954080021463
0.0 0.2756542340362902 0.6742409475745759 0.10768999488515993 0.07007020451402268
0.0 0.3434981185484099 0.897144388665397 0.1091479912613259 0.07058041547386162
0.0 0.44103677979166384 0.91850843406579 0.0892431264699095 0.05453959891824023
0.0 0.26946479956332986 0.7432306932131272 0.0757381581023994 0.039868125422943046
