0.0 0.0586427359665421 0.5856760274130179 0.06989812152655686 0.0694222114595453
0.0 0.03507002091876925 0.5473369670834927 0.0409327558717647 0.048612153633780686
0.0 0.040317777944627944 0.5123198828984064 0.07628954417438344 0.08396894193639948
0.0 0.07235128465591248 0.5139972749398903 0.010312659419412479 0.018254600694659784
0.0 0.28203450404433605 0.5408409757908369 0.011303972794518335 0.014060679683447264
0.0 0.24117504098670756 0.48194660103665254 0.07652578211780059 0.07258762941933078
0.0 0.3327632675122144 0.39291939867254133 0.05785343280251137 0.0752469405540862
0.0 0.43760695146868195 0.4066505410814334 0.021573168493822847 0.03056528382199547
0.0 0.46553461319386774 0.3965775856393574 0.015872264070403985 0.016922438123329275
0.0 0.4676522115465096 0.33613350297496225 0.027170782558870954 0.026120608505945775
0.0 0.4768269642915492 0.3802481321373254 0.008435879452293515 0.010011140531681506
0.0 0.5303989975619158 0.345198073315951 0.03606294570814783 0.035931673951532295
0.0 0.534368119205632 0.3003888128023602 0.015046624116653362 0.020822581407742513
0.0 0.5515388742415595 0.32860850323797897 0.019522533646271323 0.015321837434570218
0.0 0.5535483262104879 0.30991537678221004 0.005317912401522906 0.005186640644907259
0.0 0.6216170443867503 0.396307118197406 0.013753791853816422 0.015197781176588654
0.0 0.5919003719845746 0.3421898716448363 0.04472705237308494 0.06441781586543383
0.0 0.6110104100057407 0.2689078340054345 0.04871685025073991 0.06952342367432202
0.0 0.6111849327816421 0.2370542212662123 0.01811294598823865 0.016603320787158538
0.0 0.6658858630254174 0.2690492575684944 0.028553269414949956 0.037676656499738226
0.0 0.7076921862841516 0.2665612890492596 0.007194692368641897 0.013430100807885648
0.0 0.8434067578828864 0.3184150679157923 0.01475055953497395 0.015866369466206898
0.0 0.8507676088038651 0.29462799128248307 0.0058176598186144846 0.006736562114924016
0.0 0.8361542313121257 0.2643048512489704 0.028219195419213583 0.03583295730292188
0.0 0.7853390606955208 0.25465081669765344 0.05122359806697141 0.04741671712511722
0.0 0.7814327008189956 0.20029982543929586 0.04414310466880289 0.06179915593360916
0.0 0.792725087509978 0.1767411045189628 0.05530049411314608 0.09317239589676393
0.0 0.8673328928208839 0.1891588180499834 0.022868727909685416 0.038621338703564545
0.0 0.9185132759677264 0.22433117200981909 0.06093611759225093 0.08561520783599491
