0.0 0.029313416352686167 0.5242299773136524 0.058626832705372334 0.05854435027976024
0.0 0.014437753457539726 0.4812298621599358 0.028875506915079452 0.04343327738039293
0.0 0.027906957833436996 0.4471257716540089 0.05581391566687399 0.07331701282192715
0.0 0.05654573583756814 0.45496834431008487 0.0062900646990489695 0.017855127342480515
0.0 0.2616427356559554 0.5222113538656672 0.008712006341262735 0.012726325605924793
0.0 0.23199733758665558 0.4552971741014177 0.06588307389960868 0.06014833209294851
0.0 0.340958669866172 0.3836392247074394 0.043584331270715926 0.06891277425013193
0.0 0.4434497677981528 0.417571270401181 0.015486677605339005 0.028581004730546533
0.0 0.4733913774233367 0.412841580868136 0.013094491442142309 0.014623755923918291
0.0 0.48713918765830216 0.3526386305934208 0.02328570822581233 0.02175644374403629
0.0 0.487855185676614 0.39863895464093163 0.006648808710372489 0.008942705433036546
0.0 0.5483151526564165 0.37379535273102044 0.030520686490513538 0.030329528430291575
0.0 0.5609127409812812 0.32962627172276837 0.010952939203430212 0.019363893853198644
0.0 0.5727035748464477 0.3612257363407394 0.017783847876771897 0.011666789949667633
0.0 0.5783135452823269 0.3428676868280195 0.0045348295848316456 0.004343671524609627
0.0 0.6299547805570489 0.44258759111889984 0.01118363829520408 0.013286376957646229
0.0 0.6105640761397326 0.38260661047257527 0.03178804149093484 0.06046175052423597
0.0 0.6438199759336982 0.31279834894623104 0.03481936106895667 0.06511791361414493
0.0 0.6501209524619764 0.28089075749465237 0.015770340557609508 0.013572022865056321
0.0 0.6988190434128045 0.32349361417683486 0.021346190782780106 0.03463167596820965
0.0 0.7412187390226128 0.3290388522445431 0.004176085573508237 0.013256093434053429
0.0 0.8673339555376066 0.4071352855809756 0.01212636949501067 0.013751213006897633
0.0 0.8792896824903387 0.38469844845771045 0.004636392574132953 0.005974498995687028
0.0 0.8704677825178038 0.3514815791976066 0.02152501719698041 0.03261218468985683
0.0 0.8213695878858951 0.332028418907357 0.04445743732608376 0.03891385357964555
0.0 0.8279050826461773 0.27677679916020803 0.03191608641048438 0.057626845510344415
0.0 0.8437592337262232 0.25532504438407577 0.03517046679981972 0.09031956717386902
0.0 0.9161839506622396 0.28212519432456323 0.01451637329236144 0.037455340519002345
0.0 0.9607407686117788 0.327237041626393 0.04396410129767314 0.07990181661941048
