0.0 0.07022247049163527 0.5162951846345156 0.09930784290751238 0.10762509078691773
0.0 0.10666401810343158 0.538624866395814 0.03946687384654465 0.0404430766492917
0.0 0.2115744249704442 0.4113717591755561 0.0782401650321739 0.09055984440284226
0.0 0.16454247741208572 0.5332569288319686 0.034394546195857495 0.032891193879627134
0.0 0.19493990388799992 0.5284246380300598 0.03633031407984011 0.03785319045212554
0.0 0.22600115009954358 0.5281542280797054 0.06914955901639333 0.0790873035483588
0.0 0.2379017395353842 0.6217865739945367 0.03232507950115798 0.03339890258417977
0.0 0.19091149011086378 0.6427663136765838 0.02050127213193431 0.02153604710284618
0.0 0.22365742021616347 0.6868614235344417 0.0298555153397998 0.031573632272634655
0.0 0.26372710288313006 0.6358273197964746 0.09251397088313879 0.1050484148704115
0.0 0.2974142117392948 0.6756854276052457 0.04771489262317086 0.048983956266742124
0.0 0.32147577292427065 0.6540743568167262 0.022655023955561848 0.026930792231594114
0.0 0.37051728317885346 0.5749497084820315 0.09679914738692003 0.10740070982475358
0.0 0.40822456533485546 0.6007935772082474 0.023579134859787576 0.026527267324083725
0.0 0.402531832217191 0.6343512993101247 0.024909865123877772 0.02818990654110798
0.0 0.32854237326391655 0.6742590308340987 0.061311420546234285 0.07247918060966096
0.0 0.348126264876934 0.7046211404787162 0.0656003574793646 0.06532702069459528
0.0 0.40049996691297446 0.6841463367278324 0.09895665963989664 0.10329100008409375
0.0 0.3448883877716797 0.750538158948691 0.07449204575237112 0.08493741574176505
0.0 0.3673483458105493 0.7686175853012116 0.10221337494816068 0.11031585821096146
0.0 0.48240806591569585 0.6824311035078671 0.026536842046081477 0.027083515615619946
0.0 0.42478337097777535 0.8089804669124911 0.04099928331726577 0.043205501651474076
0.0 0.48626830875186217 0.8040919275878092 0.12171227345740088 0.13545720892007984
0.0 0.5685387855722335 0.8214967034134646 0.16138082651057623 0.17700007135452955
0.0 0.6160299308174582 0.8199156250769666 0.021779827250378858 0.02533320545237816
0.0 0.6284731142078412 0.832041202362982 0.03718920605200893 0.04011781446025031
0.0 0.6076805478407603 0.9441172929991153 0.02718101102520798 0.02878198362171336
0.0 0.6613543322249211 0.9580829727086885 0.10022217097192987 0.08383405458262305
0.0 0.2833216687755537 0.9104566207196113 0.03676628195913012 0.03871868756462438
0.0 0.3474950201395694 0.9325937988912495 0.019616292586942752 0.020338682660975715
