0.0 0.49213973984674897 0.9170745638726332 0.08044558344962399 0.054679151902377154
0.0 0.4609385407981738 0.7732966218792814 0.04510474706462497 0.04380341213799621
0.0 0.5990031300297125 0.3252969094309178 0.12066455329339776 0.06958715742322452
0.0 0.6021816200910222 0.36354714329983484 0.03327517659925594 0.03321010985292444
0.0 0.4867345553626198 0.2852701461167715 0.12466328537792926 0.05374053187666972
0.0 0.5243915104632848 0.23319639210061513 0.0441154845593289 0.0466530876662547
0.0 0.6218380744774081 0.2488440909925268 0.02268124160339291 0.020989506198775792
0.0 0.5814678139813976 0.2418265086251743 0.033426771026238256 0.026204362183449376
0.0 0.5933227359737465 0.15196020673674587 0.05506570488303664 0.05753824124363116
0.0 0.593812573821467 0.04081052498120914 0.1063675850026371 0.08162104996241829
0.0 0.5007175585068704 0.05795050832455017 0.07519980148505373 0.05502911012231003
