0.0 0.052953115246242466 0.4304799327671468 0.052340029361418905 0.07916452156979903
0.0 0.19852092830414614 0.4041054170074203 0.042585705226435455 0.04394047756019209
0.0 0.64394731976673 0.5583698475094845 0.06598989094254792 0.11916470504249316
0.0 0.6053983495043554 0.5602390017416307 0.032318156083792626 0.03238589470048048
0.0 0.6880605251624272 0.4469341692343323 0.049894516150307044 0.12372960834003999
0.0 0.7390866226356172 0.48658069567197476 0.04548927937078917 0.04284747331996386
0.0 0.7199861505688887 0.5839657734493631 0.020369771068320275 0.022130975102203743
0.0 0.728436789825929 0.543639519562334 0.025257271816257254 0.032776258268606195
0.0 0.8183356073191062 0.5586659258514828 0.05608059660507625 0.05350652917093879
0.0 0.9366639389592326 0.5632376123623866 0.0919188469751755 0.10390858212892118
0.0 0.9160168138570804 0.4688606157564713 0.05287046105777793 0.07386943223100473
0.0 0.9872611644077608 0.5288080200467699 0.025477671184478412 0.09330008112347415
