0.0 0.6574074074074074 0.15823412698412698 0.08333333333333337 0.048115079365079305
0.0 0.6585648148148149 0.19915674603174605 0.027447089947089887 0.02331349206349209
0.0 0.5028108465608466 0.2255704365079365 0.07969576719576721 0.027529761904761862
0.0 0.6264880952380952 0.24466765873015872 0.018187830687830697 0.024553571428571397
0.0 0.6079695767195767 0.2676091269841269 0.026785714285714413 0.020337301587301515
0.0 0.5929232804232805 0.2932787698412699 0.06812169312169314 0.02604166666666674
0.0 0.6650132275132276 0.347842261904762 0.02314814814814814 0.018601190476190466
0.0 0.7048611111111112 0.31882440476190477 0.015542328042328024 0.01116071428571419
0.0 0.7258597883597884 0.36706349206349204 0.02314814814814814 0.015873015873015928
0.0 0.6643518518518519 0.3759920634920635 0.08928571428571441 0.03621031746031744
0.0 0.6813822751322751 0.4229910714285715 0.03339947089947093 0.028025793650793718
0.0 0.6519510582010581 0.4326636904761904 0.024801587301587324 0.006696428571428492
0.0 0.5628306878306879 0.43563988095238093 0.08730158730158732 0.04241071428571441
0.0 0.56630291005291 0.47929067460317465 0.02215608465608465 0.009672619047619069
0.0 0.5968915343915344 0.4905753968253968 0.023809523809523725 0.009920634920634996
0.0 0.6653439153439153 0.4481646825396825 0.06613756613756605 0.018849206349206393
0.0 0.6812169312169313 0.4789186507936508 0.041005291005290934 0.042162698412698374
0.0 0.6392195767195767 0.5126488095238095 0.07341269841269848 0.055059523809523725
0.0 0.7208994708994709 0.49813988095238093 0.07275132275132268 0.02852182539682535
0.0 0.7251984126984127 0.525421626984127 0.08465608465608465 0.05034722222222221
0.0 0.5987103174603174 0.5798611111111112 0.018187830687830697 0.015873015873015817
0.0 0.7313161375661376 0.5923859126984126 0.03141534391534395 0.022073412698412676
0.0 0.6979166666666667 0.6411210317460317 0.11078042328042337 0.052579365079365115
0.0 0.6731150793650793 0.7177579365079365 0.14054232804232802 0.07440476190476186
0.0 0.6491402116402116 0.7564484126984126 0.022486772486772555 0.007440476190476164
0.0 0.6532738095238095 0.7725694444444444 0.030753968253968367 0.01835317460317465
0.0 0.7562830687830687 0.8087797619047619 0.021164021164021163 0.014384920634920584
0.0 0.7521494708994709 0.8656994047619047 0.08167989417989419 0.05034722222222221
0.0 0.8217592592592593 0.9816468253968254 0.046957671957671976 0.03621031746031744
0.0 0.8831018518518519 0.5233134920634921 0.028108465608465583 0.019841269841269882
0.0 0.8708664021164021 0.5871775793650795 0.014219576719576743 0.011160714285714302
