0.0 0.040504807692307694 0.641346153846154 0.03581730769230769 0.08653846153846156
0.0 0.06610576923076925 0.5605769230769231 0.03413461538461539 0.033333333333333326
0.0 0.043870192307692304 0.5056089743589743 0.022355769230769235 0.04326923076923078
0.0 0.007932692307692307 0.5605769230769231 0.015865384615384615 0.08397435897435901
0.0 0.1986778846153846 0.5293269230769231 0.0435096153846154 0.06506410256410255
0.0 0.23088942307692306 0.5592948717948718 0.040624999999999994 0.09102564102564104
0.0 0.20709134615384617 0.6432692307692309 0.022355769230769235 0.024358974358974383
0.0 0.2776442307692307 0.5269230769230769 0.05480769230769228 0.0724358974358974
0.0 0.39447115384615383 0.5544871794871795 0.042307692307692324 0.06794871794871793
0.0 0.9216346153846153 0.6198717948717949 0.04711538461538467 0.11025641025641031
0.0 0.895673076923077 0.5349358974358974 0.08076923076923082 0.0608974358974359
0.0 0.8819711538461539 0.6182692307692308 0.04134615384615381 0.10448717948717945
0.0 0.9948317307692308 0.5929487179487178 0.009855769230769251 0.04487179487179482
0.0 0.9676682692307692 0.5604166666666668 0.02524038461538458 0.024679487179487203
0.0 0.9838942307692309 0.2549679487179487 0.03173076923076923 0.05608974358974361
