0.0 0.040504807692307694 0.35865384615384605 0.03581730769230769 0.08653846153846156
0.0 0.06610576923076925 0.43942307692307697 0.03413461538461539 0.033333333333333326
0.0 0.043870192307692304 0.4943910256410256 0.022355769230769235 0.043269230769230727
0.0 0.007932692307692307 0.43942307692307686 0.015865384615384615 0.08397435897435901
0.0 0.1986778846153846 0.4706730769230769 0.0435096153846154 0.06506410256410255
0.0 0.23088942307692306 0.44070512820512814 0.040624999999999994 0.09102564102564104
0.0 0.20709134615384617 0.35673076923076913 0.022355769230769235 0.024358974358974383
0.0 0.2776442307692307 0.47307692307692306 0.05480769230769228 0.0724358974358974
0.0 0.39447115384615383 0.4455128205128205 0.042307692307692324 0.06794871794871793
0.0 0.9216346153846153 0.3801282051282051 0.04711538461538467 0.11025641025641031
0.0 0.895673076923077 0.4650641025641026 0.08076923076923082 0.0608974358974359
0.0 0.8819711538461539 0.38173076923076926 0.04134615384615381 0.10448717948717945
0.0 0.9948317307692308 0.4070512820512821 0.009855769230769251 0.04487179487179482
0.0 0.9676682692307692 0.43958333333333327 0.02524038461538458 0.024679487179487203
0.0 0.9838942307692309 0.7450320512820513 0.03173076923076923 0.05608974358974361
