0.0 0.06864056431382742 0.7122347855689318 0.049052292643358086 0.09111380504437538
0.0 0.08114601778351752 0.6284332849602644 0.03897659249701163 0.03831211362811726
0.0 0.05049729300873751 0.577673537748119 0.028917297979740297 0.04626019645788493
0.0 0.023705006905094222 0.6376331299569522 0.02894594725958205 0.08542665111560854
0.0 0.20710774360947223 0.5766107811178335 0.05325171218222352 0.07112619375548368
0.0 0.24365323727598379 0.6011074758559353 0.05450911354214577 0.09630483439560544
0.0 0.23343485893664084 0.6877886512892739 0.025926714757676494 0.027587911929912612
0.0 0.28470019659953494 0.5617489662823123 0.06557343156728268 0.08019196668296014
0.0 0.4044160926595925 0.5704904728071152 0.052521105097794396 0.0737844289024161
0.0 0.9352859054508378 0.5516834268616398 0.06395909244070985 0.11632002730959079
0.0 0.8962187935760471 0.47192210213408897 0.0893835002244261 0.0729044242758442
0.0 0.8958681405958058 0.5563736514563945 0.05735008194069857 0.10971101680957962
0.0 0.9974450441513535 0.5135233193414959 0.005109911697293024 0.04586576725414554
0.0 0.9713376626989259 0.4856964557564234 0.028825717197910716 0.028360581989684608
0.0 0.9390539100481093 0.18152551625176913 0.040201834442888496 0.0604019920572792
