0.0 0.3062374240365231 0.14546714686939743 0.08891194248580225 0.05528101139082722
0.0 0.38720442397321375 0.14822465388924913 0.039488926235123734 0.04002022056521809
0.0 0.4320866343040975 0.11358521056828616 0.04560203188034462 0.03173524986488101
0.0 0.37221271185097965 0.09466097340216231 0.08140922334802947 0.03624920529000612
0.0 0.45014329876136805 0.2622388985699846 0.07112149895025843 0.05682968147071926
0.0 0.4308510835698633 0.2996211298227731 0.09428256071529384 0.06086414735235657
0.0 0.3473975358415292 0.2993496438715837 0.02819014676333015 0.026861910938094147
0.0 0.4727069939556851 0.33432878253190895 0.08082079649026797 0.06913232122819135
0.0 0.47743428071416893 0.4490023295294588 0.07346780310411732 0.05646638454109687
0.0 0.5530851220016546 0.951245705584951 0.11366219156763802 0.07179619835619988
0.0 0.6246005305260462 0.9054525274480583 0.07688711155564443 0.09006321094198544
0.0 0.5443390835846242 0.9143120195194515 0.10686330965596957 0.06499731644453166
0.0 0.6196925456044672 0.9783097331953282 0.029228654143975907 0.02960056017504198
0.0 0.9051203303448632 0.9145332024634811 0.059822719478464736 0.043671371843595264
