0.0 0.9325201039923801 0.26864302450609057 0.04916315209261812 0.0941376437648993
0.0 0.9176668567248325 0.3553912939926321 0.039863850619729746 0.03915335312095769
0.0 0.9483646102792463 0.40878728280600163 0.029157395921083795 0.047701380639038504
0.0 0.9775235275191826 0.3471167416091446 0.028269079497487803 0.08866136689312587
0.0 0.785702963612309 0.406402793342875 0.05402356580815948 0.07313594852513194
0.0 0.7482965390244949 0.380149315630857 0.05474824187379779 0.09943853454656992
0.0 0.7608388259777004 0.2903596006854375 0.026467596523696568 0.028243840270627207
0.0 0.7047931667854118 0.4201084014665077 0.0666971875730138 0.08232813254600246
0.0 0.5806644174216624 0.4083640524608165 0.053197166116548344 0.07593308607725924
0.0 0.0305124300279275 0.4160709901505877 0.061024860055855 0.12014905759575245
0.0 0.06773812949178844 0.49977225195466635 0.09176884844649488 0.07414851047694393
0.0 0.06998324826177063 0.41207819398813694 0.057405039170732974 0.11339224207398324
0.0 0.002387783995546261 0.4837946541639777 0.004775567991092522 0.028983937473083143
0.0 0.018550060362166568 0.8003913840892098 0.037100120724333135 0.06222643567480168
