0.0 0.9509836302910539 0.33348173622546434 0.04054401700317978 0.08838524659375313
0.0 0.9298844365429318 0.41554209141556986 0.03592420582403677 0.035168420206492135
0.0 0.9551231359580362 0.4691975135012745 0.024712330659572013 0.04443833527748614
0.0 0.9879686507176179 0.4123279130746217 0.0204808998731425 0.08472267736443356
0.0 0.7992414574808817 0.45406922859632204 0.04703807315386266 0.06736870626581254
0.0 0.7654233351699472 0.42592680930118215 0.04559229088413619 0.09313120622769155
0.0 0.7845453085977272 0.3407658348902557 0.023667501336619434 0.025556965380480856
0.0 0.7205285542867705 0.4608324506076786 0.058726197955512816 0.07535348154149402
0.0 0.6023571195540178 0.43976537394791304 0.04599736682831701 0.07018250658974434
0.0 0.07238630057127207 0.4036074683536338 0.053135299355178967 0.11269120601769361
0.0 0.10300105874483007 0.48697919458324834 0.08401055568485416 0.06526707236974799
0.0 0.11207771873007172 0.4030160992141359 0.04705611993214076 0.1066120265946554
0.0 0.0034742683167595656 0.43453370509902034 0.006948536633519131 0.04534780147900935
0.0 0.02970798002805755 0.4655152264452202 0.02656541927553463 0.026036369343253374
0.0 0.03038345449819521 0.7713938704506548 0.03478136866644538 0.05775725143980126
