0.0 0.4363550971456116 0.9679051621935377 0.12788846796370845 0.06418967561292444
0.0 0.4073592811861785 0.920852150151455 0.07931758401317118 0.04068832986814064
0.0 0.46414546761344044 0.9061863404059043 0.05614518448805528 0.035730116973294646
0.0 0.4463871830049436 0.8591590958497812 0.05590838496700484 0.04831914053772568
0.0 0.5066387756466614 0.8478338493122222 0.0479397834650801 0.024640803067193295
0.0 0.4904157699851811 0.8245122036423297 0.08300390478099007 0.02987919377603654
0.0 0.40774780893428386 0.8260959383699105 0.08048582341147897 0.03510214172439008
0.0 0.36941960334741875 0.8492124317805059 0.039208282918885284 0.026610137166282022
0.0 0.44835898166150734 0.7906135726832821 0.07942393320892671 0.049598202601859875
0.0 0.4213522810967375 0.5308469822075578 0.08998856592453869 0.0344352967022159
0.0 0.4538958348737366 0.5027073176986361 0.035020637874145 0.012404689474893371
0.0 0.5252969808077222 0.5237964877966934 0.03049886115195255 0.021164090503939192
0.0 0.4949468143574089 0.46066320148208173 0.04720031143359005 0.027544168361757382
0.0 0.45431996696013477 0.42977820704028685 0.07277138139255324 0.04507063922568455
0.0 0.3774622338429037 0.4503090520348702 0.09145579648112856 0.04000071925061632
0.0 0.47424425071887666 0.3307085310820054 0.05880205910545594 0.03595843337332588
0.0 0.41946390875531625 0.3784490540905896 0.10160969590863017 0.06609203197960412
0.0 0.41672444901331973 0.3426772482033676 0.04641937831061238 0.014620444151933087
0.0 0.4046693690259744 0.3133517039373406 0.05707662436531269 0.04273295239397523
0.0 0.339708076516851 0.27765753244783986 0.13881630582511129 0.0732452339561398
0.0 0.29875000420679754 0.17478656320654007 0.15784386963049268 0.06449616315035989
0.0 0.26184453455961876 0.22224563026682123 0.09023438248494298 0.041131971027507264
0.0 0.3396658145478615 0.20903416458598267 0.06953725500433233 0.03045264619354504
0.0 0.39508559991947373 0.19988058526615152 0.030048015005872508 0.03126229411455722
0.0 0.29760270565187025 0.12444995640985934 0.10081839751278066 0.04921153539368284
0.0 0.24566960439647406 0.07684659801879767 0.12243592548101756 0.07060138602904131
