0.0 0.033125 0.604 0.06625 0.1226666666666667
0.0 0.088625 0.6283333333333333 0.03425 0.07666666666666666
0.0 0.098375 0.5705 0.03125 0.05366666666666664
0.0 0.14675 0.5841666666666666 0.04400000000000001 0.05233333333333334
0.0 0.152875 0.5231666666666667 0.02074999999999999 0.04633333333333334
0.0 0.1775 0.5373333333333333 0.022999999999999993 0.08133333333333331
0.0 0.183 0.6198333333333333 0.028499999999999998 0.07833333333333337
0.0 0.16325 0.6599999999999999 0.023499999999999993 0.03733333333333333
0.0 0.21487499999999998 0.5763333333333334 0.04324999999999998 0.07599999999999996
0.0 0.476 0.581 0.027000000000000024 0.08799999999999997
0.0 0.50125 0.5461666666666667 0.009500000000000008 0.03433333333333333
0.0 0.474125 0.47683333333333333 0.01874999999999999 0.029000000000000026
0.0 0.539625 0.5016666666666667 0.02375000000000005 0.04533333333333328
0.0 0.573875 0.5394999999999999 0.03925000000000001 0.06966666666666665
0.0 0.56 0.6178333333333333 0.03249999999999997 0.08899999999999997
0.0 0.670875 0.5111666666666667 0.03125 0.056333333333333346
0.0 0.628 0.5698333333333333 0.05800000000000005 0.09699999999999998
0.0 0.663875 0.5694999999999999 0.010750000000000037 0.04566666666666663
0.0 0.6941250000000001 0.579 0.038250000000000006 0.05400000000000005
0.0 0.73525 0.6406666666666667 0.061999999999999944 0.134
0.0 0.84125 0.6726666666666667 0.05149999999999999 0.15400000000000003
0.0 0.7971250000000001 0.7135 0.03375000000000006 0.08766666666666667
0.0 0.803625 0.6348333333333334 0.02475000000000005 0.06766666666666665
0.0 0.808 0.5788333333333333 0.029000000000000026 0.027666666666666617
0.0 0.8915 0.6695 0.041000000000000036 0.09766666666666668
0.0 0.9433749999999999 0.7171666666666667 0.06074999999999997 0.1176666666666667
