0.0 0.893114253931354 0.6684008269222335 0.06321807345300878 0.07523452541300546
0.0 0.8573686777827862 0.7030328964292678 0.022652319740980698 0.02925424394034648
0.0 0.8125836017977021 0.6834401250632969 0.04187299382613552 0.05878151911371965
0.0 0.7515406530280714 0.7630881808740257 0.0712012340642465 0.09841636044004931
0.0 0.7345288977002913 0.7107706688815385 0.05363268194156767 0.05197032692733894
0.0 0.6697222650205826 0.7129607037157689 0.09188056258007138 0.1504904507960234
0.0 0.6321795050202081 0.6741210434648142 0.09194849427189855 0.10809708583869237
0.0 0.5088517398005818 0.5970883842541022 0.025848818933207673 0.027321190517239025
0.0 0.5493382789726007 0.48110718512870243 0.038258083421028655 0.04091785144379467
0.0 0.393186541726163 0.5531396324000555 0.032427072718987815 0.042116227659063976
0.0 0.37953920093772914 0.5278146383385468 0.014936156026060021 0.01612355246479491
0.0 0.4334346844057346 0.5013831961280057 0.02058974917380424 0.028474061527003602
0.0 0.42666414164060695 0.4797944522199741 0.018742418549777762 0.02410945045285917
0.0 0.3752360098314354 0.4587526147337311 0.01896960240519696 0.023671692302587033
0.0 0.3480067350845868 0.47379823547532424 0.015426355473706466 0.024688047695838322
0.0 0.3072933195742029 0.5449531546110011 0.07426411004716466 0.12156998416636111
0.0 0.3450127614280881 0.5440220370583277 0.029639031479415878 0.06122377674976276
0.0 0.2238238892990998 0.47661489212192204 0.05883787933460846 0.06676968754535728
0.0 0.17638385627764958 0.5177576263256786 0.06909685980412725 0.08662283123985359
0.0 0.18983278374351892 0.4726074699561316 0.025504061845989162 0.026928937572470946
0.0 0.13564428616296 0.43072091536659807 0.09642635510164903 0.11214748395049856
0.0 0.07945113271466929 0.414038252707314 0.042050411380432 0.04523263383624143
0.0 0.05265364801752016 0.5229481539402969 0.01999591105867274 0.022750670796537587
0.0 0.6581715851150394 0.5068192320973095 0.013571062241500509 0.018225656281340985
