0.0 0.2632089872766795 0.9476779642736977 0.084569239912896 0.05974258468501281
0.0 0.3147255430544755 0.8981975630445924 0.07825414921773455 0.04892006090813206
0.0 0.15886744197811375 0.8704088531372386 0.1048658181052502 0.085333608084466
0.0 0.28046129184154456 0.7898216532448205 0.0925637567652906 0.05886532848767412
0.0 0.3547942554802019 0.7734089709017652 0.05042718797587098 0.027675382896715783
0.0 0.25603213190312857 0.8530152147376477 0.052811892422911066 0.04064897775795384
0.0 0.30280678465651134 0.5109469549417403 0.11019427925295178 0.10575839272808507
0.0 0.38151611317521694 0.5347195233118647 0.0695073391156924 0.06600155782991068
0.0 0.402909927041958 0.6085838946503879 0.02492543454117324 0.03351102136349593
0.0 0.4349791876257554 0.7119999235124965 0.03728472312463721 0.041005144080976996
0.0 0.2770721508041484 0.4280521956352267 0.13151202027257275 0.054098645757962915
0.0 0.3716029258243422 0.42657484189236894 0.07454675228557672 0.033335935538427786
0.0 0.33550885287594767 0.4563009500989117 0.052673609274019484 0.027489221261872865
0.0 0.470833646982208 0.4804596865009404 0.04013015728000807 0.0501466752393846
0.0 0.40969011508589215 0.37315377433845975 0.06278988065388963 0.04247065850772597
0.0 0.3700341808088684 0.35157947760845853 0.03263406134317537 0.057174530343647834
0.0 0.3291093771956768 0.3595982726689214 0.05895554755468918 0.03806395295370385
0.0 0.3511790422142501 0.32660856956374096 0.027796078223741638 0.025864321188719064
0.0 0.6368960816313338 0.3364594076873048 0.06312140479880768 0.044948579358224605
0.0 0.6084712422304328 0.3578791715237892 0.04263725910135141 0.04220797976023538
0.0 0.4801883283059214 0.06742744736901538 0.04663281548027148 0.038118775214801504
0.0 0.32792738728548565 0.04920019920363189 0.034842791434092524 0.04700570609904975
0.0 0.3985145723520964 0.02377535348113055 0.052947906175432935 0.0475507069622611
