0.0 0.03213810644053136 0.568905379324377 0.06427621288106272 0.1272642190763491
0.0 0.08020255718939079 0.5973084892448635 0.03987014274827538 0.07900664321588124
0.0 0.09423686289082406 0.5403629432564092 0.03516385597331717 0.0558469966919537
0.0 0.14145841008958354 0.5575979043220197 0.04777897776625928 0.05546787766166328
0.0 0.15211387588949898 0.4972242621129661 0.02414637889389304 0.04775130157278312
0.0 0.1756142369169011 0.5131872850417912 0.028999344741414745 0.08282164400924213
0.0 0.174948611748976 0.5958677358335946 0.0342603920197479 0.08024001339426323
0.0 0.15225917110498235 0.6344502823329354 0.026217782490960018 0.03898135631733035
0.0 0.20997781027199938 0.5548650423143315 0.04879539912653358 0.07901277571547105
0.0 0.470028287711839 0.5789854193032846 0.033485209639972924 0.08976795687432926
0.0 0.4978048271766238 0.546131386575591 0.0120330919045884 0.034946013592891956
0.0 0.4759240613651237 0.47496883445993543 0.02085975569936116 0.03031710257070802
0.0 0.5393904876601621 0.504616046433086 0.02706348153413185 0.04697773226322782
0.0 0.5707247310990465 0.5448974168072902 0.04433438400762446 0.07239886862584866
0.0 0.5510486424778271 0.6219784019636896 0.03904445427409253 0.09117519556493103
0.0 0.6695670430295275 0.5238742117705867 0.035362654210508215 0.05850624289567402
0.0 0.6224377889421338 0.5791813253450959 0.06506989080874115 0.10105394231923137
0.0 0.6582378103062074 0.5815233771043418 0.014124506070644305 0.046340996632386666
0.0 0.6876954157096665 0.5932520592082313 0.04216922703773185 0.056701247840045266
0.0 0.7241087690226222 0.6578129692334442 0.07181708565534739 0.13824918075163717
0.0 0.8274282267742118 0.6976261536064321 0.0628372905071315 0.15741075922059966
0.0 0.7803819142400394 0.7350563715198786 0.04019157681349095 0.08993875913675431
0.0 0.7927283748587437 0.6570931792132828 0.02972563409700213 0.06932346855833216
0.0 0.8012659636427346 0.601575162293048 0.030981834176315393 0.029751610193050837
0.0 0.8777744703322307 0.6982144030215831 0.048166895819321986 0.10045141510806854
0.0 0.925951600649187 0.7496156758709408 0.06935292479455823 0.12186811108016715
