0.0 0.09933498806728927 0.39128345079946203 0.055199913903907716 0.06235222129277351
0.0 0.1299238891400757 0.39788099672902116 0.02998613888488466 0.032576912768777166
0.0 0.12212755060641789 0.4355599201975046 0.03523755717407251 0.04371846655467815
0.0 0.14795828907672004 0.4346031377188602 0.04545800992723115 0.04698590221773191
0.0 0.18743544295194986 0.47217282825986684 0.07628978334723402 0.07529333185342918
0.0 0.23136931608481545 0.44701260844506185 0.043848665552602195 0.04112503146953561
0.0 0.22840523878265934 0.5012337955415543 0.023760959615863525 0.026351733499756225
0.0 0.24500380181733294 0.5314824464760941 0.0223566175527784 0.019455836537479843
0.0 0.23358987886257565 0.553227696553815 0.023671839002304934 0.022498240576268036
0.0 0.26735429699674657 0.5389975534977008 0.050507203142686724 0.06237604760222881
0.0 0.2970293344553399 0.5441087166320058 0.02797348015827461 0.026600591433476928
0.0 0.3179968847529966 0.5169345282402648 0.05609793481239561 0.04921134782187769
0.0 0.365634117784967 0.49578411476497664 0.07055703904375266 0.07303709609500025
0.0 0.3794688720745693 0.5844961276972196 0.03604140864022298 0.04073580234437035
0.0 0.4548863220531558 0.5974454704524308 0.03589434717767176 0.039326568989666244
0.0 0.4438052750312351 0.6490869760985942 0.033807589822044404 0.03695194786916178
0.0 0.4962000405170507 0.5643288597094862 0.061943153427411524 0.07241696579562673
0.0 0.5307181330840722 0.5189400156190555 0.03950410553218109 0.04692213331939504
0.0 0.5588648678915829 0.5241332775038101 0.025530745995257065 0.029250831572128377
0.0 0.5429540840525497 0.5763987684643614 0.07254015944812453 0.08454186410684073
0.0 0.5100250122234151 0.6199568925331542 0.027566252772998623 0.03188420924615287
0.0 0.585752742907129 0.6295314071779207 0.10897427913592683 0.1329776884533591
0.0 0.668102592015058 0.6686090932509505 0.06204565458318334 0.07189945268858688
0.0 0.671321910912955 0.7182562285220186 0.06785136172019857 0.07916662201651581
0.0 0.7317148588611111 0.7779664418706962 0.03364437057946823 0.03670015516046987
0.0 0.8693202911309732 0.7516626841166193 0.034850400602116305 0.042445575321562234
0.0 0.6552250636000472 0.49505211490700807 0.04062492797456552 0.043414992157218946
