0.0 0.032625 0.5256666666666666 0.04425 0.0653333333333333
0.0 0.054375 0.5738333333333333 0.01475 0.02633333333333332
0.0 0.10625 0.572 0.024999999999999994 0.05466666666666664
0.0 0.13537499999999997 0.6745 0.04324999999999998 0.09099999999999997
0.0 0.17262499999999997 0.6295 0.04324999999999998 0.04033333333333333
0.0 0.23575000000000002 0.657 0.04450000000000001 0.14733333333333332
0.0 0.2879999999999999 0.6333333333333333 0.065 0.09333333333333338
0.0 0.439875 0.6055 0.01974999999999999 0.022333333333333316
0.0 0.44525 0.47516666666666674 0.029000000000000026 0.03366666666666668
0.0 0.57125 0.6073333333333333 0.02100000000000002 0.038000000000000034
0.0 0.594625 0.5876666666666666 0.011249999999999982 0.013333333333333308
0.0 0.55175 0.5405 0.012499999999999956 0.02633333333333332
0.0 0.566875 0.5218333333333334 0.012249999999999983 0.021666666666666612
0.0 0.625875 0.5211666666666668 0.012750000000000039 0.02100000000000002
0.0 0.6468750000000001 0.5466666666666666 0.007750000000000035 0.02400000000000002
0.0 0.65925 0.6328333333333334 0.03600000000000003 0.119
0.0 0.6223749999999999 0.6171666666666666 0.00824999999999998 0.06366666666666665
0.0 0.768375 0.598 0.042749999999999955 0.05666666666666664
0.0 0.7991250000000001 0.6571666666666667 0.04625000000000001 0.07699999999999996
0.0 0.8034999999999999 0.6073333333333333 0.019499999999999962 0.02200000000000002
0.0 0.873375 0.5871666666666666 0.06874999999999998 0.09633333333333338
0.0 0.935375 0.5926666666666667 0.031749999999999945 0.03733333333333333
0.0 0.91925 0.7106666666666666 0.014499999999999957 0.019333333333333313
0.0 0.32775 0.45799999999999996 0.008500000000000008 0.016666666666666663
