0.0 0.975125 0.32466666666666666 0.04974999999999996 0.07866666666666666
0.0 0.91925 0.3691666666666667 0.03950000000000009 0.07366666666666666
0.0 0.9123749999999999 0.21100000000000002 0.07324999999999993 0.09599999999999997
0.0 0.816375 0.3208333333333333 0.04774999999999996 0.08699999999999997
0.0 0.7902500000000001 0.3923333333333333 0.021499999999999964 0.04800000000000004
0.0 0.88225 0.30500000000000005 0.034499999999999975 0.048666666666666636
0.0 0.5369999999999999 0.30600000000000005 0.09350000000000003 0.09866666666666668
0.0 0.550125 0.38716666666666666 0.058250000000000135 0.06233333333333335
0.0 0.6205 0.41816666666666663 0.031000000000000028 0.02100000000000002
0.0 0.71875 0.46366666666666667 0.03699999999999992 0.03266666666666662
0.0 0.4582500000000001 0.2694999999999999 0.03749999999999998 0.1276666666666667
0.0 0.44425000000000003 0.36300000000000004 0.02400000000000002 0.07199999999999995
0.0 0.4785 0.3311666666666667 0.02100000000000002 0.05033333333333334
0.0 0.48450000000000004 0.4685 0.04600000000000004 0.03433333333333333
0.0 0.3862499999999999 0.3936666666666667 0.03500000000000003 0.058666666666666645
0.0 0.370125 0.3515000000000001 0.05425000000000002 0.025666666666666615
0.0 0.3834999999999999 0.312 0.031000000000000028 0.055333333333333345
0.0 0.34787500000000005 0.32949999999999996 0.022750000000000048 0.025000000000000022
0.0 0.31975000000000003 0.614 0.03749999999999998 0.058666666666666645
0.0 0.34475000000000006 0.5886666666666667 0.03749999999999998 0.03799999999999992
0.0 0.07387500000000008 0.42300000000000004 0.032749999999999946 0.04266666666666663
0.0 0.07600000000000001 0.2696666666666668 0.04349999999999998 0.029333333333333322
0.0 0.0407499999999999 0.33616666666666667 0.04300000000000004 0.047666666666666635
