0.0 0.2561080402179152 0.8104831547848256 0.05688820116169796 0.06488698414630778
0.0 0.27577468224364254 0.7845674009158196 0.030956615899639217 0.0338540078785845
0.0 0.3078425944631566 0.8084811847033851 0.0361539434536452 0.045638568478739705
0.0 0.3183001354255689 0.7837260009861629 0.047028116603170134 0.04873683494972758
0.0 0.3710533545117376 0.7630566630213682 0.07907155340198502 0.07795717187162154
0.0 0.366670223623913 0.7106036975537855 0.045536172896111504 0.04249019671311771
0.0 0.41644711362477804 0.7372394911933821 0.02450779761324884 0.027405189592194068
0.0 0.452242665741377 0.734904079290607 0.023279325639323667 0.020035237184265142
0.0 0.4677090829578061 0.7552191624504748 0.024570614713245176 0.023258120910816915
0.0 0.4691509317609841 0.7171529978541524 0.05183252468244115 0.06510604691077171
0.0 0.4870154268756829 0.6914445431342737 0.02903500520959512 0.02749963510109421
0.0 0.47063569849338993 0.6597419038153024 0.05839706196064198 0.05069544738412923
0.0 0.47165862698449035 0.6055633888522812 0.07298958499858355 0.07576315680748857
0.0 0.5613155749194422 0.6315405719134475 0.03714272516121775 0.04239270037093057
0.0 0.6066791382993706 0.5661862078972779 0.037042397844649244 0.04088082311590158
0.0 0.6504563948134385 0.5993343824429822 0.034892537513078414 0.03840903034222587
0.0 0.5936483091977831 0.5127028483506326 0.06373680329771914 0.07545019138354064
0.0 0.5660678062330783 0.4602248302357327 0.04061757124167342 0.04891352263438009
0.0 0.5833375831774223 0.4359922507823533 0.026294621603439206 0.030454979316796527
0.0 0.6255788339927212 0.4739647841439 0.07465153749710285 0.08807364392948197
0.0 0.6521334263874425 0.5241407812290785 0.028378614001726477 0.03320760063330197
0.0 0.6944540987948657 0.4570100512803173 0.11189992893314138 0.1387441417978995
0.0 0.7674809501646679 0.3966146301095391 0.06386853916428592 0.07488853429788117
0.0 0.815667857266871 0.4154138026138638 0.069822585242729 0.08247700662085777
0.0 0.8984766531743662 0.38477640850215455 0.034727104971548184 0.0381445416646633
0.0 0.9342076876833754 0.24357512008610047 0.0357893816956214 0.044283445360392804
0.0 0.5983147734073673 0.3324256459496835 0.04196938929062621 0.04508965757564426
