0.0 0.38733258838113005 0.03445480202404408 0.06977163092700289 0.05817445354610795
0.0 0.43541427414431677 0.038262475607735796 0.027169595632356325 0.020798023869730176
0.0 0.44985631568655726 0.08337961700257604 0.0546674374102924 0.0383488795146459
0.0 0.5468774032245349 0.07674550599005422 0.09150582984177891 0.06524028581311185
0.0 0.5197317023121104 0.12263027716495684 0.04799247112348615 0.049596823725586214
0.0 0.562839154463981 0.16835236061927156 0.14027175488269805 0.08370686599722663
0.0 0.5586461558667499 0.22053265527260524 0.10022510229072046 0.08463996272746252
0.0 0.5816342279762988 0.35955899178793793 0.025278093176391625 0.023857095157388597
0.0 0.47136138302438335 0.4044158772192209 0.03786730547475203 0.03530034131139187
0.0 0.6237710896091717 0.47181993562587077 0.03911882240394415 0.029767738665989363
0.0 0.6140981265467271 0.4979668997264253 0.014924349961748073 0.013778383817390716
0.0 0.5603528596411587 0.47570797946487575 0.026474902414653556 0.018865687216121696
0.0 0.5489915044042974 0.49446095662766504 0.02238990492372095 0.0172101379512265
0.0 0.5666353601415044 0.5453369527941971 0.02197173700066002 0.017433711069005375
0.0 0.5950189789142907 0.5554989050939126 0.023004423166131938 0.014065887240145791
0.0 0.6728411286424361 0.5395225793885916 0.11331423005186392 0.06765893886067309
0.0 0.6480010901345918 0.5126908518221611 0.05722517895960655 0.026742479519704987
0.0 0.6766183155821868 0.6439957872737729 0.06186542759759828 0.054210373753292074
0.0 0.7369257534116027 0.6521365295186856 0.08040865939848563 0.06349419910777343
0.0 0.6954788673031421 0.6712800190927821 0.02491463294426044 0.0235394735710317
0.0 0.6997334892613056 0.7375163169718442 0.10395937319170279 0.08878678144041341
0.0 0.7235996364134872 0.7890647880057804 0.04186536802819485 0.03879417876131752
0.0 0.8199613239647479 0.7387835754598494 0.021080693463607636 0.01842205200869884
0.0 0.42033994644645645 0.30880521504362457 0.016938001441753503 0.01244581415587337
