0.0 0.975125 0.6753333333333333 0.04974999999999996 0.07866666666666666
0.0 0.91925 0.6308333333333334 0.03950000000000009 0.07366666666666666
0.0 0.9123749999999999 0.7889999999999999 0.07324999999999993 0.09599999999999997
0.0 0.816375 0.6791666666666667 0.04774999999999996 0.08699999999999997
0.0 0.7902500000000001 0.6076666666666667 0.021499999999999964 0.04800000000000004
0.0 0.88225 0.695 0.034499999999999975 0.048666666666666636
0.0 0.5369999999999999 0.694 0.09350000000000003 0.09866666666666668
0.0 0.550125 0.6128333333333333 0.058250000000000135 0.06233333333333335
0.0 0.6205 0.5818333333333334 0.031000000000000028 0.02100000000000002
0.0 0.71875 0.5363333333333333 0.03699999999999992 0.03266666666666662
0.0 0.4582500000000001 0.7305000000000001 0.03749999999999998 0.1276666666666667
0.0 0.44425000000000003 0.637 0.02400000000000002 0.07199999999999995
0.0 0.4785 0.6688333333333333 0.02100000000000002 0.05033333333333334
0.0 0.48450000000000004 0.5315 0.04600000000000004 0.03433333333333333
0.0 0.3862499999999999 0.6063333333333333 0.03500000000000003 0.058666666666666645
0.0 0.370125 0.6484999999999999 0.05425000000000002 0.025666666666666615
0.0 0.3834999999999999 0.688 0.031000000000000028 0.055333333333333345
0.0 0.34787500000000005 0.6705000000000001 0.022750000000000048 0.025000000000000022
0.0 0.31975000000000003 0.386 0.03749999999999998 0.058666666666666645
0.0 0.34475000000000006 0.41133333333333333 0.03749999999999998 0.03799999999999998
0.0 0.07387500000000008 0.577 0.032749999999999946 0.04266666666666663
0.0 0.07600000000000001 0.7303333333333333 0.04349999999999998 0.029333333333333322
0.0 0.0407499999999999 0.6638333333333333 0.04300000000000004 0.047666666666666635
