0.0 0.05587500000000001 0.6263333333333333 0.03375000000000001 0.06066666666666665
0.0 0.08837500000000001 0.614 0.020250000000000004 0.030000000000000027
0.0 0.103875 0.6538333333333333 0.01575 0.047666666666666635
0.0 0.127375 0.6373333333333333 0.03425 0.040000000000000036
0.0 0.186875 0.6485 0.06275 0.05899999999999994
0.0 0.212625 0.5985 0.03925000000000001 0.029000000000000026
0.0 0.24262500000000004 0.6508333333333334 0.015250000000000014 0.025000000000000022
0.0 0.276375 0.669 0.022249999999999992 0.011333333333333306
0.0 0.278875 0.6961666666666667 0.02074999999999999 0.01633333333333331
0.0 0.30175 0.6624999999999999 0.02300000000000002 0.06766666666666665
0.0 0.3325 0.6493333333333333 0.024500000000000022 0.019333333333333313
0.0 0.335625 0.6113333333333333 0.05525000000000002 0.029333333333333322
0.0 0.36724999999999997 0.5628333333333333 0.05299999999999999 0.06233333333333335
0.0 0.43375 0.6371666666666667 0.02200000000000002 0.03966666666666663
0.0 0.511875 0.6036666666666667 0.023749999999999993 0.036666666666666625
0.0 0.53275 0.6585 0.022499999999999964 0.03433333333333333
0.0 0.530375 0.5478333333333332 0.03425 0.07366666666666666
0.0 0.535125 0.4846666666666667 0.020750000000000046 0.048666666666666636
0.0 0.5645 0.4725 0.015000000000000013 0.029000000000000026
0.0 0.58125 0.5308333333333334 0.04049999999999998 0.08566666666666672
0.0 0.576875 0.5913333333333334 0.015750000000000042 0.03200000000000003
0.0 0.65325 0.5545 0.052000000000000046 0.14233333333333337
0.0 0.753625 0.5411666666666667 0.035250000000000004 0.07233333333333336
0.0 0.786625 0.5855 0.03774999999999995 0.08033333333333337
0.0 0.879 0.6046666666666667 0.022499999999999964 0.03400000000000003
0.0 0.991375 0.497 0.016750000000000043 0.04533333333333339
0.0 0.63675 0.38716666666666666 0.02849999999999997 0.03899999999999998
