0.0 0.26469317597401953 0.05221332494844391 0.08893139765735208 0.08958485731114835
0.0 0.31632195367255467 0.04048757702141062 0.033283805502257235 0.03364282088517295
0.0 0.3462023803825505 0.08304482477300915 0.06443057297884403 0.06535006561422535
0.0 0.44570121235067756 0.04971299110296956 0.10860970583716167 0.09942598220593912
0.0 0.4322532492826901 0.1013359641922027 0.06812573351736229 0.06803533396051298
0.0 0.49236954271446987 0.1351576764846333 0.15465901572968127 0.1578462458197391
0.0 0.5050311660405101 0.19120728260948172 0.12852703219487194 0.12940519931855077
0.0 0.5745616114910054 0.32937752638219814 0.034237801940611545 0.03431787011953513
0.0 0.47366974655692007 0.41242580089297964 0.05097111143296629 0.051115750723925046
0.0 0.6554094269093598 0.4332417508859273 0.047793397208028665 0.048320297482236096
0.0 0.6538195244376658 0.46380250036746884 0.01999140083778772 0.020055971949822782
0.0 0.5902250570108575 0.45804458202698684 0.03141626071995218 0.0318450129038661
0.0 0.5844491434870294 0.4814091220229361 0.02747996881994863 0.027771830246347773
0.0 0.6195670260012767 0.5289544736799614 0.02736229492525888 0.027617996528918276
0.0 0.6526313677595642 0.5303257192084142 0.02560927271743485 0.026112927391309437
0.0 0.7289583101279447 0.48814772296885156 0.12496478308377601 0.12753729618725873
0.0 0.6941586357642354 0.4681501822899736 0.05771897152469063 0.059436563104827256
0.0 0.7670640207529323 0.596389343309007 0.0807614778004111 0.0811928128288062
0.0 0.8329203039028386 0.5852081115450629 0.09991340477432553 0.10086647438796503
0.0 0.7957457665235991 0.6188154858452712 0.03376395504164331 0.033841440376085496
0.0 0.8218538314343915 0.6868330570508887 0.134036684140456 0.1348916056638021
0.0 0.8637117801894366 0.7330492968769426 0.05618342732161685 0.05635647790187126
0.0 0.948253339926457 0.6488638736231229 0.027483120140157413 0.027632925120078977
0.0 0.3889541282369694 0.3289131778818057 0.02037226533542502 0.020625384094603016
