0.0 0.9693513033053629 0.40157984608603564 0.0612973933892742 0.15007309349740916
0.0 0.9550451247001296 0.447664223143483 0.06876353229324006 0.09049105710432381
0.0 0.9222242025670473 0.3952654563376342 0.05522048349955355 0.06670320289873155
0.0 0.8806176548445636 0.4280867488028833 0.06702355635195256 0.07129222527358003
0.0 0.850050444946929 0.37114161467734597 0.04160685108097395 0.05471166467037025
0.0 0.8317785726810059 0.39487153368628974 0.05996076543311313 0.08984144788450543
0.0 0.859693734092498 0.4774465104639819 0.06393254153503114 0.08945918168636369
0.0 0.8951299036421163 0.5086045492135265 0.04012937529100036 0.0472153657009019
0.0 0.8111032117170588 0.4479317486849106 0.07722187677407866 0.09399774563607455
0.0 0.5586437551988666 0.5577890023340639 0.06693539953371008 0.09818205604002295
0.0 0.5200013994808418 0.5340439004067878 0.025107720129885047 0.037828353516334845
0.0 0.5184595882702745 0.4555721769940777 0.031654588194267586 0.036905050967869446
0.0 0.46467643295045447 0.506176569115586 0.04406713558367514 0.05512298809069027
0.0 0.4465743739651357 0.5568401112269257 0.07040116995530132 0.08598181151924145
0.0 0.4916807955393072 0.627542717259372 0.07275430301745894 0.10169587830609328
0.0 0.34066738402422997 0.5683629567972908 0.056451901754107636 0.0693005952082063
0.0 0.40608887241873765 0.6082140829298613 0.10128612174047258 0.12126349229368905
0.0 0.3710113955384682 0.6223578107628254 0.03155877535680529 0.04944449813842433
0.0 0.3453785803335973 0.6438108579835831 0.062192565593743865 0.07026034985561991
0.0 0.330192112181463 0.7204612841150015 0.12226813848661999 0.15914943796948122
0.0 0.23985138069915407 0.7943798342926622 0.12127654317721759 0.1737811709132353
0.0 0.29929820626130005 0.8163567738548665 0.07335612153524851 0.10097440945817804
0.0 0.26124076432615173 0.7423551533292856 0.0553542855816172 0.07733793052799853
0.0 0.23439459513462713 0.6895743540829573 0.041022605756533936 0.040339618729073545
0.0 0.1896296514322462 0.8115612760554838 0.08503560033120994 0.11406254899827672
0.0 0.15832623992409373 0.878910871868647 0.11350817403241098 0.14266318276712653
