0.0 0.8947061397045468 0.5564742864048473 0.05748073951966237 0.07031660313458643
0.0 0.8616634658180321 0.5527160706118831 0.0316830925250744 0.03633261587784875
0.0 0.8659433565686641 0.5120493977294425 0.035308584288466505 0.05052881885353122
0.0 0.8387274746417723 0.5157793517056836 0.04887939813567954 0.051621424728341525
0.0 0.7930261222285686 0.4802027246951102 0.08329127839044126 0.08150300017783574
0.0 0.7492126820657207 0.5114333054842932 0.04863375234826739 0.043745791900479
0.0 0.7466416309261119 0.4537813248308048 0.024915360345679205 0.029564883698453448
0.0 0.7259052653899609 0.4235393699519304 0.025331238856373006 0.020125362281899095
0.0 0.7356875099317104 0.39934222644266415 0.026150104001569807 0.024043909662278873
0.0 0.7014783295940297 0.41794389650678354 0.050710581515889475 0.07201096200381296
0.0 0.6695584963634849 0.4156613978615141 0.030897151043922322 0.028433301062110283
0.0 0.6502443651951603 0.4466050768028026 0.06342322939650025 0.051064239971604364
0.0 0.6020925952420452 0.473984900791163 0.07582909824889517 0.08027992402249107
0.0 0.5781269915600015 0.381625847830909 0.037521959761022794 0.04594673711818653
0.0 0.4970087690130706 0.37586772131688123 0.037808569439915174 0.043968194394445326
0.0 0.5032930449924742 0.32008967098736213 0.03564177226189702 0.041284783510563305
0.0 0.4568034398465619 0.4152366415253006 0.06363671427417028 0.08243350526444604
0.0 0.4250760231660913 0.466868618030607 0.040322971976159916 0.053635709781112206
0.0 0.3947637637972212 0.4643384768352698 0.02643990225914261 0.03311614091953652
0.0 0.4060899294231113 0.4073923214960021 0.07461681220523592 0.09615562978817349
0.0 0.4363295667561219 0.3578635815288393 0.028441318362634194 0.03619052395059141
0.0 0.35523834455784753 0.355707058960232 0.10998077776997878 0.15305841293585387
0.0 0.26403950799015485 0.32304713354279213 0.0639674764232232 0.08165156097010007
0.0 0.25541070370987135 0.2708829822732496 0.06976219118901095 0.09006908378104253
0.0 0.1852606288899786 0.21409321746877943 0.03549566022092193 0.04097971340624551
0.0 0.04252117601497274 0.25639547406838203 0.035174314479116064 0.04882082359696757
0.0 0.295920952853309 0.5052322946496084 0.04317860271327084 0.048185781708566355
