0.0 0.944125 0.3736666666666667 0.03374999999999995 0.06066666666666665
0.0 0.9116249999999999 0.386 0.02024999999999999 0.030000000000000027
0.0 0.8961250000000001 0.3461666666666667 0.015750000000000042 0.047666666666666635
0.0 0.872625 0.3626666666666667 0.03425 0.040000000000000036
0.0 0.813125 0.35150000000000003 0.06275000000000008 0.05899999999999994
0.0 0.7873749999999999 0.4014999999999999 0.03925000000000001 0.029000000000000026
0.0 0.7573749999999999 0.34916666666666657 0.015250000000000097 0.025000000000000022
0.0 0.723625 0.331 0.022249999999999992 0.011333333333333306
0.0 0.721125 0.3038333333333333 0.020750000000000046 0.01633333333333331
0.0 0.69825 0.3375000000000001 0.02300000000000002 0.06766666666666665
0.0 0.6675 0.35066666666666674 0.024500000000000077 0.019333333333333313
0.0 0.6643749999999999 0.38866666666666677 0.05525000000000002 0.029333333333333322
0.0 0.6327499999999999 0.4371666666666667 0.05300000000000005 0.06233333333333335
0.0 0.56625 0.3628333333333334 0.02200000000000002 0.03966666666666663
0.0 0.48812500000000003 0.3963333333333333 0.023749999999999938 0.036666666666666625
0.0 0.46725000000000005 0.3415 0.022499999999999964 0.03433333333333333
0.0 0.469625 0.45216666666666677 0.03425 0.07366666666666666
0.0 0.46487500000000004 0.5153333333333333 0.020750000000000046 0.048666666666666636
0.0 0.43549999999999994 0.5275000000000001 0.015000000000000013 0.029000000000000026
0.0 0.41874999999999996 0.4691666666666666 0.04049999999999998 0.08566666666666678
0.0 0.4231249999999999 0.4086666666666666 0.015750000000000042 0.03200000000000003
0.0 0.34675 0.44549999999999995 0.052000000000000046 0.1423333333333333
0.0 0.246375 0.4588333333333333 0.035250000000000004 0.07233333333333336
0.0 0.21337499999999998 0.4145 0.03774999999999995 0.08033333333333337
0.0 0.121 0.3953333333333333 0.022499999999999964 0.03400000000000003
0.0 0.008624999999999994 0.503 0.016750000000000043 0.04533333333333345
0.0 0.36324999999999996 0.6128333333333333 0.02849999999999997 0.039000000000000035
