0.0 0.024875 0.6753333333333333 0.04975 0.07866666666666666
0.0 0.08075 0.6308333333333334 0.03950000000000001 0.07366666666666666
0.0 0.087625 0.7889999999999999 0.07325000000000001 0.09599999999999997
0.0 0.183625 0.6791666666666667 0.047750000000000015 0.08699999999999997
0.0 0.20975 0.6076666666666667 0.02149999999999999 0.04800000000000004
0.0 0.11775 0.695 0.03450000000000002 0.048666666666666636
0.0 0.463 0.694 0.09350000000000003 0.09866666666666668
0.0 0.449875 0.6128333333333333 0.058250000000000024 0.06233333333333335
0.0 0.3795 0.5818333333333334 0.031000000000000028 0.02100000000000002
0.0 0.28125 0.5363333333333333 0.03699999999999998 0.03266666666666662
0.0 0.54175 0.7305000000000001 0.03749999999999998 0.1276666666666667
0.0 0.55575 0.637 0.02400000000000002 0.07199999999999995
0.0 0.5215000000000001 0.6688333333333333 0.02100000000000002 0.05033333333333334
0.0 0.5155 0.5315 0.04600000000000004 0.03433333333333333
0.0 0.61375 0.6063333333333333 0.03500000000000003 0.058666666666666645
0.0 0.629875 0.6484999999999999 0.05425000000000002 0.025666666666666615
0.0 0.6165 0.688 0.031000000000000028 0.055333333333333345
0.0 0.652125 0.6705000000000001 0.022750000000000048 0.025000000000000022
0.0 0.68025 0.386 0.03749999999999998 0.058666666666666645
0.0 0.6552499999999999 0.41133333333333333 0.03749999999999998 0.03799999999999998
0.0 0.9261249999999999 0.577 0.032749999999999946 0.04266666666666663
0.0 0.9239999999999999 0.7303333333333333 0.04349999999999998 0.029333333333333322
0.0 0.9592500000000002 0.6638333333333333 0.04300000000000004 0.047666666666666635
