0.0 0.9414731243798817 0.830293083854275 0.11705375124023654 0.1491598802065095
0.0 0.8803245412673381 0.8254998690889783 0.07078335510119005 0.08964044022675965
0.0 0.9000744042861338 0.7659373007127532 0.056426544915243904 0.06639227359653743
0.0 0.8474924648848663 0.7546280482939373 0.06781326420149802 0.07151799605328013
0.0 0.8722557554823387 0.6938872558106894 0.042826067275809176 0.054199594060779344
0.0 0.8418779645980277 0.6949468387623317 0.06248444969479394 0.08841757265726713
0.0 0.7953546342182054 0.7701921155329127 0.06618179451690309 0.08833609099055884
0.0 0.7939083706741412 0.8180605055302318 0.04091807428706451 0.047067929161022315
0.0 0.7870068662548287 0.7130989279986273 0.07895853816755793 0.09351813434506084
0.0 0.53778704598302 0.5867164915258182 0.06960553399669744 0.09672417115174059
0.0 0.5313618920385312 0.5411356484603107 0.026179016536525546 0.037219117454835526
0.0 0.5917356853301676 0.48917060139794766 0.032253083045232 0.03680990322292371
0.0 0.5173695452709117 0.47984122770401205 0.045161548182397204 0.054756803678512045
0.0 0.46603736879534974 0.49845556155767257 0.07200441677231262 0.08552668803131641
0.0 0.439919295253624 0.5794661550186224 0.07530643369869938 0.10042451565378041
0.0 0.38851993126911216 0.4230814203583 0.05776224816850595 0.06891349104236932
0.0 0.39967090894361895 0.5000238080354616 0.10342268528425591 0.12076083035059498
0.0 0.3659196183993154 0.4817392730256922 0.03303757604062291 0.048560402499588984
0.0 0.33256111515841036 0.4755692263972785 0.06321170361721135 0.07021364681707903
0.0 0.262791077129283 0.5132733312232485 0.12573739409201443 0.15774627729140983
0.0 0.1465442446183088 0.4904337362560701 0.1258278747985152 0.17139607657543215
0.0 0.16780955847673912 0.5511415931641954 0.07582040274980231 0.09979001783083108
0.0 0.20106733692375225 0.4735099018323192 0.05729351947065359 0.0763728885073301
0.0 0.22498073287018588 0.41837294731995983 0.04127616097601852 0.04068340387973346
0.0 0.10062120098665683 0.4622701323604884 0.08768384988039113 0.11287602647250788
0.0 0.042943571351334725 0.48135329185612663 0.08588714270266945 0.14167770953572106
