0.0 0.9673750000000001 0.47433333333333344 0.04425000000000001 0.06533333333333335
0.0 0.9456249999999999 0.4261666666666667 0.01474999999999993 0.02633333333333332
0.0 0.89375 0.42800000000000005 0.025000000000000022 0.05466666666666664
0.0 0.864625 0.3255 0.04325000000000001 0.09099999999999997
0.0 0.827375 0.37050000000000005 0.04325000000000001 0.04033333333333333
0.0 0.76425 0.34299999999999997 0.044499999999999984 0.14733333333333332
0.0 0.712 0.36666666666666664 0.06500000000000006 0.09333333333333338
0.0 0.560125 0.39449999999999996 0.019750000000000045 0.022333333333333316
0.0 0.5547500000000001 0.5248333333333333 0.029000000000000026 0.03366666666666662
0.0 0.4287499999999999 0.3926666666666667 0.02100000000000002 0.038000000000000034
0.0 0.40537500000000004 0.4123333333333334 0.011249999999999982 0.013333333333333308
0.0 0.44825000000000004 0.4595 0.012499999999999956 0.02633333333333332
0.0 0.43312500000000004 0.4781666666666667 0.012249999999999983 0.021666666666666612
0.0 0.37412500000000004 0.4788333333333333 0.012750000000000039 0.02100000000000002
0.0 0.35312499999999997 0.45333333333333337 0.007750000000000035 0.02400000000000002
0.0 0.34075 0.36716666666666664 0.03600000000000003 0.119
0.0 0.37762500000000004 0.3828333333333334 0.00824999999999998 0.06366666666666665
0.0 0.23162500000000003 0.402 0.042749999999999955 0.05666666666666664
0.0 0.20087499999999997 0.3428333333333333 0.04625000000000001 0.07699999999999996
0.0 0.19650000000000006 0.3926666666666667 0.019499999999999962 0.02200000000000002
0.0 0.12662500000000004 0.4128333333333334 0.06874999999999998 0.09633333333333338
0.0 0.06462500000000004 0.4073333333333334 0.031749999999999945 0.03733333333333333
0.0 0.08074999999999999 0.2893333333333334 0.014499999999999957 0.019333333333333313
0.0 0.67225 0.542 0.008500000000000063 0.016666666666666607
