0.0 0.3559885363452143 0.984223158053227 0.14573776731706828 0.03155368389354596
0.0 0.40869360041619107 0.9800457177485355 0.08706599482522881 0.0399085645029289
0.0 0.3630066532231513 0.9556616073924463 0.06503301537032463 0.057794219646401634
0.0 0.40227255123790095 0.9205425151783526 0.07101590522454232 0.06832490309668993
0.0 0.35174772257302234 0.8808563502800019 0.05264684341270326 0.04438546688019618
0.0 0.3781141128007419 0.8670293441058361 0.08487468911624763 0.0660376742212807
0.0 0.4541900952210487 0.9085089613867003 0.08531033350233924 0.06921814077778166
0.0 0.4786300342195977 0.9485455465754815 0.04622954823432662 0.04176248470209165
0.0 0.43361258015630855 0.8558730629112948 0.09153206516206175 0.08095642679960169
0.0 0.5844312157706273 0.6274819493802264 0.0930196194675682 0.07332148389168847
0.0 0.5677992737930837 0.5855756757769214 0.035710832433894724 0.02769164609289443
0.0 0.4912235039701166 0.5706238473848153 0.03618882581038796 0.03287889319312942
0.0 0.5499885298076619 0.5266275801854359 0.053447447279055704 0.04647775176791802
0.0 0.6026993613541924 0.5175805421579988 0.08368202891613807 0.07385987114947651
0.0 0.6642050275281246 0.5738602040615068 0.09699399311841816 0.07874899869157881
0.0 0.6321242822976796 0.4158497657635941 0.06739216821349714 0.05929225180866127
0.0 0.6599400964886419 0.4867372276399372 0.11839638419954313 0.10580249424119376
0.0 0.6797984163161443 0.45481199552635104 0.04643943459343658 0.0351641356777348
0.0 0.7051962006605788 0.43338709503966394 0.06926024390165286 0.06417424988001175
0.0 0.7828540749112884 0.4316465285386186 0.15337667814194977 0.13012641975730477
0.0 0.8707106874791776 0.35584658896963106 0.1651718228268455 0.13207249665426074
0.0 0.8820474644553651 0.4178218136560999 0.09651661927289135 0.07910583550568617
0.0 0.816103908977287 0.3678794298142081 0.07376711440147199 0.059908453443032084
0.0 0.7690194082868738 0.33255026927342607 0.040767310512487054 0.041197870852943685
0.0 0.8961377370354902 0.30961238938841773 0.10943621737593123 0.09113740290653477
0.0 0.949168334406462 0.2904968191364705 0.10166333118707604 0.11984511986822749
